pikupiza	246,172	160,234	172,248
fazukadu	31,110	190,61	460,231
mopimi	328,216	18,226	304,265
puku	39,302	463,202	185,440
dufifo	131,490	444,33	210,357
moki	315,390	22,43	340,67
zifaku	468,442	13,270	395,382
kokimo	279,350	20,383	430,111
kupupozi	219,389	300,206	93,11
kufa	202,336	426,224	456,50
kuzoki	157,340	242,346	115,263
kodafu	30,380	271,193	393,56
mifoda	103,72	351,476	407,45
fadimipo	136,467	272,288	467,152
zukadoma	361,178	282,383	69,162
pafazamu	181,236	95,18	113,402
dadi	258,320	70,238	403,61
pamidufi	187,171	350,229	225,219
pupimoku	166,333	257,124	446,459
dopi	227,52	317,145	67,263
kafikupi	200,117	376,151	64,416
fopufi	132,128	276,374	209,103
fopomado	261,225	325,38	120,75
kifo	55,288	357,334	407,262
fomipa	104,212	64,422	401,125
mamo	14,249	247,88	468,355
fami	255,60	231,133	460,489
kiki	378,250	263,140	388,191
midiza	26,183	144,166	464,253
kizipo	413,377	313,422	477,414
modokafa	344,405	474,183	73,311
dudi	421,340	32,212	338,44
kuzuma	359,206	169,457	56,344
difa	243,330	447,177	394,218
puko	98,104	23,469	196,326
pimuza	44,351	394,240	380,122
dofa	23,231	247,348	421,79
pudapama	372,453	75,432	207,161
zakoza	337,274	257,434	212,379
dumuzapa	240,481	72,275	252,323
pozokizo	455,16	404,164	425,32
pukamiko	98,279	448,469	95,485
dodopifa	426,45	237,381	254,344
fipidozo	472,276	148,390	94,445
zimapa	189,32	317,297	311,152
kukodo	42,262	224,193	281,34
pizu	321,232	132,332	349,101
kodu	366,14	390,215	388,451