mika	391,330	49,116	390,253	14:19:53
mika	454,393	253,64	168,68	14:19:56
mika	306,69	162,419	438,151	14:19:59
mika	50,227	391,320	179,426	14:20:02
mika	396,24	466,459	165,386	14:20:05
mika	226,65	225,265	170,124	14:20:08
mika	27,134	26,270	187,183	14:20:10
mika	327,482	242,478	411,190	14:20:13
mika	138,450	406,39	280,95	14:20:15
mika	454,186	108,429	154,263	14:20:18
mika	325,370	317,59	144,477	14:20:21
mika	172,161	120,188	420,296	14:20:23
mika	361,257	288,112	244,209	14:20:26
mika	291,372	169,207	401,438	14:20:28
mika	292,364	133,390	303,277	14:20:31
mika	162,137	156,469	186,290	14:20:33
mika	455,347	441,85	44,371	14:20:36
mika	371,395	137,169	16,371	14:20:38
mika	367,297	253,45	14,163	14:20:41
mika	473,296	37,115	195,330	14:20:43
mika	382,346	456,48	325,152	14:20:46
mika	328,289	488,279	364,42	14:20:49
mika	159,245	426,286	403,432	14:20:51
mika	167,280	238,409	315,242	14:20:54
mika	82,297	47,108	402,232	14:20:56
mika	427,293	87,393	331,402	14:20:59
mika	116,114	317,283	488,348	14:21:01
mika	343,393	175,485	227,155	14:21:04
mika	382,392	329,362	451,283	14:21:06
mika	200,179	206,215	436,190	14:21:09
mika	322,42	332,323	234,150	14:21:11
mika	270,339	254,96	132,251	14:21:14
mika	434,464	154,118	459,370	14:21:16
mika	263,351	272,101	223,232	14:21:20
mika	374,412	401,89	137,347	14:21:23
mika	269,449	378,110	282,122	14:21:30
mika	250,61	450,13	147,91	14:21:33
mika	254,90	65,397	198,34	14:21:35
mika	277,451	375,58	62,107	14:21:37
mika	280,425	29,190	24,155	14:21:41
mika	46,283	113,414	382,385	14:21:43
mika	45,142	435,485	145,92	14:21:45
mika	86,388	172,141	295,360	14:21:48
mika	164,81	320,48	129,371	14:21:51
mika	145,399	306,163	98,320	14:21:53
mika	308,133	112,410	57,484	14:21:56
mika	305,92	136,250	86,270	14:21:58
mika	331,162	167,12	292,452	14:22:00