mika	391,41	216,359	395,193	14:20:22	11
mika	486,420	466,135	48,26	14:21:02	27
mika	77,378	218,284	101,337	14:19:58	2
mika	17,46	151,56	365,187	14:21:00	26
mika	451,398	119,210	123,346	14:21:44	41
mika	480,200	18,58	163,93	14:21:42	40
mika	115,72	67,147	76,253	14:20:53	23
mika	23,28	369,459	24,30	14:21:39	39
mika	154,238	467,70	310,310	14:22:01	48
mika	47,391	148,373	38,126	14:20:30	14
mika	281,293	134,442	28,68	14:21:08	29
mika	196,412	444,339	304,208	14:21:21	34
mika	14,381	248,59	194,65	14:21:34	37
mika	302,153	253,50	22,320	14:21:52	44
mika	254,421	291,307	450,150	14:20:50	22
mika	76,358	489,417	96,438	14:21:47	42
mika	94,322	203,172	357,266	14:20:37	17
mika	472,215	100,255	419,377	14:20:09	6
mika	83,486	84,230	32,399	14:21:12	31
mika	35,425	89,233	175,236	14:20:14	8
mika	44,216	18,283	221,415	14:20:58	25
mika	264,426	482,179	18,329	14:21:05	28
mika	50,230	454,95	53,165	14:21:10	30
mika	67,215	473,407	217,122	14:20:45	20
mika	428,58	228,125	188,159	14:21:36	38
mika	27,166	224,232	336,184	14:21:57	46
mika	436,397	257,297	167,38	14:21:15	32
mika	237,152	242,200	252,74	14:20:04	4
mika	348,115	438,274	26,142	14:21:31	36
mika	163,62	52,204	431,228	14:21:18	33
mika	361,351	363,67	427,305	14:20:40	18
mika	434,46	256,333	263,59	14:21:54	45
mika	328,478	105,100	94,196	14:20:42	19
mika	43,236	379,412	248,230	14:20:06	5
mika	347,119	193,213	98,56	14:20:11	7
mika	437,319	434,366	263,222	14:20:25	12
mika	340,30	42,217	206,132	14:21:59	47
mika	367,14	142,80	418,272	14:20:48	21
mika	288,255	363,115	201,424	14:21:27	35
mika	165,353	21,269	375,230	14:20:27	13
mika	309,341	144,310	36,277	14:21:49	43
mika	149,207	426,247	34,439	14:20:55	24
mika	426,423	260,418	118,450	14:19:55	1
mika	89,154	125,240	275,406	14:20:32	15
mika	430,321	167,177	252,84	14:20:35	16
mika	106,64	466,431	23,193	14:20:01	3
mika	215,192	480,472	474,272	14:20:19	10
mika	76,347	113,369	99,460	14:20:17	9