fudipo	283,38	428,65	454,427	13:20:07
difu	92,18	379,457	21,295	13:20:16
fapimodo	413,23	233,212	30,466	13:20:23
fumido	308,392	447,55	67,48	13:20:39
fadipo	408,186	344,223	357,68	13:20:49
mapuzo	305,149	95,242	204,58	13:21:02
fopomado	179,285	65,67	251,75	13:21:12
makafipu	351,174	87,94	375,107	13:21:26
madifipu	70,193	488,26	238,65	13:21:39
dufi	64,156	240,397	368,106	13:21:57
dapimiko	455,183	245,59	414,438	13:22:08
zapimipu	107,103	233,162	160,474	13:22:26
fapidomi	226,21	157,303	104,42	13:22:39
fapimizo	400,163	224,398	179,452	13:22:51
kapi	452,232	117,202	138,475	13:23:01
kiki	298,103	167,53	151,91	13:23:13
fupuzuma	480,248	183,223	399,333	13:23:22
komifu	206,135	343,352	427,436	13:23:34
fupikumi	383,337	109,117	244,277	13:23:48
pumi	78,206	19,185	397,147	13:23:56
zumi	169,205	239,325	247,379	13:24:07
dudi	406,236	137,98	449,45	13:24:17
zamo	420,164	169,273	25,106	13:24:27
pumifu	218,398	432,317	24,186	13:24:37
fumopo	104,91	381,112	265,288	13:24:46
kamifu	248,424	482,476	258,238	13:24:54
dadi	21,409	442,313	263,96	13:25:00
kipu	369,64	63,320	429,107	13:25:08
pamidomi	182,273	360,342	487,448	13:25:17
damifizo	179,90	417,416	35,148	13:25:28
fipumo	453,385	235,467	425,69	13:25:35
damikumo	112,435	468,63	258,240	13:25:49
pumi	149,136	293,201	445,231	13:26:00
kafu	298,137	14,167	469,11	13:26:08
mikizo	124,157	90,51	82,114	13:26:15
dofi	189,45	488,413	21,422	13:26:25
fopumi	472,122	367,449	175,134	13:26:33
pumofu	199,313	259,482	24,214	13:26:39
mapufo	223,311	340,226	468,318	13:26:50
pumopu	226,102	465,306	143,57	13:27:02
dofi	409,321	91,407	243,101	13:27:11
zupo	339,224	213,215	183,377	13:27:20
kimifo	339,371	200,107	363,213	13:27:28
difumo	310,95	34,160	311,11	13:27:36
fipukumo	468,47	102,443	342,234	13:27:49
mifudo	489,260	65,89	177,298	13:28:00
dopu	180,25	31,382	230,204	13:28:08
pafamifa	269,78	85,458	175,437	13:28:24