fukamazo	391,41	216,359	395,193	13:21:34	8
dudi	486,420	466,135	48,26	13:24:11	21
kiki	77,378	218,284	101,337	13:23:09	15
pomizo	17,46	151,56	365,187	13:24:58	26
pudamo	451,398	119,210	123,346	13:20:44	4
fapidumi	480,200	18,58	163,93	13:25:45	31
pikupizo	115,72	67,147	76,253	13:20:33	3
zakumi	23,28	369,459	24,30	13:26:04	33
mipu	154,238	467,70	310,310	13:22:02	10
fupimo	47,391	148,373	38,126	13:23:39	18
moku	281,293	134,442	28,68	13:21:17	7
zakoza	196,412	444,339	304,208	13:22:33	12
kuzoma	14,381	248,59	194,65	13:26:22	35
mopizo	302,153	253,50	22,320	13:20:20	2
pufamo	254,421	291,307	450,150	13:27:57	45
padimizu	76,358	489,417	96,438	13:20:56	5
fupomu	94,322	203,172	357,266	13:26:11	34
pakadimo	472,215	100,255	419,377	13:25:24	29
zakimoku	83,486	84,230	32,399	13:20:12	1
pamu	35,425	89,233	175,236	13:25:31	30
pafudo	44,216	18,283	221,415	13:27:08	40
momi	264,426	482,179	18,329	13:22:15	11
zamuko	50,230	454,95	53,165	13:26:58	39
mifupo	67,215	473,407	217,122	13:21:06	6
fapimizo	428,58	228,125	188,159	13:24:03	20
pumikopo	27,166	224,232	336,184	13:21:44	9
zapidomi	436,397	257,297	167,38	13:23:18	16
kamupi	237,152	242,200	252,74	13:26:37	37
dupi	348,115	438,274	26,142	13:22:54	14
fupo	163,62	52,204	431,228	13:28:27	48
fadumi	361,351	363,67	427,305	13:28:03	46
fikopo	434,46	256,333	263,59	13:27:40	44
fadumi	328,478	105,100	94,196	13:27:32	43
mupifo	43,236	379,412	248,230	13:24:22	22
difo	347,119	193,213	98,56	13:26:29	36
kapu	437,319	434,366	263,222	13:27:24	42
pikodimo	340,30	42,217	206,132	13:28:15	47
moki	367,14	142,80	418,272	13:25:05	27
zapumu	288,255	363,115	201,424	13:24:42	24
fumipu	165,353	21,269	375,230	13:24:33	23
pamifizo	309,341	144,310	36,277	13:25:12	28
moki	149,207	426,247	34,439	13:23:51	19
zapidomu	426,423	260,418	118,450	13:26:45	38
kopi	89,154	125,240	275,406	13:23:26	17
zupimo	430,321	167,177	252,84	13:24:51	25
fopi	106,64	466,431	23,193	13:25:56	32
kuki	215,192	480,472	474,272	13:22:44	13
pikomizu	76,347	113,369	99,460	13:27:17	41