dodi	355,249	139,88	53,268	15:20:59
fapidodu	321,432	17,371	438,385	15:21:14
dodu	447,288	63,334	404,485	15:21:27
dodi	461,367	279,461	376,191	15:21:43
dofamuzi	127,421	39,311	318,486	15:22:07
dofakupi	435,432	335,88	266,79	15:22:36
mizo	160,183	244,289	260,287	15:22:57
fumadomi	480,464	289,320	254,435	15:23:29
mido	66,91	229,73	451,176	15:23:44
modofida	447,408	454,19	252,367	15:23:59
kuda	292,154	116,282	288,13	15:24:20
fuda	74,476	198,465	71,11	15:24:38
kika	388,89	441,155	383,174	15:24:47
kizadoma	374,327	115,219	405,370	15:25:08
difu	287,395	343,86	224,107	15:25:18
kofamada	31,26	250,136	298,47	15:25:42
dimafuzu	139,362	32,326	336,93	15:25:56
kuda	326,234	172,277	378,64	15:26:20
muzi	440,262	381,64	470,296	15:26:36
kopi	424,267	200,277	343,414	15:26:47
fido	14,222	243,282	192,129	15:27:12
dadi	463,309	59,11	129,367	15:27:34
mizokodu	487,279	59,241	77,309	15:27:54
damukado	38,133	389,256	195,350	15:28:09
mako	422,151	268,385	160,30	15:28:26
mizofiko	262,164	242,15	435,424	15:28:47
dumiduka	373,363	430,132	489,238	15:29:03
dafu	169,137	109,191	452,434	15:29:20
fapimadi	274,288	178,436	74,65	15:29:40
duda	490,23	317,381	77,297	15:29:59
doma	187,11	74,377	278,406	15:30:18
mizo	301,160	279,240	282,278	15:30:27
mado	467,441	404,85	141,365	15:30:44
fudazuma	29,405	162,196	350,226	15:31:09
doza	251,349	239,78	240,306	15:31:28
kopadumi	364,416	306,427	302,94	15:31:54
zuma	133,407	242,182	408,361	15:32:17
pomafadu	58,405	149,107	156,216	15:32:39
fuma	405,183	338,304	429,42	15:32:51
pimo	164,360	183,422	255,333	15:33:04
milofazi	441,27	486,192	32,431	15:33:24
fuda	125,154	348,356	326,266	15:33:44
fadozoma	227,374	181,365	470,326	15:34:02
mamu	343,112	243,132	342,35	15:34:24
dimukopu	399,318	465,312	393,116	15:34:34
mizu	187,412	30,339	118,370	15:34:55
dafudo	74,359	229,303	426,458	15:35:14
dimuda	118,300	383,414	237,195	15:35:28