monafida	391,41	216,359	395,193	15:24:57	13
mizakopa	486,420	466,135	48,26	15:31:40	35
mazifudo	77,378	218,284	101,337	15:35:21	47
kumadodi	17,46	151,56	365,187	15:29:51	29
madu	451,398	119,210	123,346	15:32:25	37
mizofama	480,200	18,58	163,93	15:34:18	43
duko	115,72	67,147	76,253	15:28:00	23
mizokido	23,28	369,459	24,30	15:29:29	28
modafuzi	154,238	467,70	310,310	15:22:28	5
dafu	47,391	148,373	38,126	15:22:54	6
kopu	281,293	134,442	28,68	15:26:43	19
dodu	196,412	444,339	304,208	15:26:27	18
zikadoma	14,381	248,59	194,65	15:31:20	34
fiko	302,153	253,50	22,320	15:28:55	26
fumi	254,421	291,307	450,150	15:32:48	38
mizokada	76,358	489,417	96,438	15:29:14	27
dimu	94,322	203,172	357,266	15:34:28	44
kopi	472,215	100,255	419,377	15:30:22	31
didofazi	83,486	84,230	32,399	15:33:14	40
fudamoka	35,425	89,233	175,236	15:27:05	20
mizu	44,216	18,283	221,415	15:25:48	16
fadu	264,426	482,179	18,329	15:27:41	22
dazamo	50,230	454,95	53,165	15:34:45	45
mizodudi	67,215	473,407	217,122	15:24:32	11
mikofuzu	428,58	228,125	188,159	15:21:52	4
kafi	27,166	224,232	336,184	15:21:23	2
dumakuda	436,397	257,297	167,38	15:26:10	17
kiki	237,152	242,200	252,74	15:24:41	12
duda	348,115	438,274	26,142	15:23:38	8
kafu	163,62	52,204	431,228	15:21:05	1
fapudomi	361,351	363,67	427,305	15:23:13	7
fodimuda	434,46	256,333	263,59	15:30:55	33
domikuda	328,478	105,100	94,196	15:24:15	10
dufamido	43,236	379,412	248,230	15:23:53	9
fadamudo	347,119	193,213	98,56	15:30:37	32
fomadiza	437,319	434,366	263,222	15:25:32	15
kadi	340,30	42,217	206,132	15:30:07	30
doma	367,14	142,80	418,272	15:25:11	14
pozi	288,255	363,115	201,424	15:35:03	46
fidomizo	165,353	21,269	375,230	15:27:26	21
dofimizu	309,341	144,310	36,277	15:21:39	3
dimazumi	149,207	426,247	34,439	15:32:11	36
dumadima	426,423	260,418	118,450	15:33:34	41
mikopuma	89,154	125,240	275,406	15:33:00	39
kimo	430,321	167,177	252,84	15:33:51	42
fumoda	106,64	466,431	23,193	15:35:34	48
duma	215,192	480,472	474,272	15:28:29	25
fudomaku	76,347	113,369	99,460	15:28:21	24