kuda	105,207	351,201	96,62	12:53:47
kupamida	169,268	147,113	85,198	12:54:08
miko	35,378	58,456	475,469	12:54:17
doma	144,434	257,114	486,313	12:54:34
dodi	431,46	256,158	250,15	12:54:53
miko	443,344	211,303	54,297	12:55:13
doma	354,213	74,11	315,148	12:55:35
mikoduma	198,339	36,245	305,20	12:55:53
fuda	224,438	444,471	61,439	12:56:01
fuda	293,482	474,58	149,233	12:56:12
fuda	62,101	87,263	393,130	12:56:28
fuda	69,257	332,133	257,156	12:56:37
miko	271,445	485,296	199,299	12:56:55
doda	306,412	247,260	392,298	12:57:06
kipomiko	208,195	289,192	243,427	12:57:27
fuda	414,294	38,490	67,421	12:57:47
doma	130,125	187,451	248,434	12:57:53
miko	117,28	389,112	314,97	12:58:00
milofiza	238,36	292,252	295,422	12:58:21
mikofida	199,262	123,131	344,80	12:58:40
kapidaodi	457,77	426,342	258,339	12:58:58
mikofida	321,196	409,174	290,326	12:59:16
mifiza	31,31	369,93	157,472	12:59:39
dodi	401,130	19,157	379,401	12:59:54
fida	445,96	105,243	277,337	13:00:07
mifido	180,201	141,208	201,198	13:00:31
fuda	456,385	17,257	147,302	13:00:40
fuda	189,335	73,301	456,407	13:00:48
roma	371,422	474,306	273,241	13:01:06
fuda	154,104	426,73	268,226	13:01:22
miko	389,289	247,268	371,394	13:01:28
mikodoza	249,337	288,256	103,425	13:02:00
kimokiza	138,320	313,315	281,70	13:02:22
mikofuda	67,281	269,130	91,235	13:02:32
miko	47,452	166,30	267,429	13:02:38
miko	258,387	88,156	489,391	13:02:59
daoza	243,399	31,251	65,399	13:03:07
milofiza	162,20	485,257	253,272	13:03:25
kimokozi	104,422	463,235	139,173	13:03:59
fudamizo	422,267	483,244	91,274	13:04:23
dodi	304,339	171,381	485,169	13:04:32
miko	282,237	77,302	478,132	13:04:44
fuzi	260,411	43,196	473,300	13:05:09
mikomizo	411,371	99,168	149,460	13:05:20
duda	71,387	306,349	153,399	13:05:31
mizo	211,149	141,205	395,383	13:05:56
duda	467,488	315,439	232,444	13:06:02
dida	122,164	220,115	397,300	13:06:16