doma	391,41	216,359	395,193	13:00:10	25
mikomiza	486,420	466,135	48,26	13:05:28	44
dodi	77,378	218,284	101,337	13:03:05	36
fuda	17,46	151,56	365,187	12:55:03	5
fudafida	451,398	119,210	123,346	12:59:11	21
fuda	480,200	18,58	163,93	13:02:35	34
doma	115,72	67,147	76,253	13:04:40	41
fuda	23,28	369,459	24,30	13:03:12	37
doma	154,238	467,70	310,310	13:00:45	27
doma	47,391	148,373	38,126	13:04:15	39
kudafuda	281,293	134,442	28,68	12:55:41	7
mikoduda	196,412	444,339	304,208	12:54:48	4
fudamiko	14,381	248,59	194,65	12:57:57	17
dodu	302,153	253,50	22,320	12:59:19	22
miko	254,421	291,307	450,150	13:05:59	46
fudamizo	76,358	489,417	96,438	13:05:52	45
mikofiza	94,322	203,172	357,266	13:05:01	42
fudimaiko	472,215	100,255	419,377	12:56:43	12
pifodu	83,486	84,230	32,399	13:00:59	28
doma	35,425	89,233	175,236	12:55:58	8
dodi	44,216	18,283	221,415	13:00:36	26
mikoduda	264,426	482,179	18,329	12:55:27	6
miko	50,230	454,95	53,165	13:06:19	48
kipomiko	67,215	473,407	217,122	12:57:50	16
doza	428,58	228,125	188,159	13:02:07	32
kupamikdo	27,166	224,232	336,184	12:56:33	11
kimokiza	436,397	257,297	167,38	13:02:56	35
kipo	237,152	242,200	252,74	12:57:41	15
midofida	348,115	438,274	26,142	13:01:35	31
doma	163,62	52,204	431,228	12:56:06	9
miko	361,351	363,67	427,305	13:04:28	40
doda	434,46	256,333	263,59	12:57:15	14
kapi	328,478	105,100	94,196	12:57:02	13
milofiza	43,236	379,412	248,230	12:58:47	20
doma	347,119	193,213	98,56	13:03:37	38
fuda	437,319	434,366	263,222	12:53:58	1
miko	340,30	42,217	206,132	13:02:27	33
fuda	367,14	142,80	418,272	13:00:02	24
fodu	288,255	363,115	201,424	13:01:10	29
doma	165,353	21,269	375,230	13:01:26	30
fuda	309,341	144,310	36,277	12:54:13	2
dodi	149,207	426,247	34,439	13:05:14	43
mikoduma	426,423	260,418	118,450	12:56:17	10
miko	89,154	125,240	275,406	12:58:29	19
dodi	430,321	167,177	252,84	12:59:41	23
mikofiza	106,64	466,431	23,193	12:58:15	18
mikoduma	215,192	480,472	474,272	12:54:29	3
duda	76,347	113,369	99,460	13:06:13	47