mika	331,132	82,189	309,319	14:21:31
daoza	467,140	260,392	16,26	14:21:40
kamikoza	435,340	372,95	198,38	14:21:49
mika	80,208	291,450	117,108	14:21:54
fida	441,123	78,363	113,472	14:22:05
mika	311,434	113,383	132,411	14:22:11
kimofuda	211,108	61,461	490,66	14:22:22
mika	477,435	395,358	39,102	14:22:27
kaozi	386,109	300,186	69,406	14:22:38
mika	284,19	39,352	371,141	14:22:43
fida	333,192	85,436	85,206	14:22:47
mika	357,285	304,407	256,303	14:22:52
fida	462,242	247,367	110,276	14:23:05
duda	459,485	374,268	181,432	14:23:10
kaozi	184,455	440,212	316,321	14:23:15
mika	343,159	23,417	104,97	14:23:18
mika	133,450	372,426	367,137	14:23:24
kaozi	239,338	369,475	215,468	14:23:28
kimakozi	261,183	463,144	441,153	14:23:37
mika	86,134	117,36	336,423	14:23:40
mika	346,189	91,359	116,185	14:23:43
mika	445,238	144,326	174,21	14:23:48
mika	453,402	348,331	387,72	14:23:55
mika	308,157	245,281	290,195	14:23:57
mika	423,365	319,50	390,165	14:24:03
fida	463,246	343,64	114,449	14:24:06
mika	275,262	470,234	243,23	14:24:10
duda	238,69	197,372	385,360	14:24:33
miko	382,347	272,240	187,168	14:24:41
fuda	302,485	314,56	275,114	14:24:47
mika	240,208	469,68	248,369	14:24:49
kmiofuza	223,220	124,76	273,228	14:24:55
miko	34,20	287,220	382,181	14:25:03
doazi	90,273	37,351	22,214	14:25:12
fida	29,313	209,332	359,474	14:25:18
daozo	436,108	191,414	166,428	14:25:27
miko	293,378	158,407	443,420	14:25:30
kimofuza	144,467	430,420	196,321	14:25:39
miko	111,276	104,137	136,115	14:25:43
fida	341,154	418,59	476,286	14:25:49
fuda	42,422	384,223	346,60	14:25:53
kimokuza	161,148	428,308	64,381	14:26:10
miko	237,198	357,177	128,63	14:26:12
fida	487,228	328,101	355,454	14:26:19
miko	206,205	118,133	254,104	14:26:23
miko	409,285	35,303	17,370	14:26:26
fida	353,168	28,290	465,82	14:26:33
fudi	180,212	269,47	378,387	14:26:43