mika	391,41	216,359	395,193	14:23:06	13
mikofuda	486,420	466,135	48,26	14:26:38	47
mika	77,378	218,284	101,337	14:21:51	3
miko	17,46	151,56	365,187	14:25:52	40
mika	451,398	119,210	123,346	14:23:26	17
mika	480,200	18,58	163,93	14:22:39	9
mika	115,72	67,147	76,253	14:22:54	12
daozi	23,28	369,459	24,30	14:25:42	38
miko	154,238	467,70	310,310	14:25:46	39
fudi	47,391	148,373	38,126	14:26:46	48
miko	281,293	134,442	28,68	14:24:36	28
miko	196,412	444,339	304,208	14:25:32	37
mika	14,381	248,59	194,65	14:23:38	19
miko	302,153	253,50	22,320	14:26:22	44
fida	254,421	291,307	450,150	14:22:08	5
mika	76,358	489,417	96,438	14:24:09	26
mika	94,322	203,172	357,266	14:24:04	25
mika	472,215	100,255	419,377	14:22:24	7
fida	83,486	84,230	32,399	14:23:30	18
mika	35,425	89,233	175,236	14:23:56	23
miko	44,216	18,283	221,415	14:24:45	29
mika	264,426	482,179	18,329	14:24:00	24
kimo	50,230	454,95	53,165	14:25:00	32
mika	67,215	473,407	217,122	14:23:16	15
mika	428,58	228,125	188,159	14:23:49	22
mika	27,166	224,232	336,184	14:21:36	1
miko	436,397	257,297	167,38	14:26:27	46
mika	237,152	242,200	252,74	14:23:44	21
mika	348,115	438,274	26,142	14:22:44	10
mika	163,62	52,204	431,228	14:22:30	8
miko	361,351	363,67	427,305	14:26:24	45
mika	434,46	256,333	263,59	14:21:45	2
miko	328,478	105,100	94,196	14:26:02	41
miko	43,236	379,412	248,230	14:26:11	42
fuda	347,119	193,213	98,56	14:24:26	27
fuda	437,319	434,366	263,222	14:25:17	34
fuda	340,30	42,217	206,132	14:23:22	16
fida	367,14	142,80	418,272	14:24:48	30
kaozi	288,255	363,115	201,424	14:22:50	11
mika	165,353	21,269	375,230	14:21:55	4
mika	309,341	144,310	36,277	14:23:41	20
miko	149,207	426,247	34,439	14:25:24	35
mika	426,423	260,418	118,450	14:22:13	6
miko	89,154	125,240	275,406	14:24:50	31
miko	430,321	167,177	252,84	14:25:29	36
mika	106,64	466,431	23,193	14:23:12	14
mika	215,192	480,472	474,272	14:25:04	33
fuda	76,347	113,369	99,460	14:26:17	43