mika	229,238	360,385	166,125	15:53:31
mika	382,167	347,231	112,247	15:53:59
fida	356,172	304,474	26,53	15:54:19
mika	142,137	118,467	211,102	15:54:39
mika	89,91	250,298	194,343	15:55:13
mika	209,105	33,487	336,23	15:55:35
mika	221,46	458,92	333,457	15:55:51
duda	257,65	45,151	157,281	15:56:11
fida	404,429	317,59	416,84	15:56:25
mika	196,282	246,490	266,262	15:56:35
fada	52,397	388,160	374,108	15:57:01
mika	31,114	196,399	386,427	15:57:26
mika	102,124	174,452	19,330	15:57:46
fida	86,390	487,422	131,108	15:57:59
duda	178,209	188,418	17,371	15:58:11
mika	271,215	466,294	212,311	15:58:19
miko	307,232	415,12	141,310	15:58:31
mika	428,232	424,112	193,433	15:58:41
mika	431,269	332,427	201,453	15:58:49
mika	44,369	171,221	296,178	15:59:08
mika	251,104	143,219	186,466	15:59:42
mika	185,432	40,220	92,187	15:59:50
mika	490,486	126,316	55,52	15:59:58
mika	389,240	324,144	239,99	16:00:13
duda	395,281	485,293	431,369	16:00:24
mika	391,192	462,44	400,158	16:00:33
mika	19,94	99,49	303,181	16:00:37
fida	225,303	177,341	128,221	16:00:54
duda	382,27	451,215	161,200	16:01:02
fida	303,65	471,298	348,411	16:01:09
fida	176,248	112,148	282,22	16:01:17
mika	295,290	105,384	329,398	16:01:21
mika	75,64	210,241	394,328	16:01:27
mika	451,285	344,411	489,14	16:01:32
mika	121,302	69,101	110,406	16:01:37
mika	21,276	164,123	413,435	16:01:45
mika	134,218	235,229	111,73	16:01:50
mika	136,176	126,336	406,29	16:01:55
mika	173,367	303,27	288,302	16:01:59
mika	30,398	114,88	488,213	16:02:17
mika	102,77	383,78	361,104	16:02:21
mika	378,177	326,303	178,456	16:02:24
mika	122,115	197,56	217,380	16:02:29
mika	478,157	158,320	93,349	16:02:32
mika	282,126	227,443	337,32	16:02:36
mika	130,429	99,22	16,449	16:02:39
mika	116,384	135,431	196,303	16:02:43
mika	396,308	408,103	353,134	16:02:45