mika	391,41	216,359	395,193	16:01:28	33
mika	486,420	466,135	48,26	15:57:36	12
mika	77,378	218,284	101,337	15:53:42	1
mika	17,46	151,56	365,187	16:00:16	24
miko	451,398	119,210	123,346	15:58:08	14
miko	480,200	18,58	163,93	16:00:31	25
mika	115,72	67,147	76,253	16:02:30	43
mika	23,28	369,459	24,30	16:01:06	29
mika	154,238	467,70	310,310	16:00:35	26
mika	47,391	148,373	38,126	16:01:12	30
fida	281,293	134,442	28,68	15:56:16	8
mika	196,412	444,339	304,208	16:02:46	48
mika	14,381	248,59	194,65	16:00:48	27
mika	302,153	253,50	22,320	16:02:19	40
mika	254,421	291,307	450,150	16:01:57	38
mika	76,358	489,417	96,438	16:00:01	23
mika	94,322	203,172	357,266	15:54:05	2
fida	472,215	100,255	419,377	15:56:28	9
mika	83,486	84,230	32,399	16:02:26	42
mika	35,425	89,233	175,236	16:00:56	28
mika	44,216	18,283	221,415	15:59:45	21
mika	264,426	482,179	18,329	16:01:52	37
mika	50,230	454,95	53,165	15:55:20	5
mika	67,215	473,407	217,122	16:01:24	32
mika	428,58	228,125	188,159	15:57:48	13
mika	27,166	224,232	336,184	16:01:18	31
mika	436,397	257,297	167,38	15:58:59	19
mika	237,152	242,200	252,74	16:02:38	45
mika	348,115	438,274	26,142	15:54:28	3
mika	163,62	52,204	431,228	16:02:01	39
mika	361,351	363,67	427,305	16:02:22	41
mika	434,46	256,333	263,59	15:59:55	22
mika	328,478	105,100	94,196	15:55:39	6
mika	43,236	379,412	248,230	15:58:16	15
mika	347,119	193,213	98,56	16:01:35	34
mika	437,319	434,366	263,222	15:58:22	16
miko	340,30	42,217	206,132	15:56:02	7
mika	367,14	142,80	418,272	16:02:34	44
mika	288,255	363,115	201,424	15:59:38	20
mika	165,353	21,269	375,230	15:58:47	18
mika	309,341	144,310	36,277	15:57:18	11
duda	149,207	426,247	34,439	15:58:37	17
kuzo	426,423	260,418	118,450	15:55:03	4
mika	89,154	125,240	275,406	16:01:40	35
mika	430,321	167,177	252,84	16:02:44	47
kimokuza	106,64	466,431	23,193	15:56:49	10
mika	215,192	480,472	474,272	16:01:48	36
mika	76,347	113,369	99,460	16:02:41	46