mika	413,93	479,207	331,123	10:36:54
mika	453,197	34,391	133,264	10:37:08
mika	75,241	203,323	275,153	10:37:17
mika	211,383	328,72	122,379	10:37:21
mika	22,475	161,23	390,72	10:37:27
fida	152,312	154,140	28,474	10:37:36
duda	253,471	180,277	372,303	10:37:46
mika	50,436	54,243	269,319	10:37:54
mika	385,469	211,222	51,322	10:37:59
mika	110,63	307,261	75,206	10:38:03
mika	322,217	28,466	347,45	10:38:08
mika	449,109	26,139	375,387	10:38:19
mika	432,414	333,476	166,111	10:38:24
fida	304,61	90,24	273,130	10:38:30
mika	336,372	182,152	143,247	10:38:34
mika	348,455	453,365	430,309	10:38:37
mika	400,389	407,416	38,291	10:38:42
mika	312,459	215,155	444,371	10:38:47
mika	255,258	421,334	271,203	10:38:52
mika	454,117	85,145	259,218	10:38:57
mika	382,116	182,344	471,122	10:39:04
fida	162,381	20,79	306,47	10:39:18
mika	360,128	15,84	272,449	10:39:23
mika	445,37	216,375	360,477	10:39:30
mika	88,324	104,162	459,352	10:39:36
mika	370,350	458,61	203,439	10:39:40
duda	438,171	245,40	343,351	10:39:48
mika	36,296	414,42	480,424	10:39:53
mika	71,100	279,86	445,482	10:39:56
duda	27,188	192,446	307,313	10:40:03
mika	101,184	358,333	12,442	10:40:11
mika	103,439	122,338	469,454	10:40:14
fida	198,15	260,121	46,249	10:40:20
mika	55,107	339,323	182,293	10:40:26
miko	314,199	471,16	155,287	10:40:34
mika	319,245	461,187	88,462	10:40:38
mika	138,180	411,250	27,390	10:40:45
mika	213,215	394,463	325,429	10:40:54
mika	221,370	46,70	202,218	10:40:59
fida	353,26	406,333	32,70	10:41:06
mika	130,341	305,100	37,382	10:41:16
mika	72,165	72,472	404,88	10:41:21
duda	371,126	293,275	98,128	10:41:29
mika	213,309	487,249	368,199	10:41:34
mika	456,230	214,372	73,236	10:41:38
mika	431,192	86,246	281,112	10:41:43
mika	172,354	329,182	422,144	10:42:13
mika	218,291	261,223	365,42	10:42:19