miko	391,41	216,359	395,193	10:39:27	23
fida	486,420	466,135	48,26	10:40:24	33
mika	77,378	218,284	101,337	10:40:28	34
mika	17,46	151,56	365,187	10:39:34	24
mika	451,398	119,210	123,346	10:40:13	31
mika	480,200	18,58	163,93	10:39:49	27
mika	115,72	67,147	76,253	10:38:35	15
mika	23,28	369,459	24,30	10:40:40	36
mika	154,238	467,70	310,310	10:40:16	32
mika	47,391	148,373	38,126	10:38:12	11
mika	281,293	134,442	28,68	10:39:54	28
mika	196,412	444,339	304,208	10:38:40	16
mika	14,381	248,59	194,65	10:38:50	18
mika	302,153	253,50	22,320	10:37:19	3
mika	254,421	291,307	450,150	10:38:27	13
mika	76,358	489,417	96,438	10:41:02	39
mika	94,322	203,172	357,266	10:37:41	6
mika	472,215	100,255	419,377	10:38:32	14
mika	83,486	84,230	32,399	10:40:57	38
mika	35,425	89,233	175,236	10:37:13	2
mika	44,216	18,283	221,415	10:38:44	17
mika	264,426	482,179	18,329	10:37:57	8
mika	50,230	454,95	53,165	10:39:38	25
mika	67,215	473,407	217,122	10:42:16	47
mika	428,58	228,125	188,159	10:39:08	21
mika	27,166	224,232	336,184	10:39:42	26
mika	436,397	257,297	167,38	10:37:49	7
mika	237,152	242,200	252,74	10:38:01	9
mika	348,115	438,274	26,142	10:38:21	12
mika	163,62	52,204	431,228	10:40:05	30
mika	361,351	363,67	427,305	10:39:58	29
duda	434,46	256,333	263,59	10:40:51	37
mika	328,478	105,100	94,196	10:41:36	44
mika	43,236	379,412	248,230	10:42:05	46
mika	347,119	193,213	98,56	10:41:11	40
mika	437,319	434,366	263,222	10:37:29	5
mika	340,30	42,217	206,132	10:40:36	35
fida	367,14	142,80	418,272	10:37:06	1
mika	288,255	363,115	201,424	10:41:40	45
mika	165,353	21,269	375,230	10:39:21	22
mika	309,341	144,310	36,277	10:38:59	20
mika	149,207	426,247	34,439	10:41:33	43
mika	426,423	260,418	118,450	10:41:23	42
mika	89,154	125,240	275,406	10:41:19	41
mika	430,321	167,177	252,84	10:37:25	4
mika	106,64	466,431	23,193	10:38:05	10
mika	215,192	480,472	474,272	10:42:23	48
mika	76,347	113,369	99,460	10:38:54	19