mika	480,254	220,111	290,93	09:06:01
mika	129,370	124,342	203,301	09:06:09
mika	188,75	345,284	379,19	09:06:13
mika	328,27	148,277	170,336	09:06:19
mika	291,387	58,151	197,338	09:06:26
mika	333,187	102,62	287,381	09:06:30
fida	145,406	261,259	257,453	09:06:36
mika	69,435	38,403	228,407	09:06:44
fida	411,65	423,69	332,102	09:06:52
mika	395,132	478,442	273,185	09:06:56
mika	290,115	361,381	166,158	09:06:59
mika	272,301	73,43	69,320	09:07:05
mika	485,128	264,33	40,481	09:07:11
mika	429,441	56,361	20,378	09:07:15
mika	453,404	20,441	356,282	09:07:20
mika	136,155	386,486	46,62	09:07:25
fida	153,307	353,215	339,411	09:07:31
mika	44,334	48,298	357,78	09:07:41
mika	289,295	29,334	166,38	09:07:44
mika	222,128	432,231	79,297	09:07:48
mika	23,204	442,399	200,477	09:07:52
mika	450,342	294,312	67,143	09:07:56
mika	233,101	467,271	388,333	09:08:01
mika	339,186	137,357	30,293	09:08:05
mika	385,242	411,327	462,479	09:08:09
mika	133,475	192,84	383,381	09:08:15
mika	95,385	74,115	63,58	09:08:18
mika	74,321	426,32	60,383	09:08:21
mika	178,275	315,250	385,31	09:08:28
mika	476,46	263,169	342,297	09:08:32
mika	92,35	329,229	235,295	09:08:38
fida	416,320	189,480	424,242	09:08:44
fida	48,487	72,464	29,122	09:08:49
mika	356,196	387,181	436,281	09:08:53
mika	201,421	316,454	99,168	09:08:56
mika	260,181	192,99	399,417	09:09:00
mika	383,325	246,82	315,179	09:09:04
mika	313,353	176,374	326,194	09:09:08
dada	486,192	380,382	362,326	09:09:15
mika	173,72	256,479	35,345	09:09:20
mika	156,285	36,338	374,425	09:09:24
mika	264,267	259,19	338,84	09:09:27
mika	187,160	426,353	44,262	09:09:29
mika	57,40	443,427	411,314	09:09:35
mika	262,94	376,27	82,401	09:09:39
mika	362,228	196,387	75,79	09:09:42
mika	321,328	336,90	337,184	09:09:46
mika	164,34	333,99	376,367	09:09:55