mika	244,204	344,235	399,115	12:04:35
mika	435,220	325,308	466,206	12:04:43
mika	64,434	225,414	259,180	12:04:52
mika	386,60	133,296	305,223	12:04:58
mika	225,100	271,456	253,192	12:05:03
mika	129,487	386,462	231,294	12:05:09
mika	87,176	24,402	473,479	12:05:17
mika	118,47	423,332	451,191	12:05:22
mika	21,346	241,144	151,55	12:05:29
mika	356,366	144,137	331,387	12:05:40
mika	319,450	383,214	422,124	12:05:49
mika	18,18	289,32	409,271	12:06:00
mika	21,36	307,433	358,267	12:06:05
mika	134,369	122,364	22,263	12:06:10
mika	408,368	139,62	15,460	12:06:15
mika	438,323	419,330	47,351	12:06:20
mika	444,54	358,242	76,277	12:06:25
mika	23,86	303,320	28,170	12:06:31
mika	96,151	49,208	24,60	12:06:38
mika	461,422	418,110	474,422	12:06:46
fida	79,421	254,488	261,291	12:06:52
mika	348,215	334,216	446,400	12:06:58
mika	482,458	475,294	287,13	12:07:01
mika	454,373	154,12	91,167	12:07:05
mika	62,61	99,469	160,82	12:07:13
mika	401,229	13,164	227,263	12:07:19
mika	444,84	467,288	289,423	12:07:44
mika	197,281	391,182	85,188	12:07:50
mika	184,48	71,327	50,151	12:07:54
mika	484,102	202,92	81,352	12:07:59
mika	164,471	91,166	145,307	12:08:03
mika	419,99	380,396	377,179	12:08:06
mika	328,83	449,229	255,44	12:08:11
mika	406,428	81,466	265,121	12:08:14
mika	127,258	212,319	340,282	12:08:19
mika	180,13	262,260	168,397	12:08:24
mika	76,97	485,446	482,371	12:08:28
mika	134,320	444,93	58,208	12:08:32
mika	126,454	145,197	430,399	12:08:39
mika	308,67	167,30	375,16	12:08:45
mika	301,64	19,73	313,177	12:08:49
mika	459,379	263,454	334,254	12:09:01
mika	334,458	84,287	61,131	12:09:04
mika	484,177	95,139	364,34	12:09:08
mika	48,181	90,205	200,454	12:09:15
mika	210,11	28,218	74,331	12:09:19
mika	384,43	219,157	486,63	12:09:23
mika	400,329	31,473	126,81	12:09:26