mika	391,41	216,359	395,193	12:05:06	5
mika	486,420	466,135	48,26	12:06:18	15
mika	77,378	218,284	101,337	12:06:36	18
mika	17,46	151,56	365,187	12:09:06	43
mika	451,398	119,210	123,346	12:06:40	19
mika	480,200	18,58	163,93	12:07:03	23
mika	115,72	67,147	76,253	12:04:39	1
mika	23,28	369,459	24,30	12:08:16	34
mika	154,238	467,70	310,310	12:08:13	33
fida	47,391	148,373	38,126	12:07:41	26
mika	281,293	134,442	28,68	12:09:03	42
mika	196,412	444,339	304,208	12:07:58	29
mika	14,381	248,59	194,65	12:05:01	4
mika	302,153	253,50	22,320	12:07:52	28
mika	254,421	291,307	450,150	12:07:17	25
mika	76,358	489,417	96,438	12:06:48	20
mika	94,322	203,172	357,266	12:08:26	36
mika	472,215	100,255	419,377	12:06:29	17
mika	83,486	84,230	32,399	12:09:30	48
fida	35,425	89,233	175,236	12:05:57	11
mika	44,216	18,283	221,415	12:06:55	21
mika	264,426	482,179	18,329	12:08:51	41
mika	50,230	454,95	53,165	12:08:41	39
mika	67,215	473,407	217,122	12:05:13	6
mika	428,58	228,125	188,159	12:08:22	35
mika	27,166	224,232	336,184	12:06:07	13
mika	436,397	257,297	167,38	12:05:25	8
mika	237,152	242,200	252,74	12:08:04	31
mika	348,115	438,274	26,142	12:06:13	14
mika	163,62	52,204	431,228	12:09:25	47
mika	361,351	363,67	427,305	12:04:54	3
mika	434,46	256,333	263,59	12:09:17	45
mika	328,478	105,100	94,196	12:05:19	7
mika	43,236	379,412	248,230	12:04:46	2
mika	347,119	193,213	98,56	12:06:22	16
dada	437,319	434,366	263,222	12:08:37	38
mika	340,30	42,217	206,132	12:08:01	30
mika	367,14	142,80	418,272	12:06:02	12
mika	288,255	363,115	201,424	12:09:10	44
mika	165,353	21,269	375,230	12:08:31	37
mika	309,341	144,310	36,277	12:07:00	22
mika	149,207	426,247	34,439	12:05:33	9
mika	426,423	260,418	118,450	12:08:08	32
mika	89,154	125,240	275,406	12:08:47	40
mika	430,321	167,177	252,84	12:05:44	10
mika	106,64	466,431	23,193	12:09:21	46
mika	215,192	480,472	474,272	12:07:46	27
mika	76,347	113,369	99,460	12:07:11	24