mika	305,47	192,366	418,155	14:22:48
mika	152,149	412,95	233,407	14:22:51
mika	224,190	290,115	233,361	14:22:54
mika	52,150	407,302	311,290	14:22:57
mika	424,116	322,405	41,218	14:23:01
mika	345,336	254,46	212,181	14:23:04
mika	190,353	320,111	437,63	14:23:07
mika	27,170	243,307	275,465	14:23:10
mika	177,316	124,94	128,425	14:23:13
mika	374,61	50,206	456,81	14:23:15
mika	413,310	407,177	345,128	14:23:19
mika	348,44	470,178	144,417	14:23:21
mika	230,161	97,462	457,361	14:23:24
mika	437,144	187,71	228,304	14:23:31
mika	485,111	355,45	307,320	14:23:34
mika	116,230	139,32	396,473	14:23:37
mika	149,254	27,129	421,160	14:23:40
mika	55,161	311,141	132,278	14:23:43
mika	12,78	411,189	138,148	14:23:46
mika	482,132	249,347	166,66	14:23:50
mika	176,271	285,305	293,191	14:23:53
mika	288,431	434,304	69,364	14:23:56
mika	454,114	34,274	244,156	14:23:59
mika	61,246	224,462	424,351	14:24:03
mika	120,416	473,358	272,149	14:24:07
mika	414,437	410,208	251,212	14:24:10
mika	417,346	229,96	220,39	14:24:13
mika	469,375	292,478	240,147	14:24:16
mika	89,302	357,72	366,397	14:24:19
mika	314,160	37,168	194,112	14:24:22
mika	98,467	179,182	302,303	14:24:24
mika	216,229	159,435	314,368	14:24:26
mika	463,292	252,264	280,482	14:24:30
mika	401,358	293,268	420,168	14:24:33
mika	174,244	318,201	401,21	14:24:35
mika	302,489	478,471	180,289	14:24:37
mika	283,386	28,431	330,331	14:24:40
mika	308,303	133,70	77,402	14:24:43
mika	61,467	270,343	244,200	14:24:45
mika	21,408	433,328	118,344	14:24:47
mika	339,410	342,326	390,31	14:24:50
mika	125,183	407,142	123,246	14:24:52
mika	462,421	59,105	480,125	14:24:55
mika	17,51	101,276	383,335	14:25:00
mika	465,394	252,408	231,360	14:25:02
mika	261,79	279,112	394,179	14:25:05
mika	133,29	351,49	160,463	14:25:07
mika	285,132	394,333	226,384	14:25:09