mika	391,41	216,359	395,193	14:25:08	47
mika	486,420	466,135	48,26	14:23:35	15
mika	77,378	218,284	101,337	14:23:47	19
mika	17,46	151,56	365,187	14:24:36	35
mika	451,398	119,210	123,346	14:24:34	34
mika	480,200	18,58	163,93	14:23:02	5
mika	115,72	67,147	76,253	14:24:46	39
mika	23,28	369,459	24,30	14:24:58	43
mika	154,238	467,70	310,310	14:24:09	25
mika	47,391	148,373	38,126	14:24:21	29
mika	281,293	134,442	28,68	14:22:52	2
mika	196,412	444,339	304,208	14:24:39	36
mika	14,381	248,59	194,65	14:24:04	24
mika	302,153	253,50	22,320	14:24:25	31
mika	254,421	291,307	450,150	14:23:55	21
mika	76,358	489,417	96,438	14:23:58	22
mika	94,322	203,172	357,266	14:24:15	27
mika	472,215	100,255	419,377	14:23:32	14
mika	83,486	84,230	32,399	14:24:44	38
mika	35,425	89,233	175,236	14:25:01	44
mika	44,216	18,283	221,415	14:24:51	41
mika	264,426	482,179	18,329	14:22:59	4
mika	50,230	454,95	53,165	14:23:17	10
mika	67,215	473,407	217,122	14:23:20	11
mika	428,58	228,125	188,159	14:25:04	45
mika	27,166	224,232	336,184	14:23:14	9
mika	436,397	257,297	167,38	14:23:41	17
mika	237,152	242,200	252,74	14:24:12	26
mika	348,115	438,274	26,142	14:23:05	6
mika	163,62	52,204	431,228	14:25:06	46
mika	361,351	363,67	427,305	14:23:26	13
mika	434,46	256,333	263,59	14:23:11	8
mika	328,478	105,100	94,196	14:23:08	7
mika	43,236	379,412	248,230	14:22:56	3
mika	347,119	193,213	98,56	14:23:52	20
mika	437,319	434,366	263,222	14:24:23	30
mika	340,30	42,217	206,132	14:24:49	40
mika	367,14	142,80	418,272	14:25:11	48
mika	288,255	363,115	201,424	14:24:29	32
mika	165,353	21,269	375,230	14:24:41	37
mika	309,341	144,310	36,277	14:24:17	28
mika	149,207	426,247	34,439	14:23:44	18
mika	426,423	260,418	118,450	14:24:54	42
mika	89,154	125,240	275,406	14:23:22	12
mika	430,321	167,177	252,84	14:22:49	1
mika	106,64	466,431	23,193	14:24:32	33
mika	215,192	480,472	474,272	14:24:00	23
mika	76,347	113,369	99,460	14:23:39	16