sumifofa	59,124	349,374	339,142
togizu	254,196	248,280	125,129
sidi	329,354	317,257	240,73
timu	470,233	162,24	50,185
zodozi	28,209	465,181	198,304
mupimo	247,290	162,130	139,294
zusazofi	375,326	52,164	441,171
safifa	483,305	479,250	54,61
gufifimu	229,278	214,244	318,389
tuduga	262,36	364,433	225,50
tazaza	247,462	331,399	101,460
togadu	203,466	295,245	139,246
pisadapu	406,132	61,395	372,105
zasopodu	446,111	374,169	345,68
samogatu	116,229	423,59	444,463
mizasapo	296,415	303,205	25,272
tuzogoto	398,481	77,152	130,313
midu	68,252	364,453	134,460
godafuda	409,235	344,88	90,55
mufo	146,196	274,78	246,227
mimizo	51,52	151,344	247,167
mizoda	126,155	157,193	297,277
gigu	16,356	39,371	319,163
gupu	341,237	389,194	315,469
zizi	240,452	175,23	40,412
tito	241,81	454,382	416,211
motozaza	374,177	356,374	487,440
zitosu	40,115	462,367	385,486
gugogati	390,365	446,179	48,116
gufogita	294,312	52,122	349,220
pazafupo	220,51	374,136	326,267
zudo	463,209	435,329	93,431
pogugaza	278,124	56,249	481,432
tumu	245,380	307,200	69,346
mota	307,354	167,349	466,26
zotifadi	78,196	68,443	323,384
fagozapa	219,295	103,163	133,104
pifi	401,300	151,160	290,92
gogopo	395,180	389,105	240,244
gufapuga	403,103	402,261	79,419
togi	330,265	477,282	97,371
foso	11,383	464,165	26,160
dimupumu	259,418	450,401	87,250
sopa	483,473	421,382	88,171
tidopifi	136,481	265,48	251,334
tadozi	457,91	109,444	364,324
tupigo	365,89	298,39	106,448
zudu	289,33	408,199	110,168
gipa	192,93	98,84	171,260
gagazu	210,161	34,248	403,358