pafafomi	375,252	107,27	372,301
mofuzimi	203,328	66,308	20,17
mamozi	324,283	75,365	444,399
mipu	359,98	152,87	421,244
mazoza	250,36	50,482	463,135
zimapopi	325,416	446,86	241,93
puduku	157,365	299,120	255,460
zadu	223,246	111,447	388,265
famufipa	386,444	171,21	315,110
fomufuzu	432,203	207,277	340,175
pufoziza	231,178	37,397	171,351
dodoku	77,156	412,490	309,238
kipupudu	424,477	427,136	421,165
kifi	431,477	341,387	476,91
mizu	151,126	215,160	273,427
kukidoku	433,292	413,445	327,36
zudi	64,83	193,342	451,112
pizuzi	120,110	441,54	272,409
mada	233,106	352,394	369,342
mifo	256,404	450,106	380,380
mafopi	344,445	311,404	259,164
pumifadu	175,415	133,313	442,268
kimupu	133,380	246,273	270,478
mikizo	484,479	360,299	373,244
fapupafu	64,131	322,154	167,463
pifu	125,161	72,174	184,404
kizazu	346,373	254,294	120,327
pizo	249,462	212,473	181,298
pimazi	51,180	201,164	331,385
kipudo	339,380	382,204	421,181
kuzizozu	124,419	155,382	116,194
foki	393,425	280,323	46,281
fumo	23,237	310,432	423,284
famufimi	42,264	438,62	105,427
pazaza	184,482	149,139	179,272
kadimo	247,357	79,58	23,405
zokimi	288,346	485,250	261,12
kapudo	312,330	133,330	153,148
pomakiki	148,121	267,240	400,288
dumamu	227,105	168,283	124,340
dudufiku	445,72	81,437	379,87
madupa	475,295	350,155	368,87
kakopi	320,181	89,42	51,390
komazaki	224,230	103,304	321,27
kodupapo	49,181	355,361	43,57
dimuku	231,235	238,137	48,125
ziko	138,45	314,135	220,194
maki	89,100	63,180	152,249
kamumi	232,335	174,103	270,364
pidupa	306,58	11,195	113,438