mamo	477,27	439,164	110,110	15:45:35
pika	439,147	27,212	445,209	15:45:45
fufu	204,461	197,380	311,307	15:45:54
mamozuki	226,246	273,455	22,50	15:46:03
mamo	232,391	22,296	114,302	15:46:11
mamo	214,100	318,162	253,418	15:46:19
pika	262,202	75,278	404,29	15:46:27
pika	476,118	479,182	487,300	15:46:43
mamo	479,223	55,262	187,67	15:46:49
mamozuki	302,409	447,313	215,70	15:46:58
pika	124,418	160,432	89,403	15:47:03
mamo	359,340	114,423	128,28	15:47:12
mamo	442,113	135,431	285,132	15:47:25
pika	240,274	344,285	46,41	15:47:31
pika	341,337	439,298	159,163	15:47:42
pika	358,273	90,27	214,169	15:47:47
mamp	419,83	18,43	16,136	15:47:52
pika	60,447	239,185	388,33	15:48:03
pika	306,138	297,159	412,332	15:48:08
mamozuki	189,262	178,138	69,327	15:48:21
mmo	290,416	109,369	433,312	15:48:31
mamo	47,362	385,55	394,390	15:48:43
fufu	427,37	441,291	208,55	15:49:06
mamo	290,401	459,300	264,350	15:49:14
pika	151,163	416,357	74,138	15:49:19
mamo	101,415	450,414	67,117	15:49:27
mamo	36,230	33,180	105,156	15:49:38
mamo	318,41	182,268	322,379	15:49:43
mamo	312,121	290,281	411,63	15:49:48
pika	140,71	216,65	418,279	15:49:52
pika	193,28	204,152	432,260	15:49:55
mamo	258,458	480,281	147,94	15:49:58
mamozuki	426,454	125,118	232,437	15:50:08
mamo	486,53	68,286	324,468	15:50:16
fufu	339,454	49,64	29,457	15:50:27
mamozuki	333,211	475,47	352,416	15:50:33
mamo	296,119	383,285	390,40	15:50:38
mamo	369,325	484,484	432,225	15:50:45
mamozuki	431,428	267,488	223,101	15:50:54
pik	466,71	64,25	125,82	15:51:02
fufu	471,447	282,455	483,143	15:51:08
pika	380,289	252,273	84,151	15:51:12
pika	302,443	466,295	436,407	15:51:20
mamo	29,377	345,286	374,78	15:51:25
pika	376,350	138,430	364,253	15:51:30
pika	21,344	210,292	308,202	15:51:34
mamozuki	425,198	481,186	461,74	15:51:43
mamo	327,272	27,302	77,453	15:51:50