pika	391,41	216,359	395,193	15:51:15	42
mamo	486,420	466,135	48,26	15:45:40	1
pika	77,378	218,284	101,337	15:50:46	38
pika	17,46	151,56	365,187	15:48:11	19
mamofudo	451,398	119,210	123,346	15:46:39	7
pika	480,200	18,58	163,93	15:46:13	5
pika	115,72	67,147	76,253	15:47:01	10
pika	23,28	369,459	24,30	15:49:01	22
mamo	154,238	467,70	310,310	15:50:36	36
mamo	47,391	148,373	38,126	15:50:28	35
fufu	281,293	134,442	28,68	15:47:28	13
mamo	196,412	444,339	304,208	15:51:35	46
pika	14,381	248,59	194,65	15:45:56	3
mamo	302,153	253,50	22,320	15:49:46	28
pika	254,421	291,307	450,150	15:46:51	9
mamozuki	76,358	489,417	96,438	15:50:13	33
mamo	94,322	203,172	357,266	15:46:47	8
mamo	472,215	100,255	419,377	15:51:06	40
mamofudo	83,486	84,230	32,399	15:49:35	26
mamozuki	35,425	89,233	175,236	15:47:10	11
mamo	44,216	18,283	221,415	15:49:17	24
mamop	264,426	482,179	18,329	15:48:05	18
mamozuki	50,230	454,95	53,165	15:50:59	39
mamo	67,215	473,407	217,122	15:50:01	32
pika	428,58	228,125	188,159	15:50:40	37
pika	27,166	224,232	336,184	15:49:50	29
pika	436,397	257,297	167,38	15:49:53	30
pika	237,152	242,200	252,74	15:49:40	27
mamo	348,115	438,274	26,142	15:51:32	45
mamo	163,62	52,204	431,228	15:46:06	4
fufu	361,351	363,67	427,305	15:47:59	17
fufu	434,46	256,333	263,59	15:51:10	41
pika	328,478	105,100	94,196	15:49:09	23
mamozuki	43,236	379,412	248,230	15:46:24	6
mamo	347,119	193,213	98,56	15:51:53	48
pika	437,319	434,366	263,222	15:51:28	44
pika	340,30	42,217	206,132	15:45:47	2
mamozuki	367,14	142,80	418,272	15:48:38	21
onka	288,255	363,115	201,424	15:51:49	47
mamo	165,353	21,269	375,230	15:50:21	34
pika	309,341	144,310	36,277	15:49:57	31
mamo	149,207	426,247	34,439	15:47:50	16
pika	426,423	260,418	118,450	15:47:14	12
pika	89,154	125,240	275,406	15:48:28	20
mamo	430,321	167,177	252,84	15:51:22	43
mamo	106,64	466,431	23,193	15:47:36	14
mamo	215,192	480,472	474,272	15:49:25	25
pika	76,347	113,369	99,460	15:47:45	15