fudomiku	222,227	234,224	252,386	08:21:15
fudopika	104,300	486,183	249,407	08:21:35
fudopika	72,446	231,208	87,91	08:21:53
zida	287,472	248,82	214,216	08:22:11
fufupudo	61,155	369,312	256,342	08:22:58
pikafudo	174,45	91,143	267,441	08:23:17
zida	275,229	60,194	188,425	08:23:44
pazukika	321,468	79,65	201,320	08:24:14
pika	78,308	159,215	68,209	08:24:43
mumozu	440,295	130,436	468,368	08:25:15
koma	352,49	324,93	247,400	08:25:36
doku	174,43	382,411	114,105	08:26:01
mamuzuzu	136,165	250,15	466,16	08:26:39
doku	346,297	473,414	352,184	08:26:57
pikazu	244,302	468,363	247,446	08:27:22
koma	241,109	484,74	192,241	08:27:36
fidu	464,355	273,356	276,377	08:27:54
zida	451,401	51,210	405,27	08:28:09
muzu	417,30	13,156	442,35	08:28:34
fufudoki	108,153	411,425	256,449	08:29:02
fafuzozi	40,419	483,121	72,260	08:29:41
doku	215,261	314,198	185,175	08:29:52
pika	371,419	466,348	291,223	08:30:03
mamozi	303,42	322,297	106,23	08:30:29
fafudu	48,80	368,311	425,153	08:30:50
miza	197,385	64,238	105,459	08:31:00
pifuka	254,310	230,77	17,404	08:31:17
mamomuzi	242,377	333,217	235,133	08:31:37
midiza	430,48	165,261	335,261	08:31:46
mamuzu	274,372	330,152	192,264	08:32:00
mumuzu	71,337	478,120	40,175	08:32:31
doku	55,108	473,204	312,51	08:32:48
zumuzi	402,238	70,404	383,21	08:33:05
doku	428,481	164,348	416,409	08:33:20
koma	306,446	338,299	76,400	08:33:41
duki	68,136	246,56	246,276	08:33:57
fuzumu	221,290	373,203	483,194	08:34:14
mizu	243,395	422,302	309,314	08:34:21
zida	313,246	305,466	104,230	08:34:30
pika	385,400	185,233	209,251	08:34:39
zida	142,267	377,378	312,132	08:34:56
zida	163,42	412,45	234,405	08:35:09
koma	229,467	310,160	278,128	08:35:23
midiza	294,378	159,348	125,253	08:35:47
doku	316,369	72,55	436,79	08:36:03
pika	449,187	445,291	393,189	08:36:14
dofuza	414,333	226,89	103,70	08:36:25
pizuki	339,367	431,178	28,133	08:36:42