pika	391,41	216,359	395,193	08:31:51	29
zida	486,420	466,135	48,26	08:31:40	28
kafupu	77,378	218,284	101,337	08:30:56	25
dofuzu	17,46	151,56	365,187	08:36:19	46
kafapuzi	451,398	119,210	123,346	08:28:06	17
midza	480,200	18,58	163,93	08:30:37	24
zida	115,72	67,147	76,253	08:25:43	11
doku	23,28	369,459	24,30	08:32:56	32
fapiduko	154,238	467,70	310,310	08:31:29	27
fufumimu	47,391	148,373	38,126	08:22:02	3
mimu	281,293	134,442	28,68	08:27:33	15
zimizu	196,412	444,339	304,208	08:33:50	35
doku	14,381	248,59	194,65	08:23:55	7
fidufu	302,153	253,50	22,320	08:32:18	30
koma	254,421	291,307	450,150	08:34:16	37
fidupu	76,358	489,417	96,438	08:34:35	39
zimupu	94,322	203,172	357,266	08:33:15	33
momizu	472,215	100,255	419,377	08:35:19	42
kazu	83,486	84,230	32,399	08:24:28	8
muza	35,425	89,233	175,236	08:31:05	26
miduzi	44,216	18,283	221,415	08:34:05	36
pikomu	264,426	482,179	18,329	08:33:36	34
fifipadu	50,230	454,95	53,165	08:26:27	12
midiza	67,215	473,407	217,122	08:21:27	1
doki	428,58	228,125	188,159	08:36:49	48
mizu	27,166	224,232	336,184	08:29:59	22
pika	436,397	257,297	167,38	08:35:40	43
muzo	237,152	242,200	252,74	08:23:23	6
fufuziza	348,115	438,274	26,142	08:22:23	4
mizu	163,62	52,204	431,228	08:23:11	5
mamuzu	361,351	363,67	427,305	08:29:12	20
pika	434,46	256,333	263,59	08:28:48	19
midazi	328,478	105,100	94,196	08:27:41	16
kapu	43,236	379,412	248,230	08:25:32	10
fafudozi	347,119	193,213	98,56	08:28:24	18
muzu	437,319	434,366	263,222	08:21:46	2
padukuzi	340,30	42,217	206,132	08:26:50	13
pika	367,14	142,80	418,272	08:32:41	31
pika	288,255	363,115	201,424	08:34:24	38
fufizu	165,353	21,269	375,230	08:36:30	47
fudo	309,341	144,310	36,277	08:24:57	9
mamuzozi	149,207	426,247	34,439	08:29:47	21
dumu	426,423	260,418	118,450	08:35:06	41
fifidumu	89,154	125,240	275,406	08:34:54	40
zuku	430,321	167,177	252,84	08:27:08	14
dikuzozi	106,64	466,431	23,193	08:30:17	23
mimuzu	215,192	480,472	474,272	08:36:09	45
zizi	76,347	113,369	99,460	08:35:56	44