zida	345,272	210,364	139,272	11:18:08
pika	181,393	142,166	131,211	11:18:22
zudu	270,339	442,236	81,388	11:18:33
mamazuzu	42,367	30,225	464,141	11:18:55
mida	401,464	272,232	338,411	11:19:11
zida	67,246	225,464	342,166	11:19:28
mamafufu	387,318	74,468	247,299	11:19:40
zida	475,375	323,459	250,206	11:19:49
mida	107,398	17,239	132,173	11:20:05
mumozika	183,43	146,445	264,474	11:20:18
pika	366,321	230,100	294,81	11:20:45
zuku	81,159	30,435	344,413	11:20:53
mamo	134,198	195,333	72,323	11:21:04
pika	114,242	225,246	398,346	11:21:10
zuzi	446,177	194,397	402,265	11:21:26
mida	295,433	141,314	167,115	11:21:43
mamozika	445,238	264,465	182,117	11:22:01
mizi	387,306	305,91	148,367	11:22:20
zuziki	404,252	119,139	487,26	11:22:33
pika	474,442	193,177	349,104	11:22:48
pika	255,191	388,318	169,145	11:23:08
zika	127,153	29,440	122,269	11:23:20
pika	431,154	47,82	458,204	11:23:39
mazuki	187,412	431,440	386,123	11:23:49
zuki	67,282	418,362	363,76	11:23:59
muziki	238,276	317,346	404,314	11:24:06
zika	362,388	265,64	74,124	11:24:20
muziki	158,15	267,195	86,234	11:24:31
zida	388,262	155,329	212,51	11:24:42
muzuku	441,268	323,369	139,195	11:24:55
pika	434,366	461,261	222,374	11:25:06
mika	84,93	272,339	147,335	11:25:25
zika	452,294	339,229	478,415	11:25:33
ziki	452,376	187,117	214,388	11:25:48
pika	155,218	177,162	447,298	11:26:06
mizi	324,139	330,460	93,104	11:26:26
fida	444,448	415,184	57,219	11:26:35
zuki	254,302	399,152	129,78	11:26:45
pika	287,246	220,306	195,332	11:26:53
pika	84,339	59,250	11,15	11:27:04
zuki	58,325	144,377	295,227	11:27:17
pika	471,248	184,395	421,231	11:27:29
zuzu	124,185	43,32	327,161	11:27:34
miki	100,123	397,309	418,101	11:27:47
mamuzuku	150,12	430,199	252,431	11:27:59
ziziki	204,299	265,338	186,69	11:28:21
zuzi	74,166	307,248	71,238	11:28:30
mumomzu	468,185	412,20	206,249	11:28:43