muzi	391,41	216,359	395,193	11:26:29	36
pikafufu	486,420	466,135	48,26	11:19:22	5
pika	77,378	218,284	101,337	11:22:04	17
pika	17,46	151,56	365,187	11:21:07	13
mamuzika	451,398	119,210	123,346	11:26:15	35
pika	480,200	18,58	163,93	11:18:24	2
pika	115,72	67,147	76,253	11:20:09	9
pika	23,28	369,459	24,30	11:24:22	27
mamuziza	154,238	467,70	310,310	11:18:18	1
mida	47,391	148,373	38,126	11:19:46	7
mamuzuku	281,293	134,442	28,68	11:20:50	11
mamuzika	196,412	444,339	304,208	11:27:02	39
pika	14,381	248,59	194,65	11:19:31	6
zika	302,153	253,50	22,320	11:21:56	16
pika	254,421	291,307	450,150	11:23:50	24
mumi	76,358	489,417	96,438	11:28:51	48
mumu	94,322	203,172	357,266	11:23:06	20
mida	472,215	100,255	419,377	11:24:16	26
mamu	83,486	84,230	32,399	11:27:55	44
mamuzuzo	35,425	89,233	175,236	11:27:27	41
mazuma	44,216	18,283	221,415	11:25:43	33
pika	264,426	482,179	18,329	11:26:52	38
mida	50,230	454,95	53,165	11:23:13	21
mamuzika	67,215	473,407	217,122	11:22:25	18
pika	428,58	228,125	188,159	11:27:36	43
pika	27,166	224,232	336,184	11:20:28	10
flama	436,397	257,297	167,38	11:21:37	15
pika	237,152	242,200	252,74	11:24:01	25
zika	348,115	438,274	26,142	11:27:09	40
pika	163,62	52,204	431,228	11:19:55	8
pika	361,351	363,67	427,305	11:28:24	46
pida	434,46	256,333	263,59	11:26:38	37
zumu	328,478	105,100	94,196	11:24:36	28
mumizi	43,236	379,412	248,230	11:22:42	19
zida	347,119	193,213	98,56	11:23:37	22
mazamu	437,319	434,366	263,222	11:21:21	14
pika	340,30	42,217	206,132	11:18:35	3
zuzi	367,14	142,80	418,272	11:28:08	45
pika	288,255	363,115	201,424	11:25:27	32
zimu	165,353	21,269	375,230	11:23:44	23
pika	309,341	144,310	36,277	11:27:31	42
zumazi	149,207	426,247	34,439	11:25:15	31
pika	426,423	260,418	118,450	11:28:31	47
pika	89,154	125,240	275,406	11:24:44	29
zida	430,321	167,177	252,84	11:19:07	4
ziki	106,64	466,431	23,193	11:25:04	30
mika	215,192	480,472	474,272	11:26:04	34
pika	76,347	113,369	99,460	11:20:59	12