fida	430,102	406,436	140,38	12:17:36
zida	302,147	220,238	164,57	12:17:44
zuzika	444,99	246,120	379,456	12:18:00
zuki	331,156	342,358	160,152	12:18:25
pika	142,276	121,447	112,198	12:18:44
pika	192,51	290,107	476,419	12:18:59
mamo	135,287	76,344	35,229	12:19:11
ziziki	391,468	317,147	97,206	12:19:22
mamozuku	112,418	351,444	285,20	12:19:34
zida	106,417	286,216	374,387	12:19:45
pika	404,75	427,203	172,413	12:19:57
zuzika	132,296	209,197	150,233	12:20:20
pika	341,19	79,376	267,146	12:20:31
zida	252,229	98,479	220,357	12:20:37
zika	140,472	110,325	274,308	12:20:56
pika	423,272	101,272	327,239	12:21:11
fida	423,278	95,351	78,97	12:21:42
pika	415,50	211,242	187,297	12:21:57
zida	437,289	224,297	242,19	12:22:17
zika	72,409	106,140	295,363	12:22:45
mamafufu	307,338	426,102	63,310	12:22:59
pika	478,457	374,414	169,56	12:23:03
zuzi	336,290	342,55	476,481	12:23:24
muziki	278,401	41,478	152,217	12:23:40
pika	276,56	102,363	45,311	12:24:00
ziki	230,174	292,329	489,75	12:24:36
zadi	285,99	15,19	385,246	12:24:46
mamozuki	28,201	94,443	293,146	12:24:57
zika	262,280	113,146	204,271	12:25:09
pika	191,50	71,42	95,57	12:25:16
pika	33,362	447,63	350,109	12:25:29
mamo	269,145	197,273	153,91	12:25:45
ziki	29,170	282,112	123,85	12:26:03
zudu	146,421	337,237	202,173	12:26:23
pika	466,135	441,70	475,29	12:26:38
muziki	157,56	428,253	186,232	12:26:47
ziziki	125,452	278,216	325,312	12:27:08
mamozuki	37,64	476,318	383,475	12:27:15
mamo	383,39	405,229	266,117	12:27:20
pika	248,375	354,350	30,67	12:28:02
zida	392,242	241,343	301,226	12:28:08
mamo	362,448	271,299	210,447	12:28:13
pika	41,325	409,308	50,243	12:28:30
pika	130,77	296,116	384,189	12:28:33
pika	100,277	218,15	15,473	12:28:42
mida	122,397	224,352	249,35	12:28:50
zuzu	88,120	473,349	409,192	12:29:20
zuzi	131,211	106,191	243,191	12:29:33