fida	391,41	216,359	395,193	12:29:37	48
fida	486,420	466,135	48,26	12:20:33	13
pika	77,378	218,284	101,337	12:25:47	32
zuzu	17,46	151,56	365,187	12:26:11	33
zuzu	451,398	119,210	123,346	12:25:42	31
pika	480,200	18,58	163,93	12:19:14	7
ziki	115,72	67,147	76,253	12:24:08	25
pika	23,28	369,459	24,30	12:23:01	21
ziki	154,238	467,70	310,310	12:28:40	44
mika	47,391	148,373	38,126	12:21:09	15
fadi	281,293	134,442	28,68	12:27:18	38
zuki	196,412	444,339	304,208	12:29:02	46
zuzu	14,381	248,59	194,65	12:18:58	5
zuziki	302,153	253,50	22,320	12:23:58	24
pika	254,421	291,307	450,150	12:21:13	16
mida	76,358	489,417	96,438	12:28:10	41
zida	94,322	203,172	357,266	12:22:53	20
zida	472,215	100,255	419,377	12:18:06	3
mika	83,486	84,230	32,399	12:25:14	29
mika	35,425	89,233	175,236	12:22:29	19
mika	44,216	18,283	221,415	12:23:32	23
mamozuka	264,426	482,179	18,329	12:20:29	12
pika	50,230	454,95	53,165	12:28:31	43
miki	67,215	473,407	217,122	12:26:34	34
pika	428,58	228,125	188,159	12:28:03	40
pika	27,166	224,232	336,184	12:26:41	35
pika	436,397	257,297	167,38	12:17:47	2
pika	237,152	242,200	252,74	12:17:40	1
mida	348,115	438,274	26,142	12:18:42	4
fida	163,62	52,204	431,228	12:19:37	9
mumuzu	361,351	363,67	427,305	12:26:58	36
fida	434,46	256,333	263,59	12:28:26	42
pika	328,478	105,100	94,196	12:25:00	28
mumuzika	43,236	379,412	248,230	12:21:55	17
mamo	347,119	193,213	98,56	12:20:52	14
mida	437,319	434,366	263,222	12:20:01	11
pika	340,30	42,217	206,132	12:24:48	27
mumuziki	367,14	142,80	418,272	12:27:45	39
pika	288,255	363,115	201,424	12:28:44	45
zika	165,353	21,269	375,230	12:25:27	30
pika	309,341	144,310	36,277	12:24:38	26
mika	149,207	426,247	34,439	12:23:13	22
pika	426,423	260,418	118,450	12:21:58	18
pika	89,154	125,240	275,406	12:27:09	37
mida	430,321	167,177	252,84	12:19:47	10
mamafufu	106,64	466,431	23,193	12:19:29	8
zuzu	215,192	480,472	474,272	12:29:22	47
zika	76,347	113,369	99,460	12:19:09	6