pika	88,376	406,386	447,313	13:41:14
mamozuki	160,248	413,307	67,318	13:41:30
mamo	428,37	130,367	476,286	13:41:40
mamoziki	462,397	234,259	428,78	13:42:01
mamozuku	378,210	148,58	101,142	13:42:14
fida	216,372	369,283	183,356	13:42:31
mamo	404,384	15,54	98,400	13:42:43
mamo	427,75	398,251	23,140	13:42:54
pika	205,135	293,414	239,200	13:43:07
mamo	224,126	400,362	174,490	13:43:16
mamoziki	13,380	371,372	172,64	13:43:25
zufu	237,85	437,242	129,45	13:43:59
zuku	343,187	115,264	13,214	13:44:36
pika	151,65	110,58	305,122	13:44:48
fidu	188,20	246,470	423,475	13:45:13
mamoziki	96,91	100,12	466,56	13:45:23
fudu	314,135	294,237	431,350	13:45:31
mamozuku	64,369	376,184	245,362	13:45:45
pika	460,217	268,203	465,205	13:45:51
mamo	271,318	382,376	92,384	13:46:01
fudi	100,177	464,190	178,439	13:46:18
pika	235,482	84,38	229,25	13:46:22
pika	378,283	383,263	457,137	13:46:28
mamozuki	134,426	343,392	139,318	13:46:35
mamoziki	107,400	146,478	286,227	13:46:50
pika	372,376	394,346	75,82	13:46:57
pika	295,300	73,368	327,291	13:47:04
mamoziki	382,215	84,274	467,50	13:47:18
mamo	401,111	466,254	12,114	13:47:26
pika	82,108	24,217	96,299	13:47:31
pika	433,458	184,337	313,249	13:47:36
mamo	408,117	58,470	475,375	13:47:52
mamozuku	271,366	99,345	150,76	13:48:11
pika	384,61	176,360	304,178	13:48:16
mamozuki	464,376	276,477	102,362	13:48:31
fudi	286,45	329,460	371,151	13:48:43
mamozuku	179,156	111,89	27,274	13:49:07
fudi	88,30	163,449	392,325	13:49:19
mamozuku	23,138	399,450	370,37	13:49:32
mamo	485,31	92,104	78,387	13:49:39
pika	216,255	396,452	235,328	13:49:46
pika	436,404	474,56	482,11	13:49:50
mamo	320,80	31,473	38,412	13:49:57
mamo	307,50	60,215	490,419	13:50:00
mamozuku	242,484	439,323	97,27	13:50:10
pika	219,302	272,125	263,17	13:50:27
mamo	442,209	410,426	254,401	13:50:37
mamo	427,84	470,447	66,18	13:50:44