mamo	391,41	216,359	395,193	13:49:58	43
pika	486,420	466,135	48,26	13:47:34	30
pika	77,378	218,284	101,337	13:49:23	38
pika	17,46	151,56	365,187	13:47:02	26
pika	451,398	119,210	123,346	13:45:26	16
pika	480,200	18,58	163,93	13:48:13	33
ziki	115,72	67,147	76,253	13:50:32	46
pika	23,28	369,459	24,30	13:49:42	40
fudi	154,238	467,70	310,310	13:44:46	13
mamozuku	47,391	148,373	38,126	13:48:01	32
mamo	281,293	134,442	28,68	13:41:20	1
mamozuku	196,412	444,339	304,208	13:50:25	45
pika	14,381	248,59	194,65	13:42:04	4
zidu	302,153	253,50	22,320	13:47:24	28
fudi	254,421	291,307	450,150	13:45:37	17
fudi	76,358	489,417	96,438	13:50:04	44
mamozuki	94,322	203,172	357,266	13:49:02	36
mamo	472,215	100,255	419,377	13:44:50	14
pika	83,486	84,230	32,399	13:49:48	41
pika	35,425	89,233	175,236	13:42:37	6
mamozuki	44,216	18,283	221,415	13:49:13	37
mamozuki	264,426	482,179	18,329	13:49:54	42
fudi	50,230	454,95	53,165	13:46:09	20
mamozuki	67,215	473,407	217,122	13:45:49	18
pika	428,58	228,125	188,159	13:48:34	35
mamoziku	27,166	224,232	336,184	13:45:19	15
pika	436,397	257,297	167,38	13:46:20	21
pika	237,152	242,200	252,74	13:42:47	7
ziki	348,115	438,274	26,142	13:50:52	48
fudi	163,62	52,204	431,228	13:46:43	24
mamoziki	361,351	363,67	427,305	13:43:04	8
mamo	434,46	256,333	263,59	13:47:10	27
pika	328,478	105,100	94,196	13:46:30	23
mamozuki	43,236	379,412	248,230	13:45:56	19
mamo	347,119	193,213	98,56	13:44:05	12
fudi	437,319	434,366	263,222	13:49:37	39
pika	340,30	42,217	206,132	13:42:18	5
mamo	367,14	142,80	418,272	13:47:28	29
pika	288,255	363,115	201,424	13:43:10	9
mamo	165,353	21,269	375,230	13:48:25	34
pika	309,341	144,310	36,277	13:41:43	3
mamo	149,207	426,247	34,439	13:46:55	25
mamozuki	426,423	260,418	118,450	13:43:21	10
pika	89,154	125,240	275,406	13:50:39	47
pika	430,321	167,177	252,84	13:41:34	2
mamo	106,64	466,431	23,193	13:43:30	11
mamozuki	215,192	480,472	474,272	13:47:40	31
pika	76,347	113,369	99,460	13:46:26	22