pika	43,93	348,287	74,102	15:04:09
mamo	131,286	266,389	278,111	15:04:12
zufu	472,251	344,230	400,487	15:04:22
pika	32,337	386,68	453,108	15:04:29
fudi	334,147	142,212	409,69	15:04:36
pika	272,441	151,129	237,214	15:04:41
fudi	220,357	489,476	256,277	15:04:52
mamoziki	96,237	37,430	457,427	15:04:57
zifu	426,478	274,322	56,236	15:05:10
mamozuku	419,379	372,71	100,290	15:05:15
mamoziki	129,362	241,270	481,467	15:05:24
mamo	474,211	334,473	196,99	15:05:27
pika	259,282	326,286	222,292	15:05:30
mamozuku	223,157	279,486	469,324	15:05:34
mamozuku	232,397	213,113	458,303	15:05:39
fudi	393,97	175,143	356,165	15:05:46
mamoziki	120,339	366,444	321,72	15:05:54
mamo	53,89	343,369	364,75	15:05:58
pika	170,96	221,439	92,199	15:06:03
pika	273,313	106,476	415,73	15:06:07
pika	288,318	159,453	451,25	15:06:11
pika	128,80	353,483	34,183	15:06:14
mamozuku	65,77	262,398	435,135	15:06:20
pika	462,114	221,192	63,302	15:06:24
mamoziki	381,325	124,477	311,49	15:06:29
mamo	59,108	357,208	71,317	15:06:35
pika	356,36	143,413	250,471	15:06:37
mamozuku	236,202	391,365	242,438	15:06:41
pika	178,451	341,156	153,442	15:06:44
mamoziki	121,341	281,309	423,445	15:06:48
mamoziki	258,240	81,267	134,368	15:07:01
pika	384,479	393,37	402,153	15:07:09
pika	17,147	344,398	22,96	15:07:12
pika	345,189	56,196	335,198	15:07:15
pika	148,445	49,418	263,462	15:07:17
pika	373,31	211,443	288,334	15:07:19
pika	320,181	322,223	208,233	15:07:22
pika	365,214	370,218	121,381	15:07:24
pika	303,456	80,349	161,404	15:07:28
pika	57,298	359,95	225,132	15:07:31
mamoziki	66,107	152,267	60,430	15:07:36
pika	110,369	121,422	101,318	15:07:39
pika	165,455	42,44	183,152	15:07:42
mamozuku	415,476	117,484	334,268	15:07:49
fudi	398,380	75,267	465,290	15:07:55
pika	388,41	387,50	297,436	15:07:58
mamo	469,397	314,100	328,405	15:08:04
pika	407,482	370,438	36,62	15:08:06