fudi	391,41	216,359	395,193	15:07:57	45
mamoziki	486,420	466,135	48,26	15:06:26	24
pika	77,378	218,284	101,337	15:06:39	27
pika	17,46	151,56	365,187	15:07:20	36
zufu	451,398	119,210	123,346	15:05:51	16
pika	480,200	18,58	163,93	15:04:10	1
pika	115,72	67,147	76,253	15:06:45	29
pika	23,28	369,459	24,30	15:07:40	42
mamozuki	154,238	467,70	310,310	15:06:33	25
fudi	47,391	148,373	38,126	15:04:19	2
mamo	281,293	134,442	28,68	15:04:54	7
mamo	196,412	444,339	304,208	15:07:29	39
zufu	14,381	248,59	194,65	15:04:28	3
pika	302,153	253,50	22,320	15:06:36	26
pika	254,421	291,307	450,150	15:05:26	11
pika	76,358	489,417	96,438	15:06:04	19
mamo	94,322	203,172	357,266	15:06:13	21
mamo	472,215	100,255	419,377	15:05:28	12
fudi	83,486	84,230	32,399	15:06:55	30
zufu	35,425	89,233	175,236	15:08:01	46
pika	44,216	18,283	221,415	15:06:22	23
mamozuki	264,426	482,179	18,329	15:05:21	10
pika	50,230	454,95	53,165	15:08:05	47
mamoziki	67,215	473,407	217,122	15:07:27	38
pika	428,58	228,125	188,159	15:07:23	37
pika	27,166	224,232	336,184	15:07:16	34
pika	436,397	257,297	167,38	15:07:38	41
pika	237,152	242,200	252,74	15:07:13	33
mamoziki	348,115	438,274	26,142	15:07:08	31
mamoziki	163,62	52,204	431,228	15:04:47	6
pika	361,351	363,67	427,305	15:07:18	35
mamo	434,46	256,333	263,59	15:07:11	32
pika	328,478	105,100	94,196	15:04:59	8
zufu	43,236	379,412	248,230	15:06:01	18
mamo	347,119	193,213	98,56	15:04:38	5
pika	437,319	434,366	263,222	15:06:42	28
pika	340,30	42,217	206,132	15:07:51	44
mamozuku	367,14	142,80	418,272	15:06:10	20
pika	288,255	363,115	201,424	15:07:44	43
mamozuku	165,353	21,269	375,230	15:07:33	40
pika	309,341	144,310	36,277	15:05:43	15
mamozuku	149,207	426,247	34,439	15:06:18	22
zifu	426,423	260,418	118,450	15:05:12	9
pika	89,154	125,240	275,406	15:08:07	48
mamo	430,321	167,177	252,84	15:05:57	17
pik	106,64	466,431	23,193	15:05:31	13
mamo	215,192	480,472	474,272	15:05:37	14
fudi	76,347	113,369	99,460	15:04:32	4