pika	317,316	350,75	228,366	08:29:37
mamozuku	122,432	43,148	395,79	08:29:57
pika	150,122	88,460	16,490	08:30:02
pika	89,266	14,121	229,432	08:30:07
mamo	343,488	277,74	13,374	08:30:18
pika	158,105	368,182	227,116	08:30:25
pika	466,43	328,89	168,197	08:30:36
mamoziki	104,307	308,181	277,313	08:30:49
mamoziki	181,355	89,184	466,308	08:31:03
zufu	125,319	305,392	382,307	08:31:12
mamozuku	275,50	402,152	222,138	08:31:24
pika	257,198	171,95	276,328	08:31:28
mamozuku	281,369	145,99	59,412	08:31:34
pika	401,229	277,480	403,252	08:31:40
mamozuku	297,38	81,112	419,453	08:31:54
pika	409,203	12,321	345,224	08:32:04
pika	448,111	411,129	196,196	08:32:12
pika	446,466	74,101	75,123	08:32:16
pika	22,466	342,288	455,254	08:32:22
mamoziki	50,262	281,121	364,210	08:32:30
pika	83,282	402,85	112,256	08:32:35
fudi	298,70	357,219	189,62	08:32:47
mamoziki	404,144	38,467	235,102	08:32:53
pika	100,246	77,431	44,42	08:33:01
pika	195,84	294,466	194,167	08:33:06
pika	185,267	439,96	342,60	08:33:15
mamoziki	342,150	120,209	358,298	08:33:26
mamozuku	244,117	180,206	470,208	08:33:40
pika	375,438	160,275	183,321	08:33:44
fudi	227,167	123,111	223,228	08:33:51
pika	113,50	53,452	115,270	08:33:55
pika	328,227	211,360	364,116	08:34:02
zufu	429,118	222,118	313,202	08:34:15
mamozuku	316,198	150,466	462,322	08:34:20
pika	297,199	479,410	299,212	08:34:25
mamoziki	147,401	252,189	363,357	08:34:31
mamo	448,201	93,169	71,447	08:34:34
mamo	274,489	74,485	117,376	08:34:39
mamoziki	197,422	83,336	398,54	08:34:45
mamoziki	168,205	243,157	124,51	08:34:54
mamozuku	358,260	442,120	439,315	08:35:02
pika	466,396	25,69	74,85	08:35:05
mamozuki	25,337	84,88	332,190	08:35:16
pika	454,38	121,47	364,29	08:35:21
pika	91,41	223,323	187,337	08:35:29
mamozuku	363,55	106,314	164,54	08:35:39
mamoziki	138,140	440,153	198,24	08:35:44
pika	228,213	351,301	290,192	08:35:48