pika	391,41	216,359	395,193	08:33:04	24
mamo	486,420	466,135	48,26	08:34:07	32
pika	77,378	218,284	101,337	08:35:03	41
pika	17,46	151,56	365,187	08:33:54	30
mamo	451,398	119,210	123,346	08:31:09	9
pika	480,200	18,58	163,93	08:33:17	26
pka	115,72	67,147	76,253	08:30:08	4
pika	23,28	369,459	24,30	08:32:14	17
mamoziki	154,238	467,70	310,310	08:35:27	44
mamoziki	47,391	148,373	38,126	08:34:23	34
mamoziki	281,293	134,442	28,68	08:32:27	19
mamoziki	196,412	444,339	304,208	08:31:31	12
pika	14,381	248,59	194,65	08:32:19	18
pika	302,153	253,50	22,320	08:34:42	38
pika	254,421	291,307	450,150	08:29:39	1
mamozuku	76,358	489,417	96,438	08:34:00	31
mamozuku	94,322	203,172	357,266	08:30:42	7
mamozuku	472,215	100,255	419,377	08:31:18	10
pika	83,486	84,230	32,399	08:33:47	29
mamoziki	35,425	89,233	175,236	08:34:59	40
pika	44,216	18,283	221,415	08:32:49	22
mamoziki	264,426	482,179	18,329	08:34:49	39
pika	50,230	454,95	53,165	08:35:46	47
mamozuku	67,215	473,407	217,122	08:32:11	16
pika	428,58	228,125	188,159	08:35:41	46
fudi	27,166	224,232	336,184	08:30:05	3
pika	436,397	257,297	167,38	08:30:23	5
pika	237,152	242,200	252,74	08:34:16	33
mamoziki	348,115	438,274	26,142	08:32:38	21
mamozuku	163,62	52,204	431,228	08:32:02	15
pika	361,351	363,67	427,305	08:31:26	11
mamoziki	434,46	256,333	263,59	08:32:58	23
pika	328,478	105,100	94,196	08:29:59	2
mamozuku	43,236	379,412	248,230	08:35:32	45
mamo	347,119	193,213	98,56	08:33:37	27
pika	437,319	434,366	263,222	08:34:36	37
pika	340,30	42,217	206,132	08:35:06	42
mamo	367,14	142,80	418,272	08:33:12	25
pika	288,255	363,115	201,424	08:33:42	28
zufu	165,353	21,269	375,230	08:30:34	6
pika	309,341	144,310	36,277	08:31:41	14
mamozuku	149,207	426,247	34,439	08:34:28	35
pika	426,423	260,418	118,450	08:32:34	20
pika	89,154	125,240	275,406	08:30:56	8
mamoziki	430,321	167,177	252,84	08:35:20	43
mamozuku	106,64	466,431	23,193	08:31:38	13
mamozuku	215,192	480,472	474,272	08:35:54	48
pika	76,347	113,369	99,460	08:34:33	36