fudi	71,342	233,355	164,290	09:47:47
mamozuku	487,387	380,463	167,278	09:47:58
pika	306,16	454,432	363,474	09:48:04
fufu	234,257	225,154	93,197	09:48:18
mamozuki	143,216	181,325	290,73	09:48:33
mamo	215,350	405,438	215,79	09:48:42
mamozuki	237,211	455,127	184,132	09:49:00
pika	395,479	137,359	421,489	09:49:04
mamofudu	342,165	256,76	308,339	09:49:17
mamozuki	262,440	64,433	274,344	09:49:28
pika	15,479	204,410	427,408	09:49:31
pika	478,174	129,443	291,302	09:49:34
pika	84,195	291,210	63,221	09:49:41
pika	326,462	385,279	383,82	09:49:59
pika	31,395	423,91	274,111	09:50:03
mamo	135,160	433,413	447,171	09:50:07
pika	353,129	159,458	410,54	09:50:16
mamofudu	467,365	372,197	59,169	09:50:35
pika	100,375	140,475	164,33	09:50:40
mamozuki	67,184	417,479	265,200	09:50:49
mamozuki	100,389	350,43	312,307	09:51:09
mamofudu	204,175	425,353	142,345	09:51:20
pika	396,118	220,278	305,269	09:51:29
pika	436,395	153,86	379,306	09:51:32
mamofudu	108,435	480,35	424,255	09:51:49
pika	224,33	153,84	66,455	09:51:54
pika	380,259	139,315	121,271	09:52:04
pika	169,27	378,378	294,193	09:52:10
mamozuki	156,240	97,299	315,465	09:52:20
mamofudo	115,412	410,104	436,343	09:52:31
pika	349,170	366,12	244,421	09:52:41
mamozuki	456,133	190,104	437,301	09:52:54
mamozuki	364,116	317,252	484,121	09:53:04
pika	435,150	350,41	438,174	09:53:11
mamofudo	15,62	96,415	156,42	09:53:25
pika	267,14	202,142	15,435	09:53:29
pika	73,461	78,252	75,25	09:53:33
pika	62,428	130,368	190,124	09:53:43
mamozuki	479,134	263,338	164,210	09:53:51
mamofudo	209,395	375,455	460,193	09:53:57
pika	303,232	143,357	175,407	09:54:03
mamoziki	21,169	262,107	93,408	09:54:23
pika	138,350	412,329	481,416	09:54:27
pika	274,64	387,341	305,451	09:54:31
pika	356,356	389,475	234,88	09:54:34
fudu	108,222	212,360	70,366	09:54:48
mamozuki	80,80	45,332	177,127	09:54:58
pika	249,304	467,170	143,458	09:55:03