pika	391,41	216,359	395,193	09:51:53	25
mamofudu	486,420	466,135	48,26	09:51:04	20
pika	77,378	218,284	101,337	09:51:30	23
pika	17,46	151,56	365,187	09:48:44	6
mamozudu	451,398	119,210	123,346	09:49:58	13
pika	480,200	18,58	163,93	09:49:29	10
pika	115,72	67,147	76,253	09:50:04	15
pika	23,28	369,459	24,30	09:51:11	21
mamozuki	154,238	467,70	310,310	09:47:52	1
mamozuki	47,391	148,373	38,126	09:53:01	32
mamokudi	281,293	134,442	28,68	09:54:19	41
mamozuki	196,412	444,339	304,208	09:53:08	33
pika	14,381	248,59	194,65	09:53:47	38
mamofudi	302,153	253,50	22,320	09:54:41	45
pika	254,421	291,307	450,150	09:54:25	42
pika	76,358	489,417	96,438	09:53:32	36
mamozuki	94,322	203,172	357,266	09:51:26	22
mamodufu	472,215	100,255	419,377	09:51:38	24
pika	83,486	84,230	32,399	09:49:02	7
pika	35,425	89,233	175,236	09:48:21	4
pika	44,216	18,283	221,415	09:49:20	9
mamo	264,426	482,179	18,329	09:50:14	16
pika	50,230	454,95	53,165	09:54:29	43
mamozuki	67,215	473,407	217,122	09:55:09	48
pika	428,58	228,125	188,159	09:49:06	8
pika	27,166	224,232	336,184	09:50:39	18
mamozuki	436,397	257,297	167,38	09:52:24	29
pika	237,152	242,200	252,74	09:50:01	14
mamozuki	348,115	438,274	26,142	09:50:20	17
mamozuki	163,62	52,204	431,228	09:52:39	30
pika	361,351	363,67	427,305	09:49:39	12
mamozuki	434,46	256,333	263,59	09:53:54	39
pika	328,478	105,100	94,196	09:54:32	44
mamozuki	43,236	379,412	248,230	09:52:08	27
mamozudu	347,119	193,213	98,56	09:48:14	3
pika	437,319	434,366	263,222	09:53:27	35
pika	340,30	42,217	206,132	09:54:50	46
mamokudi	367,14	142,80	418,272	09:52:02	26
pika	288,255	363,115	201,424	09:53:12	34
mamo	165,353	21,269	375,230	09:55:01	47
pika	309,341	144,310	36,277	09:48:35	5
mamozuki	149,207	426,247	34,439	09:50:45	19
pika	426,423	260,418	118,450	09:49:33	11
pika	89,154	125,240	275,406	09:54:01	40
pika	430,321	167,177	252,84	09:48:01	2
mamofudo	106,64	466,431	23,193	09:52:48	31
mamofudi	215,192	480,472	474,272	09:53:41	37
fudu	76,347	113,369	99,460	09:52:15	28