pika	256,435	213,432	426,258	15:08:10
mamo	401,22	91,81	392,461	15:08:17
pika	257,336	145,401	178,367	15:08:27
mamo	243,66	143,425	35,13	15:08:34
pika	235,368	171,100	245,214	15:08:43
mamofudu	475,490	158,197	432,94	15:08:54
mamozuki	444,342	105,45	412,486	15:09:05
mamofudo	16,179	331,150	89,18	15:09:22
pika	27,322	74,160	256,99	15:09:26
fudo	162,481	456,323	90,211	15:09:32
pika	47,74	211,194	261,152	15:09:36
fufu	277,215	484,372	249,406	15:09:42
mamozuki	367,254	94,207	394,172	15:09:51
mamofudo	215,410	484,279	80,250	15:09:59
pika	367,231	240,332	64,319	15:10:04
pika	52,100	383,253	284,153	15:10:07
pika	394,71	357,387	432,116	15:10:11
pika	302,308	359,386	25,262	15:10:17
pika	68,230	182,61	18,252	15:10:22
mamofudo	301,375	473,50	217,46	15:10:33
mamozuki	359,259	135,251	21,408	15:10:39
pika	394,404	469,260	301,410	15:10:45
fudu	365,113	227,234	488,242	15:10:49
pika	486,65	461,178	116,469	15:10:53
pika	419,406	354,401	446,80	15:10:59
mamofudu	437,314	328,81	75,338	15:11:05
pika	436,162	233,107	101,150	15:11:09
fudo	106,185	13,97	190,120	15:11:14
mamo	207,130	455,41	206,437	15:11:20
fufu	294,80	110,50	206,126	15:11:28
pika	431,472	423,93	482,18	15:11:33
mamozuki	301,428	169,43	45,260	15:11:40
pika	183,141	435,185	227,134	15:11:44
mamo	294,424	254,259	455,449	15:11:58
pika	206,258	38,306	297,234	15:12:01
mamozuki	421,238	216,353	320,208	15:12:11
mamozuki	361,131	145,40	163,179	15:12:20
pika	289,335	310,233	30,47	15:12:27
pika	357,314	460,121	82,425	15:12:30
mamoziki	80,277	192,107	92,478	15:12:38
pika	331,23	226,56	366,55	15:12:43
pika	253,236	175,388	265,328	15:12:48
mamozuki	77,64	173,376	287,192	15:12:53
mamofudu	412,154	15,382	264,87	15:13:03
pika	316,333	354,17	430,436	15:13:07
pika	485,270	449,220	315,324	15:13:12
mamofudo	265,78	69,430	455,324	15:13:18
mamozuki	267,42	377,429	407,173	15:13:26