pika	391,41	216,359	395,193	15:11:32	30
mamofudo	486,420	466,135	48,26	15:08:50	5
pika	77,378	218,284	101,337	15:10:09	16
pika	17,46	151,56	365,187	15:09:47	12
mamozuki	451,398	119,210	123,346	15:11:52	33
pika	480,200	18,58	163,93	15:09:37	11
pika	115,72	67,147	76,253	15:09:24	8
pika	23,28	369,459	24,30	15:10:01	14
mamofudo	154,238	467,70	310,310	15:08:40	4
mamozuki	47,391	148,373	38,126	15:11:24	29
mamofudo	281,293	134,442	28,68	15:08:31	3
fudo	196,412	444,339	304,208	15:12:32	39
pika	14,381	248,59	194,65	15:13:14	46
mamozuki	302,153	253,50	22,320	15:13:23	47
pika	254,421	291,307	450,150	15:10:05	15
pika	76,358	489,417	96,438	15:12:55	43
mamozuki	94,322	203,172	357,266	15:12:06	35
mamozuki	472,215	100,255	419,377	15:10:58	24
pika	83,486	84,230	32,399	15:12:13	36
pika	35,425	89,233	175,236	15:08:13	1
pika	44,216	18,283	221,415	15:13:29	48
mamofudo	264,426	482,179	18,329	15:12:46	41
pika	50,230	454,95	53,165	15:11:10	27
mamofudu	67,215	473,407	217,122	15:08:24	2
pika	428,58	228,125	188,159	15:11:17	28
pika	27,166	224,232	336,184	15:13:05	44
pika	436,397	257,297	167,38	15:10:51	23
pika	237,152	242,200	252,74	15:11:42	32
mamo	348,115	438,274	26,142	15:12:41	40
mamo	163,62	52,204	431,228	15:10:47	22
pika	361,351	363,67	427,305	15:11:01	25
mamozuki	434,46	256,333	263,59	15:10:42	21
pika	328,478	105,100	94,196	15:11:35	31
mamoziki	43,236	379,412	248,230	15:09:13	7
fudo	347,119	193,213	98,56	15:10:26	19
pika	437,319	434,366	263,222	15:11:59	34
pika	340,30	42,217	206,132	15:09:28	9
mamo	367,14	142,80	418,272	15:10:15	17
pika	288,255	363,115	201,424	15:12:28	38
mamozuki	165,353	21,269	375,230	15:13:10	45
pika	309,341	144,310	36,277	15:12:49	42
mamo	149,207	426,247	34,439	15:12:24	37
pika	426,423	260,418	118,450	15:09:34	10
pika	89,154	125,240	275,406	15:11:07	26
mamozuki	430,321	167,177	252,84	15:09:56	13
mamozuki	106,64	466,431	23,193	15:10:20	18
mamozuki	215,192	480,472	474,272	15:09:00	6
pika	76,347	113,369	99,460	15:10:34	20