pika	268,305	198,161	447,17	15:44:09
mamo	207,356	409,257	33,137	15:44:16
fufu	451,198	455,339	349,203	15:44:23
mamozuki	356,385	288,56	38,157	15:44:30
mamo	364,140	18,160	93,356	15:44:36
pika	208,350	171,396	21,127	15:44:42
fufu	402,218	473,320	464,15	15:44:49
mamofudo	446,425	203,411	273,62	15:45:00
mamozuki	123,139	436,401	185,464	15:45:12
pika	67,59	113,75	208,196	15:45:20
mamo	420,406	55,100	311,66	15:45:37
pika	216,222	274,199	51,248	15:45:44
fudo	204,487	182,396	408,445	15:45:50
mamo	447,40	94,393	431,268	15:45:54
pika	367,488	316,470	72,34	15:45:58
mamozuki	175,481	429,220	90,250	15:46:04
pika	275,296	461,59	484,22	15:46:08
pika	296,198	19,468	103,416	15:46:14
pika	422,60	446,26	443,386	15:46:19
pika	283,319	383,109	298,445	15:46:23
mamo	132,462	435,71	191,34	15:46:27
mamo	310,456	320,281	24,314	15:46:33
mamo	293,310	21,301	287,114	15:46:37
fudo	227,219	164,182	234,117	15:46:46
pika	77,27	425,450	125,233	15:46:53
fufu	404,247	204,349	307,385	15:47:00
mamofudo	466,225	242,135	140,251	15:47:17
pika	399,335	199,488	398,394	15:47:25
mamo	477,366	61,448	123,262	15:47:30
pika	202,306	415,133	45,288	15:47:34
mamozuki	36,271	387,403	173,476	15:47:40
mamo	439,149	211,190	273,340	15:47:44
pika	430,182	185,139	179,92	15:47:52
pika	42,166	448,93	123,80	15:47:58
pika	344,315	376,269	437,410	15:48:01
pika	66,463	191,443	376,353	15:48:11
mamozuki	429,324	11,149	24,274	15:48:16
mamo	478,444	445,173	92,134	15:48:22
pika	254,124	289,211	207,402	15:48:27
mamo	280,61	226,166	319,173	15:48:30
oika	85,375	146,266	327,32	15:48:37
mamo	128,265	345,129	404,359	15:48:44
fufu	392,392	312,347	74,394	15:48:56
pika	470,317	27,268	38,224	15:49:01
mamofudu	179,307	274,395	463,102	15:49:14
mamo	78,57	466,213	313,303	15:49:19
mamozuki	234,431	78,89	69,471	15:49:25
mamo	437,451	372,259	307,435	15:49:32