pika	391,41	216,359	395,193	15:48:25	38
mamo	486,420	466,135	48,26	15:44:45	6
pika	77,378	218,284	101,337	15:46:35	22
pika	17,46	151,56	365,187	15:48:41	41
mamofudo	451,398	119,210	123,346	15:47:49	32
pika	480,200	18,58	163,93	15:49:21	46
pika	115,72	67,147	76,253	15:46:00	15
pika	23,28	369,459	24,30	15:46:06	16
mamo	154,238	467,70	310,310	15:47:42	31
fufu	47,391	148,373	38,126	15:45:42	11
mamo	281,293	134,442	28,68	15:47:54	33
mamofudo	196,412	444,339	304,208	15:48:09	35
pika	14,381	248,59	194,65	15:47:36	30
mamofudu	302,153	253,50	22,320	15:45:17	9
pika	254,421	291,307	450,150	15:47:03	26
mamozuki	76,358	489,417	96,438	15:48:50	42
mamo	94,322	203,172	357,266	15:48:36	40
mamozuki	472,215	100,255	419,377	15:48:20	37
pika	83,486	84,230	32,399	15:44:13	1
fufu	35,425	89,233	175,236	15:46:25	20
pika	44,216	18,283	221,415	15:45:04	8
mamo	264,426	482,179	18,329	15:46:49	24
pika	50,230	454,95	53,165	15:45:52	13
mamo	67,215	473,407	217,122	15:47:27	28
pika	428,58	228,125	188,159	15:49:16	45
pika	27,166	224,232	336,184	15:45:56	14
mamozuki	436,397	257,297	167,38	15:49:30	47
pika	237,152	242,200	252,74	15:44:18	2
mamofudo	348,115	438,274	26,142	15:46:31	21
mamofudo	163,62	52,204	431,228	15:45:31	10
pika	361,351	363,67	427,305	15:47:32	29
mamozuki	434,46	256,333	263,59	15:46:42	23
pika	328,478	105,100	94,196	15:46:54	25
pika	43,236	379,412	248,230	15:47:59	34
mamo	347,119	193,213	98,56	15:48:13	36
pika	437,319	434,366	263,222	15:44:53	7
pika	340,30	42,217	206,132	15:48:28	39
mamofudu	367,14	142,80	418,272	15:47:24	27
pika	288,255	363,115	201,424	15:48:59	43
mamofudu	165,353	21,269	375,230	15:49:06	44
pika	309,341	144,310	36,277	15:45:46	12
mamofudo	149,207	426,247	34,439	15:46:12	17
pika	426,423	260,418	118,450	15:46:21	19
pika	89,154	125,240	275,406	15:44:39	5
mamo	430,321	167,177	252,84	15:44:33	4
mamo	106,64	466,431	23,193	15:46:16	18
mamofudo	215,192	480,472	474,272	15:49:39	48
pika	76,347	113,369	99,460	15:44:26	3