151	R	0.0.0.0	1425684887
-1	-2	978	1425684965
-4	-3	159	1425684972
-6	-5	834	1425684979
-7	-7	0	1425684985
-9	-8	459	1425684992
-11	-10	783	1425684997
39	32	648	1425685005
43	7	1000	1425685010
39	25	625	1425685016
-1	-1	27	1425685024
5	44	685	1425685030
27	18	316	1425685036
38	39	1000	1425685041
22	11	876	1425685046
11	4	540	1425685053
27	21	964	1425685058
25	42	756	1425685064
22	41	617	1425685070
12	40	1000	1425685075
32	20	293	1425685080
17	42	484	1425685087
43	8	840	1425685093
24	23	406	1425685098
45	13	349	1425685104
33	35	353	1425685109
2	31	956	1425685115
28	32	711	1425685121
4	39	148	1425685126
42	19	714	1425685131
44	40	1000	1425685137
21	4	201	1425685142
25	40	846	1425685147
1	18	705	1425685153
39	23	160	1425685159
43	9	871	1425685164
18	38	1000	1425685170
17	38	1000	1425685174
26	36	954	1425685179
34	16	47	1425685185
30	18	8	1425685190
35	5	584	1425685195
42	44	914	1425685201
12	10	817	1425685206
29	16	205	1425685211
37	20	390	1425685216
23	27	1000	1425685222
11	21	770	1425685227
14	29	859	1425685232
14	24	370	1425685237
41	40	983	1425685243
19	43	677	1425685250
21	16	351	1425685255
44	20	12	1425685260
33	26	841	1425685264
43	41	926	1425685269
20	16	633	1425685289
12	9	688	1425685301
38	4	1000	1425685307
24	26	1000	1425685313
19	39	225	1425685317
19	20	0	1425685321
38	26	1000	1425685328
11	3	692	1425685387
6	25	424	1425685392
30	25	294	1425685397
28	5	1000	1425685402
19	3	1000	1425685406
32	25	364	1425685411
6	4	724	1425685416
0	2	666	1425685421
40	20	1000	1425685426
3	20	325	1425685431
11	18	546	1425685435
33	10	410	1425685440
28	9	678	1425685444
24	11	931	1425685449
35	44	576	1425685455
47	44	900	1425685460
19	7	1000	1425685467
44	3	1000	1425685473
29	33	454	1425685520
0	7	990	1425685526
19	30	437	1425685531
39	42	914	1425685536
17	45	96	1425685542
42	31	595	1425685548
45	22	181	1425685554
41	15	380	1425685559
28	8	93	1425685566
16	43	562	1425685571
18	13	364	1425685579
28	14	697	1425685584
46	30	622	1425685589
3	6	679	1425685593
37	32	758	1425685599
43	12	126	1425685605
-2	-2	0	1425685609
16	0	722	1425685615
12	33	928	1425685620
26	27	985	1425685627
5	37	917	1425685632
36	41	996	1425685638
10	40	1000	1425685642
17	28	52	1425685647
20	10	929	1425685652
18	21	871	1425685658
33	34	683	1425685664
38	33	1000	1425685669
0	46	398	1425685674
20	2	462	1425685679
29	45	210	1425685684
14	19	564	1425685689
2	44	431	1425685696
17	47	400	1425685701
37	8	341	1425685708
34	39	244	1425685716
17	7	1000	1425685721
5	23	986	1425685725
40	34	977	1425685730
37	31	249	1425685737
8	45	93	1425685743
-3	-3	0	1425685748
41	34	658	1425685753
10	30	773	1425685758
44	0	859	1425685763
39	47	717	1425685768
19	9	383	1425685774
12	35	868	1425685779
44	9	559	1425685784
40	29	1000	1425685789
20	21	909	1425685794
33	43	899	1425685830
1	6	778	1425685836
37	12	680	1425685841
28	45	407	1425685846
23	13	311	1425685851
25	24	676	1425685855
12	22	146	1425685860
26	35	606	1425685864
11	38	1000	1425685868
27	42	983	1425685873
0	17	565	1425685877
1	27	1000	1425685897
16	6	945	1425685902
10	14	897	1425685907
12	27	809	1425685911
11	23	546	1425685916
35	41	601	1425685920
5	34	1000	1425685924
7	37	1000	1425685929
2B3N7x443