151	L	0.0.0.0	1425684889
-1	-2	920	1425684968
-3	-4	336	1425684981
-5	-6	737	1425684990
-7	-7	0	1425685002
-8	-9	277	1425685008
-11	-10	758	1425685013
16	25	575	1425685023
7	16	1000	1425685029
10	41	449	1425685037
7	40	392	1425685051
3	12	365	1425685060
39	35	444	1425685069
33	15	260	1425685075
8	27	408	1425685081
23	6	412	1425685089
13	34	290	1425685096
42	11	551	1425685102
8	40	775	1425685109
32	15	273	1425685114
36	25	424	1425685121
8	14	228	1425685127
39	16	379	1425685132
36	38	330	1425685140
36	32	367	1425685146
24	35	158	1425685152
34	30	582	1425685159
2	35	212	1425685165
10	26	260	1425685170
6	0	407	1425685177
35	20	350	1425685184
37	29	117	1425685189
40	37	783	1425685194
38	34	979	1425685200
6	45	685	1425685204
23	4	125	1425685210
35	16	562	1425685216
5	41	975	1425685223
35	47	369	1425685229
32	27	831	1425685235
39	26	317	1425685241
0	4	359	1425685247
3	15	187	1425685255
39	30	576	1425685261
43	10	822	1425685266
22	19	590	1425685276
2	13	622	1425685281
12	46	762	1425685288
31	40	931	1425685295
6	31	651	1425685301
22	9	612	1425685310
11	39	311	1425685315
-1	-1	0	1425685322
14	18	194	1425685327
32	5	384	1425685333
38	43	544	1425685346
29	10	210	1425685352
4	45	220	1425685357
16	33	250	1425685365
13	43	569	1425685371
10	36	809	1425685379
37	16	185	1425685386
41	16	133	1425685392
43	26	341	1425685398
3	22	171	1425685403
23	12	435	1425685409
41	11	352	1425685415
38	15	792	1425685420
22	14	148	1425685425
47	2	333	1425685431
23	9	130	1425685437
7	47	990	1425685443
40	9	861	1425685450
46	38	1000	1425685455
0	43	370	1425685461
15	37	440	1425685468
33	2	402	1425685475
47	32	606	1425685481
8	33	77	1425685488
21	39	109	1425685493
20	12	162	1425685499
38	6	649	1425685505
35	37	417	1425685510
6	22	418	1425685516
27	3	696	1425685522
23	44	206	1425685530
4	34	100	1425685535
25	38	826	1425685541
20	17	395	1425685547
46	23	287	1425685553
14	33	586	1425685559
40	33	695	1425685565
19	47	260	1425685570
45	11	333	1425685576
15	18	638	1425685582
6	13	375	1425685587
-2	-2	0	1425685593
3	35	350	1425685599
3	13	420	1425685605
10	18	394	1425685612
1	0	434	1425685617
34	32	580	1425685624
4	35	363	1425685629
2	27	220	1425685635
30	8	330	1425685641
16	42	600	1425685649
36	3	425	1425685654
30	29	588	1425685661
22	4	353	1425685666
34	0	401	1425685678
46	3	634	1425685683
17	15	290	1425685689
2	32	704	1425685694
32	17	564	1425685699
26	17	694	1425685705
9	14	371	1425685710
15	40	443	1425685715
41	20	529	1425685721
8	24	386	1425685726
8	6	322	1425685732
3	2	249	1425685737
27	34	646	1425685742
21	6	656	1425685748
34	1	588	1425685753
21	35	593	1425685759
36	45	776	1425685765
38	28	936	1425685771
33	13	195	1425685777
22	46	562	1425685782
1	41	426	1425685787
47	29	663	1425685793
45	30	416	1425685799
15	10	315	1425685804
33	28	128	1425685810
24	22	213	1425685815
26	8	394	1425685821
21	32	413	1425685826
37	42	596	1425685831
13	19	385	1425685836
17	22	239	1425685842
9	30	187	1425685848
-3	-3	0	1425685855
1	42	769	1425685861
14	34	718	1425685866
28	15	377	1425685873
39	41	350	1425685878
4	44	309	1425685884
30	41	669	1425685890
41	7	1000	1425685899
15	25	392	1425685904
18	40	555	1425685910
2G6K7y848