151	R	0.0.0.0	1425592728
-1	-2	undefined	1425592813
-3	-4	227	1425592820
-6	-5	undefined	1425592840
-7	-7	0	1425592845
-9	-8	957	1425592851
-10	-11	757	1425592856
43	30	undefined	1425592862
47	8	819	1425592867
21	14	undefined	1425592873
1	43	undefined	1425592879
34	39	575	1425592884
30	32	714	1425592888
34	2	undefined	1425592892
19	21	641	1425592897
32	24	885	1425592903
16	36	undefined	1425592907
11	26	975	1425592912
30	4	768	1425592917
7	39	undefined	1425592921
20	45	27	1425592926
3	7	undefined	1425592931
8	9	284	1425592936
18	19	298	1425592940
18	6	214	1425592945
9	29	359	1425592949
15	37	712	1425592954
-1	-1	0	1425592958
44	37	444	1425592963
42	44	undefined	1425592967
38	44	undefined	1425592972
36	11	undefined	1425592976
7	15	undefined	1425592980
16	25	823	1425592985
36	46	863	1425592989
19	10	683	1425592994
36	24	596	1425592998
27	17	998	1425593011
22	40	undefined	1425593016
24	13	undefined	1425593021
29	12	undefined	1425593026
10	32	976	1425593031
7	1	undefined	1425593036
34	20	711	1425593041
1	6	389	1425593047
2	40	892	1425593053
17	39	326	1425593059
33	18	474	1425593064
9	42	882	1425593069
43	4	undefined	1425593074
30	16	978	1425593079
33	43	966	1425593084
21	26	595	1425593089
14	32	953	1425593093
7	25	undefined	1425593098
42	21	788	1425593103
32	27	undefined	1425593108
14	1	845	1425593112
12	43	undefined	1425593117
6	5	977	1425593122
12	21	undefined	1425593127
27	6	677	1425593132
15	26	674	1425593136
37	2	989	1425593144
18	21	383	1425593149
43	2	340	1425593153
41	9	924	1425593158
16	5	undefined	1425593163
22	1	983	1425593168
5	39	undefined	1425593173
2	38	undefined	1425593178
8	23	172	1425593183
44	34	663	1425593188
34	10	405	1425593192
39	24	undefined	1425593197
15	33	614	1425593202
33	11	714	1425593207
9	20	387	1425593211
43	11	undefined	1425593216
5	23	undefined	1425593221
20	15	119	1425593225
-2	-2	0	1425593231
4	16	370	1425593235
44	45	0	1425593240
22	29	420	1425593245
24	29	undefined	1425593249
46	15	707	1425593254
14	36	undefined	1425593258
45	27	undefined	1425593263
25	34	618	1425593268
34	47	903	1425593272
11	24	undefined	1425593277
6	26	443	1425593282
30	11	903	1425593288
34	1	414	1425593292
5	22	undefined	1425593297
38	11	undefined	1425593302
21	20	undefined	1425593306
9	2	undefined	1425593311
40	10	undefined	1425593315
19	13	239	1425593321
47	19	999	1425593326
22	31	undefined	1425593330
28	13	undefined	1425593335
47	43	415	1425593340
23	37	378	1425593344
29	41	242	1425593349
31	26	undefined	1425593354
24	43	167	1425593359
19	39	959	1425593370
23	13	143	1425593377
18	20	undefined	1425593382
21	3	undefined	1425593387
20	31	369	1425593391
5	7	undefined	1425593396
11	27	undefined	1425593401
12	7	undefined	1425593406
5	19	undefined	1425593410
11	44	229	1425593415
41	14	undefined	1425593419
15	35	109	1425593424
29	30	969	1425593429
12	44	370	1425593434
0	22	202	1425593438
14	3	171	1425593443
43	27	329	1425593448
19	16	911	1425593452
29	20	583	1425593457
36	39	undefined	1425593461
14	40	375	1425593466
24	15	undefined	1425593471
9	47	undefined	1425593475
36	2	199	1425593480
39	22	undefined	1425593484
31	27	233	1425593489
37	32	undefined	1425593495
0	40	474	1425593502
14	24	371	1425593507
15	43	undefined	1425593512
-3	-3	0	1425593516
9	40	undefined	1425593521
40	47	undefined	1425593526
17	40	undefined	1425593530
46	4	397	1425593535
24	4	undefined	1425593540
32	6	undefined	1425593545
8	38	undefined	1425593549
8	34	656	1425593554
46	13	589	1425593558
26	46	942	1425593563
3	13	608	1425593568
2C4P6z276