151	R	0.0.0.0	1425592926
-1	-2	undefined	1425593008
-4	-3	632	1425593020
-6	-5	827	1425593032
-7	-7	0	1425593046
-8	-9	808	1425593057
-10	-11	694	1425593071
11	10	916	1425593083
33	43	871	1425593092
46	12	undefined	1425593102
7	21	undefined	1425593122
10	31	664	1425593133
4	21	844	1425593139
17	7	undefined	1425593144
5	47	undefined	1425593150
17	8	620	1425593156
1	20	978	1425593173
7	8	undefined	1425593183
20	44	908	1425593188
2	9	888	1425593194
8	5	undefined	1425593250
24	28	909	1425593255
1	26	907	1425593265
11	39	725	1425593275
23	1	837	1425593296
21	25	850	1425593301
27	5	995	1425593312
-1	-1	undefined	1425593319
16	13	894	1425593325
41	47	972	1425593339
1	15	931	1425593344
45	47	932	1425593350
1	42	929	1425593355
41	21	899	1425593360
29	24	902	1425593366
28	1	878	1425593376
16	18	960	1425593383
8	42	864	1425593389
38	18	undefined	1425593395
33	23	825	1425593403
38	3	undefined	1425593409
34	35	undefined	1425593414
6	8	795	1425593420
38	5	undefined	1425593425
29	37	913	1425593432
16	30	883	1425593450
42	33	944	1425593456
7	20	undefined	1425593462
19	17	897	1425593468
10	40	993	1425593473
12	6	undefined	1425593479
21	0	undefined	1425593484
44	43	undefined	1425593489
43	40	796	1425593495
5	17	undefined	1425593505
12	16	838	1425593513
31	16	801	1425593530
38	40	undefined	1425593538
15	3	800	1425593547
17	31	381	1425593555
36	45	undefined	1425593561
31	47	948	1425593567
15	38	undefined	1425593573
20	10	940	1425593579
5	16	967	1425593584
14	40	undefined	1425593590
38	22	undefined	1425593595
28	39	976	1425593601
19	20	781	1425593606
10	21	597	1425593613
24	31	969	1425593619
35	43	undefined	1425593624
18	31	undefined	1425593629
15	21	undefined	1425593634
35	4	949	1425593640
19	16	805	1425593645
1	5	undefined	1425593652
39	37	741	1425593657
18	39	858	1425593662
19	32	911	1425593667
0	40	932	1425593672
44	23	882	1425593678
21	30	895	1425593683
26	8	808	1425593689
19	6	867	1425593694
13	19	889	1425593699
6	20	947	1425593705
26	24	undefined	1425593710
2	37	undefined	1425593716
39	24	undefined	1425593722
40	37	undefined	1425593727
46	39	892	1425593733
37	3	947	1425593738
4	18	947	1425593743
32	15	949	1425593749
17	26	947	1425593754
37	10	865	1425593760
20	4	956	1425593772
12	23	942	1425593783
-2	-2	285	1425593789
47	14	970	1425593794
28	37	948	1425593800
29	26	951	1425593804
1	16	931	1425593810
38	42	undefined	1425593815
11	27	undefined	1425593819
20	22	955	1425593825
6	36	undefined	1425593829
10	4	967	1425593835
3	46	942	1425593840
46	45	undefined	1425593846
2	27	984	1425593852
45	39	951	1425593859
13	39	907	1425593864
32	0	887	1425593899
11	3	915	1425593904
33	10	920	1425593909
29	41	940	1425593914
31	29	947	1425593919
31	19	941	1425593924
28	8	941	1425593929
39	40	undefined	1425593933
21	16	961	1425593938
41	13	969	1425593943
46	19	950	1425593947
44	38	undefined	1425593952
37	16	416	1425593959
16	46	749	1425593964
38	28	undefined	1425593969
29	1	775	1425593973
1	14	942	1425593978
4	7	undefined	1425593982
17	16	undefined	1425593987
19	24	959	1425593993
20	2	undefined	1425593997
14	21	948	1425594003
12	24	949	1425594008
-3	-3	0	1425594013
34	26	700	1425594018
17	1	948	1425594023
13	12	952	1425594028
18	13	955	1425594033
8	18	891	1425594038
43	31	929	1425594043
6	42	951	1425594048
6	41	747	1425594053
41	17	891	1425594058
24	36	767	1425594063
33	26	848	1425594069
8	31	321	1425594074
10	35	625	1425594080
3E4N5v603