151	L	0.0.0.0	1425684903
-2	-1	1000	1425684995
-4	-3	568	1425685010
-5	-6	973	1425685019
-7	-7	0	1425685035
-8	-9	839	1425685047
-10	-11	973	1425685059
42	0	981	1425685066
42	8	987	1425685075
17	31	604	1425685083
8	32	998	1425685093
14	27	532	1425685102
42	28	935	1425685110
23	21	603	1425685118
12	38	990	1425685124
5	0	982	1425685130
19	12	665	1425685139
44	33	984	1425685146
47	13	932	1425685152
11	29	955	1425685159
47	3	979	1425685164
20	34	979	1425685169
11	20	998	1425685176
47	14	985	1425685181
27	24	980	1425685187
43	42	807	1425685193
1	43	959	1425685200
24	12	985	1425685205
31	24	976	1425685211
35	9	969	1425685219
2	11	959	1425685225
16	38	989	1425685231
0	37	985	1425685236
10	37	966	1425685241
24	44	979	1425685246
34	46	951	1425685252
35	13	827	1425685258
35	42	965	1425685265
41	14	960	1425685270
21	28	541	1425685278
37	26	971	1425685284
35	30	656	1425685290
45	38	952	1425685295
13	9	573	1425685300
42	10	961	1425685305
17	46	60	1425685319
37	14	933	1425685324
20	13	97	1425685330
12	4	873	1425685336
11	32	870	1425685343
8	12	925	1425685349
-1	-1	27	1425685357
24	16	927	1425685362
23	38	943	1425685367
20	0	929	1425685372
19	2	953	1425685377
35	38	947	1425685382
0	31	944	1425685389
11	19	864	1425685394
29	36	949	1425685400
27	16	936	1425685405
14	16	912	1425685410
16	45	956	1425685415
17	24	960	1425685420
3	29	957	1425685427
13	41	931	1425685433
34	22	966	1425685439
19	1	435	1425685446
31	25	930	1425685451
8	18	590	1425685457
5	45	941	1425685462
11	33	873	1425685468
14	31	924	1425685472
32	24	639	1425685479
-2	-2	3	1425685485
10	31	440	1425685491
36	13	937	1425685497
12	13	873	1425685503
14	6	617	1425685511
10	3	936	1425685517
32	41	909	1425685522
35	14	918	1425685528
47	21	343	1425685535
33	23	801	1425685540
38	2	939	1425685546
32	22	308	1425685551
14	4	836	1425685556
30	13	593	1425685562
27	31	890	1425685567
39	9	831	1425685572
29	21	622	1425685577
38	44	930	1425685582
29	46	703	1425685588
16	47	747	1425685593
5	4	944	1425685598
44	22	851	1425685602
17	35	889	1425685607
27	43	884	1425685613
2	23	896	1425685618
11	44	894	1425685624
47	11	941	1425685629
24	5	892	1425685635
20	4	890	1425685640
45	26	874	1425685645
27	19	861	1425685650
26	40	815	1425685655
14	39	916	1425685660
42	13	852	1425685666
33	24	895	1425685671
24	47	905	1425685677
13	24	954	1425685681
0	35	880	1425685687
15	45	453	1425685693
29	12	945	1425685698
9	0	926	1425685703
0	33	492	1425685711
5	20	943	1425685716
5	22	872	1425685722
40	22	905	1425685727
0	15	901	1425685732
24	36	896	1425685738
22	38	917	1425685743
4	17	625	1425685749
18	0	470	1425685754
36	27	784	1425685762
4	25	826	1425685767
21	0	864	1425685772
43	2	474	1425685777
11	14	864	1425685783
12	18	935	1425685791
35	23	471	1425685796
0	32	796	1425685802
14	17	815	1425685807
7	39	998	1425685813
8	0	904	1425685818
32	44	912	1425685822
6	17	917	1425685828
40	2	937	1425685832
25	46	902	1425685837
31	34	398	1425685845
13	32	723	1425685855
40	5	367	1425685861
33	21	447	1425685866
10	4	473	1425685871
28	10	567	1425685876
19	31	730	1425685886
31	13	722	1425685891
14	0	709	1425685898
-3	-3	0	1425685905
16	19	648	1425685910
46	43	824	1425685915
3D3P5x314