151	L	0.0.0.0	1425684969
-2	-1	990	1425685064
-4	-3	690	1425685076
-5	-6	686	1425685094
-7	-7	183	1425685109
-9	-8	701	1425685119
-11	-10	378	1425685137
25	16	625	1425685148
7	24	1000	1425685159
43	30	648	1425685173
8	12	836	1425685184
36	42	322	1425685201
35	39	666	1425685216
12	5	995	1425685228
29	46	626	1425685240
44	15	649	1425685250
17	23	453	1425685260
31	6	846	1425685274
34	33	590	1425685287
5	40	377	1425685297
36	41	601	1425685310
15	30	111	1425685321
12	16	972	1425685332
41	38	1000	1425685339
27	16	878	1425685348
47	11	774	1425685359
44	39	877	1425685382
0	14	665	1425685393
0	35	464	1425685410
4	9	238	1425685427
33	17	588	1425685439
24	30	579	1425685453
31	43	761	1425685462
45	29	474	1425685476
37	22	652	1425685488
3	36	877	1425685536
7	6	1000	1425685541
19	15	440	1425685550
45	20	34	1425685562
20	41	735	1425685569
23	18	828	1425685577
12	47	614	1425685589
43	35	743	1425685597
-1	-1	0	1425685605
47	22	230	1425685614
5	24	757	1425685627
10	42	872	1425685635
46	33	254	1425685648
29	34	539	1425685659
34	26	786	1425685672
25	32	287	1425685688
5	45	921	1425685697
45	24	831	1425685714
35	9	439	1425685722
19	47	387	1425685731
30	42	664	1425685741
14	25	420	1425685751
10	35	541	1425685760
45	15	247	1425685770
32	5	914	1425685777
18	15	546	1425685788
-2	-2	71	1425685797
3	40	826	1425685808
39	30	423	1425685818
12	23	890	1425685828
4	13	237	1425685837
33	42	832	1425685844
14	3	316	1425685852
13	39	364	1425685857
36	11	962	1425685865
26	35	623	1425685873
30	13	318	1425685881
11	10	431	1425685888
17	20	412	1425685894
33	12	639	1425685900
2	27	871	1425685907
35	19	352	1425685915
38	29	1000	1425685920
3	33	475	1425685929
28	25	555	1425685936
38	32	1000	1425685943
4	31	348	1425685950
40	47	949	1425685957
10	36	920	1425685966
24	10	832	1425685972
35	24	321	1425685979
12	32	183	1425685991
45	17	414	1425685999
2	16	592	1425686003
30	25	357	1425686010
7	18	1000	1425686018
37	18	549	1425686026
42	24	925	1425686033
9	1	771	1425686042
35	32	127	1425686052
28	40	896	1425686060
37	39	396	1425686066
4	21	355	1425686073
11	32	581	1425686080
41	28	452	1425686086
24	16	711	1425686092
15	13	233	1425686098
15	9	394	1425686104
37	6	680	1425686108
22	45	250	1425686114
14	22	588	1425686124
-3	-3	0	1425686131
5	20	989	1425686139
14	38	1000	1425686145
9	10	449	1425686150
0	27	903	1425686155
4	45	283	1425686161
46	14	672	1425686168
36	2	736	1425686174
1	40	974	1425686182
47	43	679	1425686191
20	44	434	1425686196
12	18	480	1425686204
22	38	1000	1425686210
14	39	649	1425686215
0	11	662	1425686221
6	11	685	1425686226
40	29	978	1425686231
39	19	451	1425686238
12	27	913	1425686243
23	8	44	1425686250
21	47	370	1425686255
34	47	427	1425686260
1	10	545	1425686266
36	46	669	1425686273
28	31	653	1425686281
1	27	718	1425686287
14	15	677	1425686292
37	24	803	1425686297
25	45	677	1425686312
12	1	877	1425686319
2	38	1000	1425686326
37	20	415	1425686333
22	3	666	1425686340
27	13	750	1425686345
47	41	886	1425686351
1	0	650	1425686357
24	36	812	1425686369
20	36	881	1425686376
36	32	942	1425686382
45	27	937	1425686387
23	3	427	1425686392
3	34	828	1425686398
46	32	936	1425686403
10	40	898	1425686409
43	42	923	1425686414
3B7M5w360