151	R	0.0.0.0	1425686701
-1	-2	548	1425686802
-3	-4	374	1425686818
-6	-5	770	1425686825
-7	-7	0	1425686832
-8	-9	1000	1425686839
-10	-11	938	1425686843
13	20	707	1425686850
3	33	921	1425686857
35	17	1000	1425686871
40	17	1000	1425686876
19	15	670	1425686898
21	25	970	1425686903
41	16	767	1425686927
11	16	252	1425686933
45	32	729	1425686945
38	5	912	1425686954
32	31	1000	1425686959
38	46	1000	1425686983
11	30	934	1425686988
24	25	914	1425686999
3	24	917	1425687006
2	6	770	1425687012
38	32	1000	1425687018
16	27	973	1425687030
44	16	917	1425687036
42	3	917	1425687042
45	37	907	1425687054
31	11	354	1425687061
19	33	838	1425687066
42	39	1000	1425687073
-1	-1	0	1425687080
34	29	746	1425687085
10	18	1000	1425687091
4	23	376	1425687098
39	18	906	1425687103
8	19	921	1425687108
3	25	821	1425687120
2	43	1000	1425687125
5	36	890	1425687133
10	9	865	1425687139
28	2	1000	1425687144
26	19	895	1425687148
38	29	1000	1425687155
25	47	1000	1425687161
3	34	873	1425687166
36	42	889	1425687171
26	3	922	1425687177
22	25	887	1425687190
25	1	1000	1425687196
6	36	1000	1425687202
23	25	731	1425687206
4	40	994	1425687211
17	20	860	1425687215
45	27	1000	1425687220
20	3	831	1425687225
4	24	936	1425687231
46	11	712	1425687236
38	11	1000	1425687242
21	20	884	1425687247
18	21	938	1425687252
42	45	848	1425687257
47	19	831	1425687262
37	29	271	1425687267
8	30	782	1425687272
17	22	824	1425687285
33	16	819	1425687289
9	12	1000	1425687295
47	44	1000	1425687300
9	0	824	1425687304
-2	-2	0	1425687308
7	25	1000	1425687312
21	2	846	1425687317
5	23	917	1425687330
15	4	814	1425687334
20	7	1000	1425687338
37	44	413	1425687343
44	42	838	1425687347
17	29	282	1425687352
26	36	872	1425687357
44	33	729	1425687362
43	42	816	1425687367
19	6	729	1425687372
18	2	396	1425687385
37	13	799	1425687397
12	19	365	1425687403
2	11	887	1425687407
1	27	1000	1425687412
5	24	811	1425687416
37	15	728	1425687421
35	27	858	1425687426
37	4	667	1425687432
46	31	816	1425687436
44	40	811	1425687440
25	16	750	1425687444
32	27	987	1425687455
27	21	1000	1425687459
30	22	938	1425687463
5	0	735	1425687467
18	14	826	1425687472
19	2	982	1425687477
22	40	1000	1425687483
32	28	939	1425687493
35	40	789	1425687497
36	31	750	1425687501
37	21	291	1425687511
24	8	685	1425687515
28	25	370	1425687520
26	33	689	1425687524
17	46	354	1425687529
47	29	868	1425687544
12	8	780	1425687559
33	39	841	1425687567
28	36	934	1425687571
2	29	1000	1425687575
36	29	889	1425687580
0	30	938	1425687584
34	40	1000	1425687588
17	24	892	1425687593
8	25	850	1425687597
-3	-3	0	1425687607
2	8	934	1425687612
2	26	917	1425687616
34	4	345	1425687621
11	22	872	1425687631
39	11	318	1425687637
30	43	867	1425687641
30	10	814	1425687664
29	10	765	1425687668
28	5	863	1425687690
22	9	848	1425687694
41	31	360	1425687699
33	18	811	1425687729
35	24	736	1425687734
37	33	320	1425687738
0	7	1000	1425687742
47	28	689	1425687746
42	46	735	1425687751
8	6	872	1425687755
8	15	733	1425687761
37	47	201	1425687770
47	0	843	1425687775
28	42	1000	1425687782
6	15	814	1425687787
17	44	240	1425687792
44	14	860	1425687797
4	22	237	1425687802
15	3	795	1425687827
18	34	704	1425687832
32	36	846	1425687837
15	12	814	1425687841
3D7L6u202