151	R	0.0.0.0	1425594542
-1	-2	942	1425594628
-3	-4	202	1425594640
-6	-5	983	1425594650
-7	-7	0	1425594658
-9	-8	194	1425594682
-11	-10	642	1425594690
20	13	294	1425594703
33	3	127	1425594710
17	35	880	1425594719
17	40	973	1425594734
15	19	undefined	1425594744
25	21	538	1425594754
41	16	undefined	1425594782
16	11	141	1425594792
45	32	424	1425594798
38	5	undefined	1425594808
31	32	732	1425594814
46	38	undefined	1425594819
30	11	824	1425594826
25	24	882	1425594832
24	3	698	1425594839
2	6	223	1425594849
32	38	undefined	1425594858
16	27	877	1425594864
44	16	357	1425594871
3	42	409	1425594877
37	45	523	1425594884
31	11	148	1425594889
19	33	535	1425594895
39	42	645	1425594900
-1	-1	0	1425594908
29	34	447	1425594913
18	10	748	1425594920
4	23	266	1425594925
18	39	594	1425594932
19	8	658	1425594940
3	25	479	1425594962
43	2	835	1425594969
36	5	248	1425594975
9	10	308	1425594981
28	2	928	1425594988
19	26	726	1425594995
29	38	undefined	1425595005
25	47	893	1425595011
3	34	727	1425595017
42	36	333	1425595023
26	3	409	1425595029
22	25	500	1425595035
1	25	859	1425595042
6	36	856	1425595049
23	25	711	1425595055
40	4	965	1425595060
20	17	906	1425595067
27	45	undefined	1425595072
20	3	339	1425595078
4	24	762	1425595086
46	11	141	1425595092
11	38	undefined	1425595097
20	21	207	1425595105
18	21	619	1425595111
42	45	909	1425595118
19	47	468	1425595125
37	29	95	1425595133
8	30	340	1425595138
17	22	457	1425595147
16	33	0	1425595153
9	12	597	1425595158
44	47	926	1425595165
0	9	437	1425595171
-2	-2	0	1425595176
7	25	undefined	1425595183
2	21	935	1425595188
5	23	841	1425595195
15	4	387	1425595201
20	7	undefined	1425595208
37	44	433	1425595213
42	44	705	1425595220
17	29	0	1425595226
26	36	771	1425595234
44	33	433	1425595240
42	43	0	1425595246
6	19	747	1425595254
2	18	910	1425595261
37	13	424	1425595269
12	19	322	1425595276
11	2	629	1425595282
1	27	undefined	1425595291
24	5	867	1425595303
37	15	380	1425595345
27	35	932	1425595354
37	4	211	1425595360
31	46	85	1425595366
44	40	911	1425595372
25	16	439	1425595378
27	32	922	1425595384
21	27	960	1425595393
30	22	297	1425595401
5	0	880	1425595407
18	14	601	1425595415
19	2	706	1425595422
40	22	945	1425595427
32	28	729	1425595433
40	35	888	1425595439
31	36	921	1425595445
37	21	104	1425595453
24	8	919	1425595459
25	28	673	1425595470
26	33	427	1425595476
17	46	73	1425595484
29	47	965	1425595493
12	8	823	1425595503
39	33	0	1425595513
28	36	791	1425595520
29	2	887	1425595525
29	36	886	1425595530
30	0	195	1425595536
34	40	916	1425595541
17	24	927	1425595546
25	8	358	1425595556
-3	-3	0	1425595563
8	2	959	1425595568
26	2	undefined	1425595574
34	4	403	1425595581
11	22	841	1425595586
11	39	141	1425595592
30	43	333	1425595599
10	30	420	1425595605
10	29	80	1425595615
28	5	940	1425595620
9	22	457	1425595626
31	41	142	1425595652
18	33	460	1425595657
24	35	161	1425595662
37	33	0	1425595668
7	0	undefined	1425595673
47	28	803	1425595678
46	42	undefined	1425595683
8	6	920	1425595689
15	8	171	1425595695
37	47	896	1425595700
47	0	373	1425595708
28	42	755	1425595715
15	6	874	1425595722
44	17	88	1425595729
14	44	910	1425595737
4	22	351	1425595743
3	15	849	1425595749
34	18	466	1425595755
32	36	609	1425595761
12	15	785	1425595767
5E3R9x385