151	L	0.0.0.0	1425592722
-1	-2	570	1425592818
-3	-4	119	1425592827
-6	-5	656	1425592842
-7	-7	0	1425592850
-8	-9	736	1425592858
-10	-11	27	1425592871
28	35	221	1425592881
22	26	644	1425592899
44	23	90	1425592908
39	4	79	1425592917
46	21	671	1425592925
35	7	934	1425592939
44	8	66	1425592951
27	5	107	1425592961
26	21	26	1425592968
11	45	958	1425592974
26	11	906	1425592980
32	10	890	1425592987
46	39	585	1425592995
2	35	27	1425593001
8	23	31	1425593009
41	37	132	1425593017
44	40	203	1425593023
4	13	6	1425593029
23	40	144	1425593038
21	16	903	1425593046
22	0	879	1425593053
5	33	940	1425593059
6	39	845	1425593065
45	42	1000	1425593072
38	37	155	1425593079
13	39	662	1425593087
32	7	914	1425593100
15	44	118	1425593107
35	11	1000	1425593112
45	30	30	1425593118
46	10	372	1425593131
40	3	114	1425593137
-1	-1	0	1425593143
38	43	1000	1425593149
7	40	892	1425593157
24	35	0	1425593162
31	30	772	1425593170
33	8	956	1425593175
39	41	885	1425593181
38	28	174	1425593187
20	6	1000	1425593192
21	42	654	1425593201
18	36	467	1425593211
6	1	641	1425593220
40	34	1000	1425593225
2	12	332	1425593233
15	5	132	1425593239
18	31	95	1425593245
37	19	967	1425593250
1	26	716	1425593256
7	5	165	1425593263
41	25	793	1425593268
0	27	58	1425593274
28	29	155	1425593280
30	27	43	1425593286
3	30	124	1425593292
22	24	59	1425593299
2	31	390	1425593307
47	7	956	1425593312
35	3	163	1425593317
43	39	326	1425593323
7	10	1000	1425593328
9	13	794	1425593337
15	42	985	1425593342
44	13	69	1425593347
3	34	949	1425593354
15	35	184	1425593359
37	16	108	1425593365
17	32	1000	1425593372
33	47	999	1425593377
26	2	233	1425593383
22	10	855	1425593389
4	33	884	1425593393
24	30	0	1425593398
-2	-2	0	1425593402
37	27	129	1425593407
34	44	887	1425593413
29	46	23	1425593418
11	41	816	1425593425
24	15	110	1425593431
38	27	669	1425593436
2	10	104	1425593441
46	43	813	1425593447
45	43	178	1425593455
40	8	671	1425593462
6	35	966	1425593467
22	19	87	1425593472
24	13	74	1425593476
32	18	126	1425593481
2	8	171	1425593486
9	27	1000	1425593490
18	43	116	1425593495
20	11	undefined	1425593500
28	21	46	1425593505
14	47	143	1425593510
34	38	1000	1425593515
7	41	901	1425593522
6	12	1000	1425593527
43	37	959	1425593534
24	21	240	1425593539
-3	-3	0	1425593543
31	23	246	1425593549
34	32	998	1425593555
12	3	446	1425593561
46	3	718	1425593565
19	33	634	1425593570
11	5	990	1425593574
47	45	595	1425593579
40	31	243	1425593584
44	17	138	1425593588
0	3	37	1425593594
4	6	731	1425593602
25	12	985	1425593607
5	20	119	1425593611
42	7	1000	1425593616
7	9	355	1425593621
35	39	239	1425593626
25	6	677	1425593630
24	38	996	1425593635
46	33	94	1425593642
47	15	1000	1425593646
1	0	351	1425593652
47	4	83	1425593658
42	10	863	1425593662
4	42	837	1425593666
34	36	61	1425593672
40	30	678	1425593679
1	5	940	1425593683
42	33	135	1425593689
4	27	0	1425593694
40	0	25	1425593698
17	19	768	1425593703
26	0	0	1425593707
32	43	130	1425593712
11	13	935	1425593717
44	31	675	1425593722
31	43	761	1425593727
10	5	1000	1425593732
27	7	1000	1425593736
45	39	891	1425593741
1	40	265	1425593745
24	14	95	1425593749
29	36	830	1425593756
11	10	1000	1425593761
1G3M8z858