151	R	0.0.0.0	1425684956
-2	-1	1000	1425685055
-4	-3	834	1425685078
-5	-6	1000	1425685088
-7	-7	0	1425685100
-9	-8	1000	1425685109
-10	-11	129	1425685135
34	32	1000	1425685143
35	24	1000	1425685150
32	33	1000	1425685162
17	3	1000	1425685171
40	36	371	1425685183
38	15	1000	1425685189
17	11	424	1425685196
29	40	1000	1425685206
25	19	763	1425685222
21	35	800	1425685234
37	40	1000	1425685239
9	21	294	1425685248
33	14	923	1425685253
24	39	899	1425685258
17	34	677	1425685265
47	39	136	1425685278
16	43	988	1425685283
36	20	1000	1425685298
47	24	938	1425685303
33	31	763	1425685315
44	46	242	1425685324
10	17	0	1425685331
23	28	193	1425685340
11	22	1000	1425685346
42	40	895	1425685352
18	14	695	1425685357
43	37	1000	1425685362
36	29	1000	1425685368
32	39	1000	1425685381
24	46	923	1425685386
34	8	839	1425685391
39	21	41	1425685407
43	4	889	1425685415
41	28	335	1425685422
4	36	974	1425685429
20	42	834	1425685435
3	1	722	1425685445
14	15	810	1425685453
6	2	676	1425685460
35	19	420	1425685477
-1	-1	0	1425685483
21	23	373	1425685490
1	23	543	1425685497
9	31	20	1425685510
5	13	996	1425685517
19	41	859	1425685523
26	40	899	1425685528
38	28	1000	1425685534
19	17	272	1425685542
24	30	884	1425685548
1	47	223	1425685556
8	36	948	1425685562
7	38	390	1425685572
20	15	45	1425685579
10	29	73	1425685585
20	40	869	1425685595
21	1	175	1425685606
36	18	905	1425685632
45	29	628	1425685639
17	5	946	1425685646
13	41	691	1425685652
45	36	962	1425685658
45	23	227	1425685664
3	7	921	1425685672
21	3	879	1425685677
8	7	957	1425685685
7	43	903	1425685694
9	29	256	1425685701
38	26	878	1425685707
33	47	386	1425685715
11	32	855	1425685721
43	35	735	1425685726
11	39	758	1425685731
-2	-2	0	1425685736
2	22	731	1425685743
42	26	851	1425685753
20	27	829	1425685758
46	29	154	1425685762
4	29	569	1425685770
22	37	900	1425685777
34	35	859	1425685782
34	23	895	1425685787
34	13	765	1425685791
44	18	736	1425685797
25	22	784	1425685802
9	16	692	1425685807
23	8	205	1425685812
21	0	768	1425685818
45	9	137	1425685824
11	21	710	1425685829
24	7	825	1425685834
42	5	741	1425685839
40	25	745	1425685853
30	10	717	1425685862
40	45	840	1425685868
42	11	802	1425685873
14	4	816	1425685877
12	32	332	1425685884
46	16	459	1425685894
7	19	975	1425685900
32	0	576	1425685906
16	39	570	1425685912
2	42	572	1425685917
-3	-3	0	1425685922
1	32	817	1425685927
34	46	718	1425685932
6	11	843	1425685937
28	40	821	1425685942
18	28	720	1425685948
31	5	828	1425685954
39	41	417	1425685961
14	5	737	1425685966
4	3	614	1425685972
2	3	262	1425685977
0	12	726	1425685982
4	7	806	1425685989
47	10	722	1425685994
20	47	712	1425686001
20	19	625	1425686006
28	2	641	1425686011
28	20	759	1425686023
9	26	666	1425686028
4	44	620	1425686034
32	46	755	1425686039
28	6	589	1425686044
9	17	407	1425686053
13	30	404	1425686061
2	25	324	1425686094
28	34	639	1425686099
2	4	722	1425686106
7	16	737	1425686111
26	45	797	1425686116
44	6	772	1425686122
23	40	775	1425686128
6	43	419	1425686133
0	11	745	1425686138
1	6	732	1425686142
22	4	635	1425686149
10	3	656	1425686154
25	28	676	1425686159
23	42	679	1425686164
42	0	375	1425686170
20	16	716	1425686180
19	15	375	1425686186
3H7M8u320