151	L	0.0.0.0	1425592768
-2	-1	499	1425592874
-4	-3	42	1425592886
-5	-6	524	1425592898
-7	-7	0	1425592905
-8	-9	310	1425592914
-10	-11	551	1425592923
31	7	1000	1425592931
26	12	1000	1425592939
7	11	1000	1425592971
30	7	1000	1425592978
1	28	368	1425592992
9	37	541	1425593005
15	46	595	1425593013
31	38	1000	1425593018
33	9	565	1425593025
4	24	875	1425593038
19	44	310	1425593045
23	10	253	1425593056
32	33	764	1425593066
-1	-1	0	1425593076
46	13	329	1425593090
35	22	266	1425593112
26	9	1000	1425593120
26	21	1000	1425593126
43	30	1000	1425593133
0	30	875	1425593141
9	10	379	1425593148
26	30	584	1425593215
17	44	425	1425593248
8	10	229	1425593255
18	3	173	1425593263
40	1	1000	1425593269
44	15	564	1425593276
8	3	677	1425593284
41	46	625	1425593290
29	32	1000	1425593296
17	9	619	1425593303
8	15	616	1425593309
29	38	1000	1425593315
9	31	681	1425593321
32	6	707	1425593328
2	39	684	1425593335
9	41	576	1425593342
47	27	925	1425593388
22	21	576	1425593394
16	31	380	1425593400
34	21	452	1425593407
41	37	424	1425593412
30	15	undefined	1425593422
40	27	706	1425593522
20	30	0	1425593529
24	30	902	1425593537
7	28	1000	1425593543
43	45	874	1425593550
19	26	734	1425593558
1	26	702	1425593566
27	4	1000	1425593571
5	18	1000	1425593577
31	46	333	1425593587
39	15	558	1425593593
35	28	764	1425593601
7	46	1000	1425593606
14	40	919	1425593645
6	15	763	1425593654
25	29	536	1425593679
5	3	1000	1425593685
-2	-2	0	1425593745
10	19	546	1425593781
42	29	999	1425593799
13	16	790	1425593805
41	42	1000	1425593812
21	7	1000	1425593817
20	23	441	1425593830
12	21	1000	1425593835
11	40	1000	1425593840
34	45	521	1425593848
39	6	696	1425593854
47	9	575	1425593876
36	2	579	1425593883
47	23	602	1425593897
29	26	583	1425593904
46	33	608	1425593916
12	42	639	1425593934
31	21	654	1425593944
19	8	610	1425593950
9	46	616	1425593955
31	26	768	1425593961
8	17	712	1425593967
6	18	238	1425593974
47	34	678	1425593980
26	3	167	1425593988
11	6	706	1425593996
2	12	787	1425594028
21	2	1000	1425594046
31	28	1000	1425594058
28	41	362	1425594065
7	4	1000	1425594072
42	21	676	1425594078
36	6	581	1425594087
26	25	81	1425594141
13	37	551	1425594146
5	13	1000	1425594152
1	30	519	1425594159
37	1	585	1425594166
26	47	539	1425594182
10	32	731	1425594188
24	15	807	1425594193
-3	-3	0	1425594198
25	20	0	1425594204
18	23	84	1425594210
34	11	0	1425594216
2	9	653	1425594473
7	45	1000	1425594479
36	1	635	1425594484
19	37	625	1425594490
44	8	742	1425594504
19	46	0	1425594513
18	28	629	1425594521
11	26	790	1425594529
17	30	663	1425594535
32	31	751	1425594576
1	14	866	1425594582
34	28	694	1425594587
10	1	588	1425594597
11	17	447	1425594605
29	2	733	1425594614
21	24	942	1425594624
33	6	680	1425594631
25	12	832	1425594641
16	1	749	1425594656
4	42	894	1425594664
32	3	738	1425594674
9	45	659	1425594679
30	42	722	1425594686
31	29	687	1425594698
25	45	593	1425594706
17	21	608	1425594713
0	10	595	1425594718
44	1	647	1425594724
41	44	606	1425594730
11	5	1000	1425594746
42	40	88	1425594756
32	18	1000	1425594764
11	10	736	1425594770
8	21	527	1425594779
35	45	867	1425594784
15	5	1000	1425594790
1	45	691	1425594798
21	37	753	1425594810
27	17	1000	1425594820
5G6M8z469