151	R	0.0.0.0	1425592847
-2	-1	undefined	1425592959
-4	-3	168	1425592970
-6	-5	426	1425592981
-7	-7	0	1425592989
-8	-9	undefined	1425593012
-11	-10	120	1425593020
32	39	undefined	1425593030
43	7	undefined	1425593040
25	39	undefined	1425593053
-1	-1	0	1425593060
44	5	965	1425593069
18	27	550	1425593080
39	38	undefined	1425593085
11	22	undefined	1425593093
4	11	866	1425593100
21	27	973	1425593106
42	25	undefined	1425593112
41	22	899	1425593118
40	12	undefined	1425593127
20	32	479	1425593134
17	42	994	1425593139
8	43	967	1425593146
23	24	919	1425593152
13	45	181	1425593159
33	35	765	1425593168
2	31	863	1425593182
32	28	739	1425593189
4	39	178	1425593199
42	19	973	1425593206
40	44	undefined	1425593211
4	21	undefined	1425593220
40	25	999	1425593230
1	18	703	1425593270
23	39	245	1425593277
43	9	989	1425593282
18	38	undefined	1425593287
38	17	undefined	1425593293
26	36	521	1425593302
16	34	3	1425593308
30	18	0	1425593313
5	35	926	1425593321
42	44	848	1425593328
10	12	998	1425593333
29	16	undefined	1425593344
37	20	790	1425593352
23	27	859	1425593357
11	21	655	1425593370
14	29	837	1425593377
14	24	324	1425593384
40	41	905	1425593391
43	19	915	1425593402
16	21	187	1425593411
44	20	67	1425593420
26	33	456	1425593426
41	43	863	1425593456
16	20	907	1425593462
9	12	978	1425593468
38	4	undefined	1425593474
26	24	995	1425593481
19	39	undefined	1425593489
19	20	71	1425593502
26	38	undefined	1425593514
3	11	865	1425593523
6	25	272	1425593531
30	25	323	1425593541
28	5	968	1425593550
19	3	956	1425593557
25	32	841	1425593564
6	4	845	1425593570
2	0	711	1425593576
40	20	943	1425593582
20	3	852	1425593590
11	18	943	1425593597
33	10	562	1425593625
28	9	848	1425593633
24	11	973	1425593640
44	35	282	1425593646
44	47	839	1425593653
19	7	996	1425593660
3	44	863	1425593666
33	29	451	1425593673
7	0	undefined	1425593680
30	19	301	1425593694
39	42	837	1425593699
17	45	322	1425593716
31	42	946	1425593723
22	45	379	1425593728
41	15	834	1425593737
28	8	783	1425593747
43	16	963	1425593756
13	18	622	1425593782
14	28	818	1425593800
46	30	832	1425593810
3	6	553	1425593820
32	37	640	1425593863
43	12	719	1425593870
-2	-2	0	1425593876
16	0	965	1425593883
12	33	undefined	1425593898
26	27	986	1425593907
5	37	994	1425593914
36	41	undefined	1425593931
40	10	994	1425593939
17	28	678	1425593944
20	10	609	1425593952
18	21	974	1425593958
34	33	746	1425593963
33	38	999	1425593968
0	46	869	1425593974
20	2	994	1425593980
29	45	708	1425593988
19	14	983	1425593994
44	2	893	1425594000
17	47	936	1425594005
8	37	991	1425594016
34	39	993	1425594022
7	17	undefined	1425594045
5	23	undefined	1425594053
34	40	958	1425594058
31	37	910	1425594071
8	45	911	1425594077
-3	-3	2	1425594084
41	34	789	1425594089
30	10	575	1425594094
0	44	938	1425594106
39	47	902	1425594118
19	9	862	1425594131
35	12	585	1425594137
9	44	323	1425594142
40	29	993	1425594148
20	21	626	1425594153
33	43	922	1425594164
1	6	519	1425594172
12	37	949	1425594178
45	28	968	1425594183
13	23	386	1425594189
24	25	979	1425594194
12	22	255	1425594203
35	26	782	1425594208
38	11	997	1425594216
42	27	971	1425594238
0	17	822	1425594243
27	1	992	1425594248
16	6	428	1425594254
14	10	761	1425594262
27	12	976	1425594267
11	23	990	1425594272
35	41	879	1425594277
34	5	979	1425594283
7	37	998	1425594291
4F5K7z408