151	L	0.0.0.0	1425594502
-2	-1	909	1425594605
-3	-4	31	1425594612
-5	-6	915	1425594620
-7	-7	0	1425594628
-8	-9	364	1425594633
-10	-11	244	1425594643
35	5	1000	1425594649
39	44	883	1425594655
12	38	1000	1425594660
16	25	772	1425594668
28	35	959	1425594673
44	9	undefined	1425594691
-1	-1	4	1425594698
45	29	undefined	1425594705
2	24	654	1425594713
8	1	450	1425594723
4	14	737	1425594730
23	29	420	1425594739
46	30	660	1425594745
10	39	403	1425594753
33	40	884	1425594759
12	27	1000	1425594765
31	30	695	1425594770
27	45	1000	1425594776
5	9	1000	1425594783
6	18	458	1425594790
41	27	998	1425594796
20	25	785	1425594806
37	25	850	1425594816
7	14	1000	1425594822
32	22	818	1425594829
42	12	982	1425594835
1	34	621	1425594851
0	17	746	1425594860
17	18	741	1425594867
32	41	913	1425594872
35	0	966	1425594878
34	3	950	1425594885
23	7	1000	1425594892
20	46	867	1425594898
47	4	429	1425594904
27	46	1000	1425594910
33	45	768	1425594921
28	12	983	1425594926
7	27	1000	1425594933
17	21	345	1425594941
2	23	978	1425594946
40	41	1000	1425594951
37	38	1000	1425594957
8	13	421	1425594972
10	17	197	1425594980
12	32	351	1425594987
25	1	871	1425594994
7	10	1000	1425595000
12	25	988	1425595005
39	17	374	1425595019
26	46	789	1425595024
16	24	957	1425595030
19	26	939	1425595035
16	27	985	1425595040
30	3	943	1425595053
39	14	919	1425595060
3	43	377	1425595069
14	36	465	1425595078
1	22	932	1425595083
13	28	565	1425595091
10	44	685	1425595097
-2	-2	79	1425595103
11	35	708	1425595111
26	40	974	1425595122
6	44	940	1425595127
41	44	939	1425595133
19	28	931	1425595138
28	32	967	1425595143
38	21	1000	1425595148
35	12	995	1425595154
45	9	939	1425595160
6	21	997	1425595166
26	16	939	1425595172
40	3	643	1425595178
43	24	369	1425595185
43	46	660	1425595192
13	46	624	1425595203
32	39	898	1425595212
31	22	840	1425595219
0	19	923	1425595227
35	18	916	1425595232
42	43	367	1425595238
31	40	930	1425595243
4	9	907	1425595249
33	29	289	1425595254
19	23	782	1425595260
47	1	456	1425595268
1	40	981	1425595273
43	5	555	1425595279
39	38	1000	1425595285
17	47	414	1425595290
16	6	745	1425595299
42	26	915	1425595304
20	26	897	1425595310
39	30	846	1425595317
31	12	963	1425595322
43	32	912	1425595331
37	18	968	1425595336
47	11	915	1425595344
45	35	436	1425595352
0	28	657	1425595359
47	0	823	1425595364
41	42	833	1425595369
39	9	755	1425595374
2	15	877	1425595380
47	24	831	1425595385
0	13	827	1425595393
36	22	951	1425595398
-3	-3	170	1425595403
21	27	1000	1425595409
20	18	978	1425595415
4	5	998	1425595419
30	23	433	1425595425
21	2	1000	1425595430
35	15	431	1425595440
47	34	685	1425595449
36	47	1000	1425595455
40	17	1000	1425595460
2	31	972	1425595465
27	30	1000	1425595470
38	34	1000	1425595476
5	18	1000	1425595481
13	5	1000	1425595488
34	14	1000	1425595494
34	15	980	1425595500
42	31	914	1425595513
27	14	906	1425595518
11	16	430	1425595523
43	2	348	1425595529
27	29	978	1425595535
22	26	954	1425595542
33	21	714	1425595548
5	15	964	1425595562
7	43	1000	1425595568
15	36	952	1425595573
4	41	794	1425595578
17	32	869	1425595593
2	38	1000	1425595599
36	41	983	1425595615
1	2	940	1425595622
9	0	969	1425595627
8	44	853	1425595632
0	22	945	1425595638
44	46	864	1425595643
2E6L5y436