151	R	0.0.0.0	1425594599
-2	-1	802	1425594679
-3	-4	108	1425594684
-6	-5	undefined	1425594691
-7	-7	undefined	1425594696
-8	-9	620	1425594702
-11	-10	227	1425594710
22	18	422	1425594715
30	46	284	1425594721
40	38	504	1425594726
16	9	undefined	1425594731
29	23	89	1425594736
36	24	515	1425594741
27	26	933	1425594746
40	42	368	1425594750
38	14	579	1425594755
5	3	717	1425594759
39	8	335	1425594882
9	29	552	1425594889
42	16	764	1425594894
34	42	806	1425594898
45	15	357	1425594902
5	40	469	1425594907
45	24	806	1425594911
21	13	667	1425594916
42	37	751	1425594921
24	26	860	1425594925
17	37	361	1425594930
40	13	706	1425594936
30	45	766	1425594941
16	20	542	1425594947
2	25	749	1425595005
17	42	770	1425595013
27	42	852	1425595017
29	41	154	1425595022
22	5	748	1425595026
27	37	915	1425595030
35	25	743	1425595034
30	21	undefined	1425595038
14	15	537	1425595043
4	13	261	1425595048
4	39	262	1425595052
36	46	852	1425595057
10	5	940	1425595061
-1	-1	13	1425595203
13	47	810	1425595207
38	13	884	1425595212
25	11	811	1425595217
7	17	983	1425595221
7	32	857	1425595225
34	2	828	1425595230
31	14	855	1425595237
5	45	868	1425595242
13	45	280	1425595247
11	12	896	1425595251
43	33	856	1425595256
25	38	854	1425595265
6	25	242	1425595270
6	5	858	1425595274
35	38	904	1425595280
44	46	876	1425595285
8	31	140	1425595290
23	30	372	1425595296
40	43	392	1425595301
17	0	306	1425595305
8	3	649	1425595309
18	5	798	1425595314
31	29	168	1425595318
6	23	846	1425595322
44	20	265	1425595326
29	20	870	1425595331
44	15	252	1425595335
35	21	795	1425595427
44	23	263	1425595431
7	9	870	1425595435
36	15	810	1425595439
32	13	264	1425595444
19	37	787	1425595448
35	3	374	1425595452
6	45	803	1425595456
16	23	311	1425595461
21	7	984	1425595465
41	23	190	1425595501
31	24	773	1425595506
22	37	770	1425595511
37	5	851	1425595515
37	31	709	1425595519
13	12	811	1425595523
21	3	857	1425595527
8	38	937	1425595530
5	43	424	1425595535
1	32	855	1425595539
14	8	802	1425595546
-2	-2	15	1425595550
21	39	148	1425595555
30	16	730	1425595559
28	30	575	1425595614
24	0	798	1425595618
22	41	827	1425595623
26	46	799	1425595627
34	36	891	1425595631
45	44	231	1425595635
10	21	402	1425595639
14	43	202	1425595644
18	30	291	1425595647
33	25	290	1425595651
39	25	221	1425595655
30	32	729	1425595659
23	34	757	1425595663
43	11	807	1425595667
28	18	839	1425595672
39	45	807	1425595676
30	6	812	1425595680
40	32	891	1425595684
4	7	977	1425595688
3	23	828	1425595693
42	38	720	1425595696
26	7	951	1425595701
41	19	928	1425595705
35	6	356	1425595709
38	20	966	1425595713
43	17	869	1425595717
19	20	309	1425595722
27	13	890	1425595725
42	13	846	1425595731
25	17	757	1425595735
29	13	846	1425595739
47	12	930	1425595780
44	34	658	1425595784
28	26	776	1425595788
34	30	781	1425595792
17	11	723	1425595796
33	29	336	1425595801
31	0	737	1425595808
33	21	651	1425595812
-3	-3	0	1425595820
8	13	509	1425595826
3	30	709	1425595830
21	9	881	1425595834
42	10	898	1425595850
8	4	243	1425595855
15	18	818	1425595860
40	9	885	1425595864
10	33	777	1425595868
44	27	960	1425595872
19	46	878	1425595876
3	36	619	1425595881
35	16	875	1425595884
40	36	324	1425595889
18	9	713	1425595893
32	26	797	1425595897
1F7R9u798