151	R	0.0.0.0	1425592722
-1	-2	156	1425592809
-4	-3	18	1425592830
-5	-6	169	1425592843
-7	-7	0	1425592851
-9	-8	306	1425592863
-10	-11	192	1425592875
21	22	167	1425592881
36	2	170	1425592890
42	47	128	1425592897
11	0	90	1425592902
45	23	77	1425592915
7	36	116	1425592920
46	20	45	1425592926
8	42	55	1425592931
35	34	14	1425592939
15	29	25	1425592944
36	35	59	1425592955
1	2	227	1425592980
31	46	63	1425592985
35	5	124	1425592992
8	3	92	1425592996
35	44	117	1425593001
15	31	82	1425593015
12	21	90	1425593022
-1	-1	7	1425593027
4	11	16	1425593032
36	8	76	1425593039
1	12	78	1425593044
33	28	106	1425593049
33	36	133	1425593055
3	42	85	1425593059
8	5	79	1425593064
45	4	74	1425593069
10	0	79	1425593076
23	21	46	1425593084
38	32	0	1425593091
0	16	50	1425593098
23	16	64	1425593105
5	29	17	1425593111
42	26	12	1425593119
9	26	75	1425593125
37	36	62	1425593129
29	3	39	1425593135
14	45	31	1425593140
32	12	46	1425593146
18	4	38	1425593154
30	18	53	1425593159
40	35	132	1425593167
40	20	209	1425593172
16	17	104	1425593177
45	3	54	1425593182
14	17	81	1425593187
9	45	120	1425593191
20	38	0	1425593200
9	4	91	1425593204
22	41	20	1425593210
11	24	73	1425593216
22	27	19	1425593221
21	31	57	1425593226
10	41	38	1425593230
27	29	38	1425593235
42	16	63	1425593240
35	0	108	1425593244
17	43	103	1425593250
14	30	74	1425593258
5	46	66	1425593264
20	23	105	1425593270
20	41	84	1425593277
23	1	10	1425593284
13	27	9	1425593289
9	1	41	1425593301
47	2	16	1425593306
15	20	0	1425593311
34	45	174	1425593325
13	40	191	1425593338
4	26	185	1425593343
37	6	79	1425593348
30	0	0	1425593359
10	27	36	1425593364
4	20	215	1425593376
17	39	375	1425593397
45	5	376	1425593410
5	37	321	1425593415
17	13	136	1425593427
11	47	173	1425593433
34	19	133	1425593438
37	21	110	1425593443
39	36	290	1425593451
18	37	87	1425593460
5	3	51	1425593467
29	14	109	1425593480
39	10	59	1425593485
45	10	237	1425593492
24	17	283	1425593502
24	23	108	1425593508
5	24	0	1425593513
-2	-2	0	1425593519
18	12	166	1425593527
47	40	196	1425593532
27	14	118	1425593536
29	47	110	1425593541
36	21	81	1425593551
22	6	266	1425593558
35	31	176	1425593575
19	47	0	1425593612
21	39	113	1425593617
25	47	77	1425593622
18	22	74	1425593626
9	35	25	1425593632
13	35	0	1425593637
17	4	9	1425593643
42	24	0	1425593651
23	36	96	1425593656
19	36	63	1425593661
24	47	68	1425593666
0	5	89	1425593670
20	22	52	1425593674
44	41	27	1425593680
39	19	54	1425593685
30	29	69	1425593690
6	24	60	1425593695
20	28	53	1425593699
40	5	52	1425593704
38	26	1	1425593710
6	5	37	1425593716
10	14	41	1425593721
13	20	24	1425593727
28	25	66	1425593731
20	44	77	1425593737
37	8	37	1425593742
22	45	0	1425593748
42	2	40	1425593753
34	10	275	1425593769
28	32	271	1425593774
32	2	342	1425593786
47	38	845	1425593815
23	9	332	1425593821
35	47	353	1425593828
8	31	40	1425593834
7	3	254	1425593845
-3	-3	0	1425593854
8	30	2	1425593859
9	20	390	1425593865
2	38	368	1425593872
31	37	375	1425593886
10	47	399	1425593891
13	14	201	1425593900
8	35	0	1425593906
32	42	362	1425593914
8	38	252	1425593927
1E6R5w915