151	L	0.0.0.0	1425592812
-1	-2	237	1425592933
-4	-3	896	1425592948
-6	-5	771	1425592965
-7	-7	0	1425592972
-9	-8	1000	1425592982
-10	-11	373	1425592990
15	24	1000	1425592998
42	1	926	1425593008
14	9	464	1425593018
10	17	398	1425593030
22	40	828	1425593037
6	9	936	1425593043
46	34	889	1425593049
46	3	829	1425593055
36	4	832	1425593064
47	9	1000	1425593070
2	9	470	1425593081
3	10	544	1425593089
29	24	820	1425593095
43	13	792	1425593103
10	23	357	1425593108
8	28	427	1425593114
1	24	1000	1425593120
-1	-1	0	1425593125
25	3	466	1425593134
4	0	652	1425593139
14	30	802	1425593146
5	41	923	1425593151
34	30	1000	1425593156
14	34	1000	1425593160
37	16	382	1425593166
45	37	964	1425593171
5	38	673	1425593179
4	7	1000	1425593184
37	34	337	1425593190
24	26	647	1425593197
18	4	736	1425593204
19	22	756	1425593211
12	14	875	1425593220
42	27	937	1425593226
0	15	663	1425593233
2	12	456	1425593239
26	1	339	1425593247
30	17	843	1425593253
0	5	355	1425593262
37	42	382	1425593268
18	16	615	1425593274
30	45	649	1425593281
45	26	824	1425593287
7	46	1000	1425593292
20	6	906	1425593298
26	15	941	1425593304
5	47	1000	1425593311
32	0	432	1425593318
24	46	728	1425593330
42	18	631	1425593345
45	28	677	1425593356
-2	-2	170	1425593368
40	42	278	1425593379
47	18	325	1425593387
31	38	871	1425593394
29	39	387	1425593402
37	8	895	1425593408
1	38	1000	1425593416
7	19	1000	1425593422
7	34	1000	1425593428
41	42	372	1425593436
13	19	352	1425593442
45	34	1000	1425593447
21	19	465	1425593454
8	47	307	1425593461
37	17	679	1425593469
12	34	1000	1425593474
29	26	800	1425593483
24	34	697	1425593489
2	41	1000	1425593494
14	41	649	1425593501
40	0	680	1425593508
4	41	902	1425593515
16	28	544	1425593525
9	28	742	1425593533
33	24	876	1425593540
10	27	889	1425593549
9	36	1000	1425593557
37	11	93	1425593564
46	31	55	1425593571
21	16	847	1425593579
22	42	1000	1425593585
30	19	133	1425593591
18	3	299	1425593599
30	37	915	1425593604
41	24	1000	1425593610
30	32	400	1425593615
47	35	249	1425593621
12	15	229	1425593628
35	23	397	1425593634
13	11	883	1425593639
29	37	594	1425593644
32	45	732	1425593652
33	41	207	1425593658
9	11	870	1425593664
27	32	953	1425593668
11	33	919	1425593675
26	17	1000	1425593679
45	10	444	1425593689
28	17	889	1425593698
42	20	974	1425593705
32	2	405	1425593710
20	33	855	1425593715
40	46	809	1425593720
-3	-3	0	1425593726
29	15	1000	1425593736
16	32	1000	1425593743
42	39	613	1425593750
20	8	326	1425593757
5	15	692	1425593783
10	43	942	1425593788
43	7	427	1425593800
7	29	1000	1425593805
15	10	403	1425593811
35	25	627	1425593817
10	46	792	1425593825
29	33	173	1425593832
23	30	127	1425593838
43	1	598	1425593845
44	14	913	1425593851
18	45	981	1425593856
32	33	817	1425593863
45	44	1000	1425593873
47	7	1000	1425593878
9	39	893	1425593883
35	13	856	1425593891
43	41	613	1425593896
22	32	578	1425593900
45	19	626	1425593905
34	28	782	1425593910
9	13	716	1425593916
12	6	954	1425593921
13	25	948	1425593926
21	39	179	1425593930
8	17	466	1425593938
19	32	589	1425593943
25	17	928	1425593948
30	40	903	1425593953
26	9	994	1425593957
6	0	187	1425593964
14	37	966	1425593969
14	35	345	1425593974
26	43	151	1425594002
8	45	635	1425594007
1B6L5w424