151	R	0.0.0.0	1425685018
-2	-1	864	1425685122
-3	-4	199	1425685134
-5	-6	918	1425685143
-7	-7	0	1425685149
-9	-8	328	1425685157
-11	-10	1000	1425685165
-1	-1	0	1425685173
0	33	358	1425685178
34	20	436	1425685185
39	23	571	1425685193
6	17	937	1425685198
15	17	935	1425685206
39	19	445	1425685211
40	35	1000	1425685218
44	47	706	1425685228
35	26	1000	1425685236
36	1	1000	1425685242
17	42	1000	1425685247
19	29	1000	1425685255
10	18	725	1425685262
10	16	1000	1425685267
20	35	304	1425685275
6	7	1000	1425685280
20	41	745	1425685286
30	19	180	1425685292
38	39	1000	1425685303
22	10	693	1425685307
47	35	355	1425685319
23	29	182	1425685325
32	7	952	1425685330
46	33	0	1425685341
27	38	1000	1425685345
20	1	356	1425685355
11	19	241	1425685360
28	27	796	1425685366
36	27	696	1425685371
28	16	304	1425685377
38	13	1000	1425685405
23	17	145	1425685411
11	13	370	1425685415
4	6	421	1425685423
29	38	1000	1425685430
34	42	437	1425685435
27	33	482	1425685444
39	22	859	1425685450
26	16	919	1425685455
22	45	379	1425685460
44	22	737	1425685484
41	24	1000	1425685495
35	13	660	1425685506
47	22	980	1425685512
17	22	808	1425685523
45	18	274	1425685532
5	25	1000	1425685537
41	8	310	1425685594
-2	-2	0	1425685600
38	17	1000	1425685606
26	18	413	1425685610
5	20	972	1425685615
46	39	189	1425685620
33	44	397	1425685625
23	30	409	1425685630
1	8	403	1425685635
41	14	790	1425685640
7	30	1000	1425685645
40	24	441	1425685650
32	18	370	1425685654
4	18	338	1425685660
22	18	236	1425685664
23	5	1000	1425685669
12	24	184	1425685675
33	11	654	1425685681
25	1	704	1425685688
44	29	540	1425685694
15	47	874	1425685699
40	47	1000	1425685705
23	24	1000	1425685709
47	5	1000	1425685714
7	42	1000	1425685721
45	42	968	1425685726
9	5	914	1425685731
29	5	1000	1425685763
40	13	996	1425685769
12	22	820	1425685775
12	23	920	1425685781
34	25	462	1425685786
13	44	362	1425685790
16	17	235	1425685796
39	20	451	1425685804
14	40	857	1425685808
30	3	455	1425685813
18	33	459	1425685817
37	28	289	1425685822
26	41	827	1425685828
30	32	933	1425685833
26	32	151	1425685839
23	31	345	1425685844
16	38	1000	1425685849
9	19	468	1425685856
33	5	1000	1425685862
47	37	473	1425685870
26	10	846	1425685876
13	26	440	1425685881
44	8	423	1425685886
8	31	269	1425685892
-3	-3	0	1425685898
30	33	802	1425685903
35	31	640	1425685941
37	41	161	1425685945
37	12	1000	1425685951
9	38	1000	1425685956
35	42	630	1425685961
37	8	391	1425685966
37	42	825	1425685971
14	38	1000	1425685976
28	10	368	1425685983
34	44	362	1425685988
33	19	451	1425685993
47	32	766	1425685998
38	4	1000	1425686004
26	11	748	1425686010
26	1	242	1425686014
32	35	843	1425686035
34	45	468	1425686056
23	6	593	1425686062
38	20	1000	1425686067
21	10	443	1425686072
13	19	331	1425686077
43	2	435	1425686101
20	37	812	1425686106
27	17	1000	1425686111
42	36	432	1425686115
20	46	315	1425686120
23	25	302	1425686125
24	43	205	1425686130
41	22	469	1425686134
2	9	595	1425686139
17	43	882	1425686144
25	14	594	1425686149
45	6	468	1425686154
38	34	1000	1425686159
2	29	663	1425686164
31	2	436	1425686168
46	2	1000	1425686173
17	20	288	1425686178
46	31	203	1425686183
46	36	824	1425686188
40	9	1000	1425686193
12	7	1000	1425686198
0	43	921	1425686202
1F4L5x745