151	L	0.0.0.0	1425592867
-2	-1	897	1425593020
-4	-3	109	1425593033
-5	-6	672	1425593049
-7	-7	0	1425593061
-8	-9	190	1425593072
-11	-10	87	1425593088
34	1	241	1425593100
34	22	608	1425593112
42	14	222	1425593129
30	20	21	1425593153
37	21	117	1425593161
19	42	656	1425593171
32	10	639	1425593183
43	44	755	1425593191
37	7	1000	1425593208
22	16	702	1425593216
42	8	850	1425593225
33	21	552	1425593231
25	31	512	1425593247
11	38	995	1425593262
16	35	650	1425593269
38	37	995	1425593279
21	44	533	1425593286
0	26	396	1425593293
-1	-1	0	1425593309
36	43	353	1425593318
29	28	238	1425593324
15	22	270	1425593329
32	15	346	1425593337
11	41	246	1425593344
18	31	521	1425593354
18	17	587	1425593360
5	27	undefined	1425593370
10	6	625	1425593377
28	12	747	1425593382
26	42	685	1425593386
34	13	467	1425593393
39	47	596	1425593401
22	31	596	1425593406
38	26	1000	1425593415
1	16	648	1425593424
39	16	367	1425593430
20	9	336	1425593436
3	21	466	1425593440
20	38	1000	1425593449
15	7	995	1425593454
4	46	246	1425593464
6	18	237	1425593470
34	44	448	1425593476
21	36	886	1425593480
33	0	438	1425593486
24	4	614	1425593515
35	27	538	1425593525
11	21	382	1425593530
36	0	570	1425593535
11	42	724	1425593539
36	15	717	1425593544
34	36	833	1425593551
8	38	1000	1425593558
40	23	987	1425593563
42	31	879	1425593568
25	9	516	1425593576
17	9	476	1425593582
26	20	516	1425593590
22	9	478	1425593595
35	42	578	1425593601
38	21	995	1425593607
5	22	457	1425593615
25	15	433	1425593631
2	42	478	1425593640
0	37	521	1425593646
17	32	581	1425593666
32	47	611	1425593672
47	44	561	1425593680
7	26	982	1425593692
30	41	533	1425593698
39	31	435	1425593703
28	22	533	1425593711
3	1	618	1425593717
2	14	326	1425593723
19	18	511	1425593730
36	31	898	1425593736
19	38	988	1425593742
22	20	563	1425593747
20	24	452	1425593752
9	19	353	1425593758
40	7	89	1425593767
12	9	447	1425593776
15	17	444	1425593797
11	44	512	1425593807
47	29	665	1425593814
7	42	326	1425593820
37	28	198	1425593826
6	8	557	1425593832
24	38	216	1425593837
4	37	283	1425593844
-2	-2	0	1425593850
39	26	221	1425593856
12	17	586	1425593918
27	28	729	1425593923
35	37	657	1425593929
17	34	471	1425593936
3	45	424	1425593998
11	46	534	1425594005
1	35	864	1425594011
21	6	669	1425594017
8	18	472	1425594022
12	0	561	1425594026
46	37	360	1425594040
-3	-3	0	1425594044
45	23	263	1425594049
28	4	412	1425594054
30	35	453	1425594059
20	28	512	1425594063
25	4	532	1425594075
34	19	542	1425594093
21	14	690	1425594098
11	40	853	1425594124
26	6	648	1425594129
29	12	652	1425594137
38	39	997	1425594144
27	43	394	1425594150
43	0	523	1425594156
28	11	482	1425594162
19	2	436	1425594168
2	45	705	1425594173
20	27	609	1425594178
3	29	566	1425594191
19	12	460	1425594197
15	6	524	1425594202
40	24	164	1425594208
25	24	433	1425594213
34	5	760	1425594217
22	6	543	1425594233
26	28	478	1425594254
3	9	471	1425594272
43	25	551	1425594277
39	2	600	1425594282
11	17	420	1425594287
24	28	700	1425594296
47	6	443	1425594301
16	33	356	1425594305
44	33	365	1425594310
27	33	806	1425594314
14	47	656	1425594318
0	25	427	1425594322
41	7	1000	1425594327
7	25	995	1425594334
37	12	783	1425594338
21	41	379	1425594342
4F3P8y981