151	L	0.0.0.0	1425688303
-1	-2	922	1425688479
-3	-4	256	1425688499
-5	-6	452	1425688512
-7	-7	0	1425688525
-9	-8	348	1425688535
-10	-11	438	1425688544
44	18	468	1425688552
35	18	462	1425688563
5	35	963	1425688574
15	4	304	1425688582
17	31	354	1425688594
18	25	332	1425688599
46	17	122	1425688605
25	29	283	1425688614
23	33	69	1425688619
32	0	412	1425688714
6	22	678	1425688721
21	14	637	1425688728
10	3	531	1425688733
34	16	31	1425688739
15	42	561	1425688744
1	17	416	1425688753
29	2	777	1425688762
8	35	576	1425688789
22	32	619	1425688795
13	29	304	1425688801
33	42	318	1425688806
26	34	548	1425688812
38	1	1000	1425688818
21	30	486	1425688823
-1	-1	0	1425689033
9	30	2	1425689043
13	15	0	1425689049
4	33	6	1425689055
31	5	955	1425689061
16	43	646	1425689067
12	0	695	1425689074
2	46	980	1425689080
8	41	624	1425689086
15	44	428	1425689093
45	25	576	1425689099
4	35	616	1425689106
11	23	561	1425689112
10	44	174	1425689119
19	41	526	1425689129
29	21	180	1425689136
27	32	966	1425689142
29	17	16	1425689148
38	43	924	1425689155
17	40	973	1425689162
29	30	824	1425689168
39	10	384	1425689173
31	23	130	1425689182
36	11	696	1425689190
26	46	402	1425689198
12	6	570	1425689208
36	34	811	1425689215
8	47	723	1425689221
31	3	358	1425689229
7	46	1000	1425689235
20	7	998	1425689242
0	31	188	1425689248
37	3	363	1425689256
8	13	221	1425689262
33	27	902	1425689270
1	2	919	1425689275
6	26	953	1425689282
11	38	999	1425689290
20	11	526	1425689297
46	8	264	1425689306
9	42	175	1425689315
41	39	56	1425689329
33	19	478	1425689337
25	2	392	1425689346
47	11	954	1425689353
11	40	974	1425689361
27	13	955	1425689367
8	33	68	1425689375
40	14	988	1425689383
41	24	586	1425689390
3	17	676	1425689396
15	16	613	1425689402
0	44	174	1425689409
23	32	179	1425689417
4	17	25	1425689425
0	33	46	1425689431
45	36	1000	1425689444
41	25	376	1425689451
26	47	853	1425689458
-2	-2	5	1425689464
20	17	778	1425689470
45	1	162	1425689477
7	38	206	1425689484
42	14	107	1425689491
45	11	284	1425689501
32	10	276	1425689509
0	38	633	1425689515
33	14	702	1425689521
25	36	711	1425689527
21	37	83	1425689532
0	41	216	1425689540
4	28	146	1425689549
47	9	725	1425689555
16	47	373	1425689561
18	45	604	1425689567
1	0	223	1425689572
3	24	232	1425689578
37	8	191	1425689582
10	33	85	1425689597
29	32	153	1425689603
35	17	677	1425689609
31	34	92	1425689670
12	34	606	1425689676
13	10	289	1425689682
41	6	354	1425689688
4	38	997	1425689694
32	24	633	1425689702
19	38	998	1425689708
21	41	6	1425689716
34	43	818	1425689727
2	19	886	1425689734
45	17	206	1425689741
42	36	706	1425689747
8	45	295	1425689754
30	5	565	1425689761
41	30	626	1425689766
12	41	630	1425689772
16	39	666	1425689779
41	33	48	1425689784
15	39	102	1425689791
39	14	386	1425689797
43	0	713	1425689804
22	3	321	1425689810
22	8	203	1425689816
3	47	697	1425689822
45	46	274	1425689828
42	24	37	1425689835
40	23	800	1425689846
45	22	757	1425689853
19	21	696	1425689858
42	5	792	1425689864
3	43	774	1425689869
46	18	566	1425689876
33	13	753	1425689881
30	47	322	1425689886
37	46	282	1425689891
32	25	313	1425689898
32	3	243	1425689904
-3	-3	48	1425689911
26	23	91	1425689917
4F4L6w753