151	L	0.0.0.0	1425685099
-1	-2	167	1425685277
-4	-3	10	1425685290
-6	-5	186	1425685304
-7	-7	0	1425685312
-8	-9	824	1425685327
-10	-11	67	1425685336
20	8	42	1425685346
10	18	202	1425685354
7	1	910	1425685371
42	40	103	1425685380
3	39	227	1425685389
26	10	453	1425685399
1	41	897	1425685408
28	2	356	1425685417
12	34	1000	1425685425
18	21	83	1425685437
36	21	941	1425685447
1	33	17	1425685456
20	34	916	1425685464
18	3	1	1425685473
22	19	418	1425685483
12	22	34	1425685492
-1	-1	0	1425685515
13	43	79	1425685527
31	46	81	1425685545
9	24	764	1425685554
16	41	22	1425685562
6	31	639	1425685571
12	11	999	1425685578
22	30	64	1425685585
23	37	1000	1425685593
30	6	624	1425685601
27	22	661	1425685611
30	17	235	1425685619
40	8	991	1425685625
45	23	849	1425685635
26	0	21	1425685642
16	36	807	1425685654
6	2	854	1425685663
46	42	870	1425685669
31	0	904	1425685676
29	38	40	1425685688
29	3	70	1425685701
11	17	906	1425685708
1	35	147	1425685716
25	34	966	1425685723
37	46	550	1425685732
41	7	294	1425685744
42	44	841	1425685753
10	16	993	1425685760
7	16	91	1425685771
25	23	630	1425685780
14	16	954	1425685788
47	43	46	1425685799
46	33	301	1425685808
8	29	143	1425685816
44	35	459	1425685824
37	34	61	1425685832
43	10	268	1425685839
8	9	764	1425685848
38	10	58	1425685857
19	30	78	1425685866
23	40	49	1425685875
36	43	921	1425685883
26	27	123	1425685892
37	12	985	1425685900
39	35	241	1425685907
42	9	950	1425685914
30	18	632	1425685923
27	38	2	1425685931
5	33	428	1425685940
19	47	424	1425685951
43	8	78	1425685960
39	34	667	1425685971
42	20	961	1425685978
38	6	57	1425685985
43	27	25	1425686016
2	14	1	1425686024
37	32	668	1425686135
16	8	626	1425686145
-2	-2	0	1425686153
26	9	891	1425686160
24	10	30	1425686168
28	10	37	1425686176
15	43	10	1425686182
12	4	239	1425686190
6	33	63	1425686200
19	44	9	1425686211
6	17	210	1425686218
17	12	594	1425686228
25	45	718	1425686236
14	25	110	1425686249
35	41	812	1425686260
11	34	54	1425686267
36	42	22	1425686274
4	44	870	1425686283
32	34	910	1425686289
31	23	17	1425686295
7	37	920	1425686305
20	29	120	1425686313
39	4	207	1425686329
19	45	794	1425686341
12	21	807	1425686348
45	14	598	1425686354
4	25	73	1425686360
36	29	684	1425686368
13	24	335	1425686376
6	22	737	1425686381
-3	-3	0	1425686388
18	24	68	1425686395
39	41	934	1425686402
41	30	844	1425686410
0	42	984	1425686416
39	42	908	1425686421
23	9	969	1425686428
0	30	11	1425686438
9	47	980	1425686443
9	16	1000	1425686452
22	18	368	1425686459
19	1	917	1425686466
43	45	960	1425686474
2	40	997	1425686482
14	33	29	1425686491
25	35	822	1425686498
38	7	996	1425686504
45	7	0	1425686510
22	29	788	1425686518
2	30	7	1425686526
43	4	824	1425686532
24	23	844	1425686538
40	21	892	1425686547
13	32	938	1425686555
3	22	19	1425686562
20	21	903	1425686572
36	32	939	1425686579
28	45	834	1425686590
25	46	49	1425686600
36	27	869	1425686608
5	40	21	1425686616
37	8	934	1425686623
34	17	49	1425686631
11	4	843	1425686639
26	30	33	1425686648
41	25	918	1425686655
32	25	62	1425686665
0	34	932	1425686672
3	24	130	1425686681
28	42	944	1425686691
28	31	20	1425686699
34	19	968	1425686707
3G3P9t134