151	L	0.0.0.0	1425592744
-2	-1	903	1425592844
-3	-4	165	1425592890
-6	-5	806	1425592900
-7	-7	21	1425592911
-8	-9	618	1425592923
-11	-10	316	1425592936
39	3	637	1425592946
2	13	744	1425592953
16	30	769	1425592961
44	1	257	1425592976
11	16	66	1425592984
42	11	918	1425592992
47	6	272	1425593005
32	21	789	1425593013
11	17	700	1425593022
17	0	425	1425593033
16	31	552	1425593048
5	32	964	1425593061
17	31	89	1425593071
34	12	954	1425593078
45	12	938	1425593090
-1	-1	52	1425593102
13	30	278	1425593111
20	34	766	1425593117
9	18	748	1425593129
42	18	880	1425593135
44	47	941	1425593144
6	32	915	1425593150
3	32	882	1425593157
6	13	923	1425593166
8	15	898	1425593172
40	25	969	1425593178
1	39	878	1425593184
41	24	964	1425593190
25	31	826	1425593197
3	26	782	1425593202
38	16	982	1425593209
17	35	939	1425593216
29	4	844	1425593222
43	30	925	1425593228
20	47	782	1425593237
43	35	839	1425593245
10	20	776	1425593254
26	10	786	1425593261
13	41	853	1425593266
37	15	822	1425593275
40	17	883	1425593283
39	29	293	1425593293
17	20	692	1425593300
4	12	940	1425593311
14	16	896	1425593316
22	14	340	1425593323
25	26	743	1425593330
41	35	592	1425593335
12	29	786	1425593345
13	21	387	1425593350
8	14	388	1425593356
26	30	664	1425593362
6	31	730	1425593370
34	2	872	1425593376
10	3	827	1425593381
28	34	841	1425593387
42	23	964	1425593393
-2	-2	88	1425593400
33	12	926	1425593408
34	33	781	1425593414
10	15	571	1425593420
30	25	735	1425593425
44	37	640	1425593431
31	24	882	1425593436
40	2	856	1425593446
6	19	390	1425593452
13	12	763	1425593457
30	47	624	1425593463
33	35	824	1425593468
19	35	360	1425593476
28	23	388	1425593482
36	46	954	1425593487
0	34	838	1425593493
35	32	850	1425593501
26	5	912	1425593507
9	19	118	1425593513
2	33	868	1425593519
16	22	908	1425593525
5	12	903	1425593530
8	34	151	1425593537
6	17	889	1425593546
28	47	797	1425593552
44	6	845	1425593558
1	31	293	1425593563
43	15	842	1425593568
33	1	725	1425593574
37	2	832	1425593579
47	37	808	1425593584
47	41	838	1425593590
19	43	731	1425593595
9	22	747	1425593600
31	39	289	1425593605
20	8	683	1425593610
39	32	745	1425593615
3	2	762	1425593620
16	13	691	1425593627
15	40	769	1425593633
46	17	281	1425593637
-3	-3	0	1425593642
8	22	662	1425593647
14	18	699	1425593653
18	15	773	1425593658
24	27	723	1425593682
26	12	724	1425593687
36	24	849	1425593692
32	41	908	1425593697
23	13	82	1425593703
19	27	901	1425593708
45	28	360	1425593715
38	46	943	1425593720
6	21	781	1425593725
29	24	934	1425593731
1	29	315	1425593736
45	13	758	1425593742
42	19	886	1425593747
25	5	892	1425593753
36	26	921	1425593758
25	39	928	1425593765
30	10	929	1425593772
19	24	919	1425593779
43	7	939	1425593784
19	5	822	1425593790
19	45	258	1425593795
20	33	810	1425593800
21	5	853	1425593806
27	43	937	1425593811
36	15	918	1425593816
6	23	866	1425593821
16	36	920	1425593826
16	18	858	1425593832
26	14	860	1425593837
14	33	890	1425593842
39	47	965	1425593847
20	39	901	1425593852
31	36	931	1425593857
40	39	966	1425593862
14	41	903	1425593867
19	31	265	1425593872
27	12	880	1425593877
27	33	945	1425593883
23	12	861	1425593888
29	2	931	1425593893
37	39	293	1425593898
30	19	257	1425593903
3E6R5x270