151	R	0.0.0.0	1425686690
-1	-2	823	1425686767
-4	-3	328	1425686776
-6	-5	695	1425686784
-7	-7	16	1425686802
-9	-8	367	1425686809
-11	-10	582	1425686816
33	35	537	1425686822
34	38	852	1425686827
44	18	816	1425686832
16	7	979	1425686839
10	3	865	1425686846
12	39	809	1425686851
26	14	719	1425686856
33	30	778	1425686861
8	11	433	1425686869
1	5	566	1425686879
33	8	749	1425686885
9	45	860	1425686890
15	31	435	1425686897
43	39	585	1425686901
31	20	708	1425686909
39	30	456	1425686914
37	25	529	1425686920
23	26	419	1425686926
0	42	470	1425686931
5	44	902	1425686937
-1	-1	45	1425686945
37	24	438	1425686950
22	13	538	1425686954
32	44	579	1425686959
30	2	732	1425686964
2	37	876	1425686969
46	1	313	1425686975
18	27	558	1425686980
10	2	886	1425686986
44	7	899	1425686991
43	34	892	1425686996
15	1	463	1425687001
32	3	289	1425687006
22	10	703	1425687011
42	8	782	1425687016
13	39	755	1425687020
25	43	804	1425687025
13	19	849	1425687030
11	35	670	1425687035
23	19	458	1425687041
14	1	847	1425687046
31	12	610	1425687052
30	20	396	1425687057
8	27	821	1425687062
21	47	858	1425687067
33	9	392	1425687075
25	29	675	1425687081
39	29	297	1425687086
0	13	175	1425687091
31	34	401	1425687095
27	41	878	1425687100
11	44	440	1425687105
29	12	797	1425687110
33	6	741	1425687115
10	31	159	1425687120
18	32	435	1425687125
29	14	903	1425687130
22	14	657	1425687135
38	45	980	1425687140
32	10	789	1425687147
32	35	427	1425687155
20	11	624	1425687160
-2	-2	92	1425687168
3	14	237	1425687173
20	35	216	1425687178
2	39	635	1425687183
28	31	465	1425687188
47	4	671	1425687193
41	4	668	1425687198
30	38	975	1425687205
8	40	875	1425687209
29	22	846	1425687214
11	29	480	1425687220
24	39	666	1425687225
34	46	468	1425687229
7	47	990	1425687235
8	0	316	1425687239
26	11	607	1425687244
46	29	306	1425687250
2	4	756	1425687255
5	42	322	1425687261
27	46	690	1425687267
3	43	347	1425687273
40	23	837	1425687280
19	27	820	1425687285
45	35	712	1425687290
12	24	891	1425687295
46	9	786	1425687303
46	28	398	1425687307
28	6	689	1425687351
2	33	764	1425687357
31	2	848	1425687361
20	14	460	1425687368
29	8	162	1425687374
8	47	684	1425687378
29	1	449	1425687383
27	34	746	1425687390
10	15	436	1425687397
40	14	691	1425687403
26	15	433	1425687409
20	1	427	1425687414
30	36	796	1425687419
27	36	332	1425687424
20	32	291	1425687430
14	7	850	1425687435
21	43	985	1425687441
21	41	247	1425687447
19	45	268	1425687452
9	3	763	1425687457
8	22	458	1425687462
23	38	977	1425687467
10	19	727	1425687472
47	30	904	1425687477
27	33	855	1425687484
39	31	467	1425687490
21	17	127	1425687496
8	7	962	1425687504
47	18	394	1425687509
7	5	244	1425687516
6	14	172	1425687539
18	3	371	1425687546
3	2	448	1425687552
-3	-3	11	1425687558
36	45	414	1425687562
27	28	807	1425687567
44	24	447	1425687573
23	45	70	1425687578
40	11	840	1425687584
45	26	562	1425687590
6	16	796	1425687595
0	40	866	1425687600
18	24	945	1425687604
22	32	283	1425687609
4	9	460	1425687617
42	35	694	1425687622
39	6	529	1425687626
10	7	914	1425687631
23	21	349	1425687635
44	0	474	1425687640
12	7	962	1425687644
23	9	467	1425687651
1	7	952	1425687656
36	23	480	1425687661
38	41	815	1425687669
2E6K8w640