151	R	0.0.0.0	1425684854
-1	-2	970	1425684956
-3	-4	377	1425684969
-6	-5	798	1425684975
-7	-7	11	1425684990
-8	-9	399	1425684999
-10	-11	775	1425685013
2	11	698	1425685023
36	38	847	1425685034
43	3	811	1425685042
1	35	545	1425685054
8	47	907	1425685062
39	38	923	1425685069
27	47	803	1425685077
1	46	375	1425685085
28	7	933	1425685093
31	11	623	1425685101
37	9	746	1425685107
14	38	720	1425685112
7	39	789	1425685116
8	16	705	1425685121
15	14	791	1425685127
40	33	748	1425685134
13	42	818	1425685139
28	43	777	1425685144
10	43	732	1425685150
4	37	718	1425685156
21	15	706	1425685161
45	15	403	1425685169
46	30	709	1425685174
14	25	703	1425685180
12	38	804	1425685186
33	29	560	1425685193
4	2	892	1425685199
12	30	779	1425685204
16	40	887	1425685210
7	11	960	1425685215
7	29	959	1425685220
1	30	887	1425685226
3	16	877	1425685244
26	24	894	1425685249
38	35	847	1425685253
46	34	847	1425685259
18	39	841	1425685264
46	23	522	1425685270
44	3	702	1425685275
4	7	968	1425685280
42	5	690	1425685285
39	33	448	1425685290
9	0	684	1425685296
-1	-1	10	1425685309
46	19	721	1425685315
11	28	526	1425685321
18	24	772	1425685327
24	43	635	1425685334
22	31	743	1425685338
34	41	632	1425685343
18	2	691	1425685348
31	38	945	1425685354
3	21	733	1425685359
0	2	872	1425685363
0	32	716	1425685367
43	11	813	1425685371
28	1	756	1425685375
8	11	718	1425685380
40	6	839	1425685385
7	38	682	1425685397
5	44	921	1425685401
28	0	764	1425685406
28	13	644	1425685410
6	9	787	1425685417
5	17	924	1425685421
32	24	838	1425685425
20	19	385	1425685429
17	8	288	1425685435
0	20	524	1425685439
1	4	757	1425685444
2	25	694	1425685448
16	6	699	1425685452
35	45	743	1425685457
5	13	900	1425685461
8	39	461	1425685466
38	11	942	1425685470
41	23	567	1425685474
5	36	621	1425685480
44	7	958	1425685484
46	0	791	1425685489
15	7	965	1425685493
32	9	876	1425685497
32	22	580	1425685502
21	2	913	1425685507
29	40	896	1425685511
41	45	745	1425685515
16	25	662	1425685519
-2	-2	14	1425685524
25	19	455	1425685528
42	38	943	1425685532
1	36	957	1425685536
40	11	968	1425685541
9	38	943	1425685547
11	29	657	1425685551
34	17	690	1425685556
8	1	688	1425685560
21	0	870	1425685564
9	40	886	1425685570
25	43	905	1425685587
43	13	892	1425685591
9	33	775	1425685595
-3	-3	8	1425685600
30	11	896	1425685604
1	34	867	1425685609
20	1	889	1425685614
12	42	959	1425685618
28	31	354	1425685622
33	15	693	1425685628
39	14	568	1425685633
2	20	653	1425685638
7	30	924	1425685718
22	29	755	1425685723
46	26	681	1425685729
8	10	616	1425685733
2	46	759	1425685737
32	11	692	1425685741
45	17	607	1425685746
36	4	745	1425685751
23	35	823	1425685756
14	7	915	1425685761
5	43	902	1425685765
7	17	969	1425685769
7	6	961	1425685773
29	8	560	1425685779
34	15	720	1425685783
34	26	794	1425685787
41	26	723	1425685791
26	23	678	1425685795
23	19	808	1425685799
28	2	749	1425685804
36	20	851	1425685808
25	17	753	1425685812
7	18	973	1425685822
10	1	812	1425685826
38	1	935	1425685831
4	10	710	1425685835
29	23	375	1425685840
12	9	613	1425685846
32	46	821	1425685850
40	28	764	1425685854
0	38	767	1425685858
4	24	842	1425685862
1	17	731	1425685866
44	0	702	1425685872
3G4R7v808