151	L	0.0.0.0	1425592739
-2	-1	727	1425592842
-3	-4	110	1425592858
-6	-5	605	1425592871
-7	-7	undefined	1425592878
-9	-8	416	1425592890
-10	-11	367	1425592899
24	30	674	1425592910
-1	-1	0	1425592917
19	38	undefined	1425592926
45	46	undefined	1425592941
8	5	829	1425592952
8	33	671	1425592966
7	46	687	1425592984
6	36	320	1425593005
14	42	603	1425593012
0	28	599	1425593021
8	44	773	1425593028
26	0	341	1425593040
0	11	450	1425593054
36	33	undefined	1425593067
44	0	787	1425593075
28	11	523	1425593093
32	18	917	1425593104
30	8	134	1425593112
2	10	606	1425593124
39	29	81	1425593133
28	8	773	1425593140
33	6	60	1425593149
38	39	456	1425593167
26	2	459	1425593181
8	13	257	1425593190
17	4	409	1425593198
47	24	421	1425593206
23	17	98	1425593215
44	24	129	1425593222
37	41	75	1425593232
10	1	541	1425593241
28	14	465	1425593252
26	18	111	1425593257
29	3	427	1425593264
12	39	719	1425593276
47	26	385	1425593283
27	18	563	1425593291
2	32	543	1425593301
27	5	589	1425593308
1	3	748	1425593314
25	33	341	1425593323
19	12	378	1425593329
30	26	540	1425593338
8	20	757	1425593345
44	26	719	1425593354
35	41	763	1425593362
32	9	581	1425593372
32	17	648	1425593384
35	38	539	1425593392
30	12	536	1425593401
29	27	604	1425593407
31	14	537	1425593415
36	44	714	1425593423
30	28	766	1425593431
41	16	510	1425593445
7	22	578	1425593456
13	18	568	1425593462
7	43	504	1425593467
5	26	478	1425593474
47	6	321	1425593481
2	8	278	1425593487
39	15	460	1425593495
11	47	645	1425593502
10	5	641	1425593507
26	8	638	1425593515
9	13	286	1425593520
35	3	289	1425593527
30	3	203	1425593532
13	27	402	1425593537
0	9	718	1425593542
0	12	693	1425593546
7	23	547	1425593553
8	15	237	1425593558
45	39	685	1425593565
29	45	744	1425593572
24	27	732	1425593577
47	10	564	1425593586
-2	-2	0	1425593592
1	9	522	1425593599
12	23	558	1425593606
9	21	283	1425593613
1	28	366	1425593618
26	29	527	1425593624
7	29	576	1425593631
9	25	657	1425593638
3	37	416	1425593650
20	37	358	1425593658
20	3	367	1425593663
38	26	582	1425593668
3	27	595	1425593675
7	0	527	1425593683
33	38	653	1425593689
2	45	254	1425593694
14	39	248	1425593703
31	30	359	1425593710
4	36	291	1425593724
30	23	277	1425593729
35	11	700	1425593734
22	15	89	1425593741
38	16	236	1425593746
4	39	666	1425593752
36	31	657	1425593760
5	32	109	1425593766
29	28	208	1425593778
18	11	628	1425593791
35	8	292	1425593797
43	34	295	1425593805
2	21	217	1425593811
5	31	709	1425593815
13	0	247	1425593820
45	19	751	1425593825
4	34	221	1425593831
29	17	193	1425593837
5	25	285	1425593842
29	11	735	1425593846
0	25	224	1425593853
44	17	782	1425593859
7	34	596	1425593868
13	21	689	1425593873
8	42	724	1425593880
2	13	undefined	1425593886
35	25	643	1425593895
26	42	549	1425593901
46	0	248	1425593908
17	16	258	1425593913
32	15	undefined	1425593921
16	9	220	1425593931
40	19	318	1425593936
12	38	600	1425593942
45	34	276	1425593950
16	42	310	1425593955
40	42	325	1425593960
4	5	119	1425593965
-3	-3	107	1425593970
39	11	215	1425593977
41	21	39	1425593983
25	26	112	1425593993
27	36	188	1425593998
17	36	314	1425594004
4	13	527	1425594012
37	5	577	1425594019
25	28	582	1425594028
26	45	undefined	1425594040
41	24	660	1425594050
2E6K5v760