151	L	0.0.0.0	1425684945
-1	-2	1000	1425685048
-4	-3	830	1425685060
-6	-5	760	1425685068
-7	-7	0	1425685076
-9	-8	571	1425685090
-11	-10	363	1425685097
6	36	909	1425685104
46	28	318	1425685111
28	35	949	1425685116
3	13	582	1425685124
46	18	654	1425685132
19	23	615	1425685140
17	27	1000	1425685145
1	4	777	1425685151
25	26	440	1425685161
39	5	705	1425685167
6	29	777	1425685172
31	12	748	1425685177
28	33	366	1425685182
31	13	466	1425685187
34	9	419	1425685191
38	23	1000	1425685196
23	44	380	1425685202
25	21	663	1425685207
13	36	940	1425685212
-1	-1	0	1425685218
15	4	326	1425685237
23	41	331	1425685246
41	12	826	1425685252
34	31	773	1425685259
31	33	83	1425685267
16	42	953	1425685273
22	25	1000	1425685278
0	44	803	1425685331
38	44	1000	1425685337
42	6	345	1425685344
21	27	1000	1425685348
43	8	841	1425685360
34	23	634	1425685368
33	13	255	1425685374
26	30	514	1425685379
40	6	921	1425685386
17	42	901	1425685391
1	41	427	1425685396
24	39	901	1425685401
32	41	627	1425685407
20	19	0	1425685420
13	46	118	1425685428
37	15	382	1425685433
2	46	1000	1425685438
6	23	977	1425685445
25	39	157	1425685452
33	36	1000	1425685457
13	24	958	1425685461
5	35	985	1425685466
25	36	981	1425685470
31	44	328	1425685477
35	34	424	1425685482
11	19	434	1425685487
6	45	914	1425685492
23	33	360	1425685496
0	8	665	1425685505
5	10	1000	1425685509
44	27	1000	1425685514
12	3	643	1425685519
13	18	419	1425685523
6	19	317	1425685529
14	43	248	1425685589
45	21	220	1425685599
0	38	1000	1425685604
33	45	552	1425685611
27	8	1000	1425685617
38	16	1000	1425685632
45	38	1000	1425685637
2	8	970	1425685642
31	26	474	1425685652
40	19	948	1425685657
20	3	334	1425685667
1	20	661	1425685673
42	38	1000	1425685678
9	31	271	1425685687
11	39	258	1425685696
-2	-2	0	1425685705
33	2	933	1425685713
30	2	897	1425685718
9	32	812	1425685724
25	6	349	1425685730
23	2	811	1425685735
40	15	966	1425685742
1	28	432	1425685748
1	46	381	1425685753
0	30	206	1425685757
9	21	416	1425685762
8	22	350	1425685768
27	24	448	1425685774
11	30	452	1425685779
10	7	1000	1425685783
10	44	405	1425685790
30	7	1000	1425685796
21	2	955	1425685803
11	34	21	1425685811
23	11	366	1425685817
31	10	153	1425685826
2	4	963	1425685831
21	32	864	1425685839
35	41	925	1425685844
22	35	724	1425685851
1	23	368	1425685857
34	0	711	1425685861
2	20	717	1425685866
19	43	749	1425685874
24	9	894	1425685879
27	3	983	1425685883
16	4	305	1425685888
7	38	104	1425685896
37	5	980	1425685901
43	24	221	1425685927
4	17	109	1425685934
17	39	326	1425685939
37	27	949	1425685945
29	20	629	1425685950
40	20	972	1425685955
14	28	680	1425685959
21	28	330	1425685965
36	26	745	1425685969
32	8	663	1425685976
16	23	386	1425685982
18	27	853	1425685988
42	4	735	1425685993
41	25	797	1425686000
31	8	0	1425686010
46	30	299	1425686016
4	5	983	1425686030
18	43	648	1425686036
30	16	711	1425686041
35	18	384	1425686045
3	47	701	1425686050
3	28	560	1425686116
44	9	331	1425686121
42	29	718	1425686126
-3	-3	0	1425686178
8	14	689	1425686183
8	41	329	1425686190
13	45	592	1425686195
5	7	883	1425686199
33	26	795	1425686208
1	25	911	1425686213
1	21	291	1425686220
31	35	720	1425686246
32	42	747	1425686250
3H6K9u345