151	R	0.0.0.0	1425592722
-1	-2	undefined	1425592806
-3	-4	605	1425592828
-6	-5	undefined	1425592837
-7	-7	0	1425592846
-9	-8	undefined	1425592857
-10	-11	429	1425592872
10	20	undefined	1425592880
42	17	undefined	1425592963
39	41	910	1425592983
23	2	undefined	1425592989
20	30	0	1425592998
6	17	undefined	1425593002
7	37	undefined	1425593009
25	43	991	1425593015
46	42	989	1425593022
46	11	940	1425593032
0	5	undefined	1425593039
6	42	767	1425593053
4	45	845	1425593063
41	0	922	1425593070
25	21	924	1425593078
7	9	undefined	1425593083
46	8	432	1425593099
13	45	445	1425593110
15	14	undefined	1425593118
13	41	976	1425593122
32	1	983	1425593144
14	16	undefined	1425593162
42	5	987	1425593169
19	2	undefined	1425593176
23	21	751	1425593190
40	26	undefined	1425593195
11	21	717	1425593201
1	18	921	1425593213
21	8	609	1425593222
35	6	980	1425593230
-1	-1	0	1425593240
36	28	undefined	1425593246
31	41	undefined	1425593256
27	14	undefined	1425593265
47	1	undefined	1425593275
43	31	undefined	1425593282
14	20	989	1425593289
30	19	894	1425593299
1	5	undefined	1425593305
36	25	undefined	1425593309
21	33	843	1425593322
25	47	987	1425593356
10	7	undefined	1425593362
23	32	undefined	1425593367
20	17	928	1425593375
32	20	913	1425593386
39	0	903	1425593400
32	46	undefined	1425593411
0	35	904	1425593426
0	20	904	1425593437
32	33	undefined	1425593443
17	24	undefined	1425593450
16	28	952	1425593463
34	46	undefined	1425593471
44	22	987	1425593477
14	30	undefined	1425593482
35	23	947	1425593488
3	39	undefined	1425593494
31	44	undefined	1425593511
19	23	undefined	1425593517
28	46	380	1425593527
37	4	918	1425593532
25	29	undefined	1425593538
37	28	984	1425593544
10	18	undefined	1425593550
14	10	undefined	1425593556
8	27	undefined	1425593593
19	7	undefined	1425593598
17	8	0	1425593603
10	4	425	1425593610
43	20	undefined	1425593615
15	23	804	1425593621
11	5	undefined	1425593626
42	27	387	1425593635
32	39	undefined	1425593640
31	17	408	1425593650
34	9	undefined	1425593656
-2	-2	0	1425593661
36	5	461	1425593669
23	20	776	1425593676
30	27	undefined	1425593681
0	8	undefined	1425593686
47	37	undefined	1425593692
11	19	996	1425593697
43	29	undefined	1425593703
20	13	455	1425593709
22	2	undefined	1425593715
26	20	undefined	1425593721
37	31	undefined	1425593726
19	37	undefined	1425593731
15	36	undefined	1425593735
12	8	undefined	1425593741
6	16	undefined	1425593747
9	12	undefined	1425593754
5	43	undefined	1425593761
19	6	undefined	1425593778
14	43	425	1425593783
21	44	undefined	1425593788
47	7	undefined	1425593793
11	22	undefined	1425593798
37	27	undefined	1425593802
39	18	undefined	1425593808
25	23	undefined	1425593813
20	16	954	1425593819
37	26	undefined	1425593824
46	37	944	1425593832
34	31	undefined	1425593838
27	1	undefined	1425593843
25	2	undefined	1425593847
25	42	undefined	1425593853
45	3	940	1425593858
16	31	undefined	1425593863
25	3	938	1425593869
14	47	undefined	1425593874
5	12	undefined	1425593880
27	28	undefined	1425593884
3	5	undefined	1425593891
15	2	undefined	1425593896
38	41	undefined	1425593901
1	4	645	1425593909
36	8	992	1425593914
7	44	undefined	1425593919
25	8	941	1425593924
33	17	904	1425593931
41	10	899	1425593936
4	6	914	1425593941
35	5	undefined	1425593945
10	3	undefined	1425593950
37	39	910	1425593956
5	2	undefined	1425593961
10	17	191	1425594031
28	47	937	1425594036
14	18	386	1425594040
25	4	703	1425594046
9	36	undefined	1425594051
37	6	986	1425594060
17	34	undefined	1425594065
-3	-3	0	1425594069
25	31	undefined	1425594074
35	4	undefined	1425594078
44	2	undefined	1425594083
21	32	undefined	1425594088
45	43	undefined	1425594093
38	43	undefined	1425594107
1B5M9z189