151	R	0.0.0.0	1425684876
-1	-2	971	1425684978
-3	-4	332	1425684996
-5	-6	453	1425685009
-7	-7	0	1425685019
-8	-9	602	1425685028
-10	-11	10	1425685043
10	20	637	1425685052
17	42	901	1425685060
41	39	444	1425685069
23	2	967	1425685079
20	30	153	1425685090
6	17	880	1425685098
7	37	1000	1425685107
43	25	773	1425685116
46	42	952	1425685125
46	11	393	1425685133
0	5	935	1425685142
6	42	454	1425685154
45	4	447	1425685170
41	0	571	1425685178
21	25	697	1425685188
7	9	1000	1425685195
46	8	629	1425685204
13	45	167	1425685216
14	15	574	1425685224
13	41	630	1425685232
1	32	728	1425685239
14	16	678	1425685244
5	42	223	1425685256
2	19	727	1425685264
23	21	378	1425685272
26	40	580	1425685288
21	11	473	1425685296
1	18	192	1425685303
8	21	447	1425685309
6	35	556	1425685320
-1	-1	0	1425685327
36	28	618	1425685332
41	31	315	1425685338
14	27	354	1425685347
1	47	869	1425685363
43	31	776	1425685367
14	20	601	1425685372
19	30	120	1425685384
1	5	985	1425685390
25	36	905	1425685395
33	21	425	1425685400
25	47	618	1425685406
10	7	1000	1425685411
32	23	573	1425685416
17	20	573	1425685422
32	20	415	1425685429
0	39	445	1425685436
46	32	567	1425685441
0	35	628	1425685446
20	0	499	1425685455
33	32	642	1425685461
17	24	969	1425685467
16	28	344	1425685475
46	34	348	1425685480
44	22	469	1425685487
30	14	581	1425685493
35	23	862	1425685498
3	39	741	1425685504
31	44	168	1425685510
23	19	571	1425685516
28	46	0	1425685528
37	4	558	1425685536
25	29	582	1425685543
28	37	414	1425685548
10	18	548	1425685552
14	10	849	1425685558
8	27	989	1425685563
7	19	1000	1425685569
17	8	93	1425685576
10	4	383	1425685581
20	43	796	1425685588
15	23	381	1425685592
5	11	980	1425685598
42	27	129	1425685605
39	32	600	1425685610
31	17	0	1425685618
9	34	560	1425685623
-2	-2	0	1425685628
36	5	72	1425685634
20	23	399	1425685643
30	27	735	1425685649
0	8	611	1425685653
37	47	899	1425685658
11	19	760	1425685662
43	29	862	1425685667
13	20	255	1425685673
22	2	817	1425685678
26	20	915	1425685683
37	31	354	1425685688
37	19	680	1425685692
15	36	961	1425685698
12	8	922	1425685703
6	16	836	1425685708
9	12	922	1425685712
5	43	234	1425685716
6	19	340	1425685722
43	14	209	1425685728
21	44	416	1425685736
47	7	1000	1425685744
22	11	562	1425685749
27	37	972	1425685755
39	18	386	1425685760
23	25	532	1425685765
16	20	422	1425685771
37	26	540	1425685779
37	46	408	1425685784
31	34	405	1425685790
1	27	980	1425685794
25	2	421	1425685800
25	42	416	1425685805
45	3	627	1425685811
31	16	411	1425685816
25	3	160	1425685822
14	47	575	1425685827
5	12	71	1425685833
27	28	815	1425685840
3	5	530	1425685850
15	2	569	1425685855
41	38	1000	1425685861
1	4	452	1425685870
8	36	830	1425685876
7	44	1000	1425685882
8	25	422	1425685894
17	33	535	1425685901
41	10	683	1425685907
6	4	875	1425685915
5	35	458	1425685921
3	10	546	1425685928
39	37	286	1425685935
2	5	348	1425685940
10	17	111	1425685946
47	28	789	1425685951
14	18	380	1425685958
25	4	427	1425685965
36	9	709	1425685970
37	6	770	1425685976
17	34	420	1425685981
-3	-3	0	1425685988
25	31	668	1425685995
35	4	873	1425686000
2	44	932	1425686007
21	32	619	1425686014
43	45	883	1425686020
38	43	497	1425686032
5E6N6z991