151	R	0.0.0.0	1425594584
-1	-2	undefined	1425594666
-4	-3	277	1425594676
-6	-5	716	1425594683
-7	-7	0	1425594690
-9	-8	undefined	1425594698
-11	-10	168	1425594704
42	6	0	1425594711
3	17	undefined	1425594716
12	34	undefined	1425594722
39	23	0	1425594730
12	21	undefined	1425594735
34	10	0	1425594741
33	34	198	1425594747
42	11	0	1425594753
7	34	undefined	1425594759
44	3	0	1425594765
24	7	undefined	1425594771
33	11	348	1425594777
24	10	240	1425594782
1	28	174	1425594787
0	25	0	1425594794
14	39	163	1425594799
31	38	undefined	1425594804
0	32	undefined	1425594810
10	47	180	1425594816
46	5	710	1425594822
7	3	undefined	1425594826
38	24	undefined	1425594832
11	15	814	1425594837
28	34	219	1425594841
3	38	undefined	1425594846
45	47	905	1425594852
10	40	187	1425594857
5	32	65	1425594869
35	41	790	1425594877
11	0	379	1425594882
9	43	236	1425594889
16	34	0	1425594893
3	12	854	1425594898
43	20	608	1425594904
37	3	589	1425594910
36	18	361	1425594915
26	9	224	1425594921
29	3	0	1425594927
8	43	0	1425594931
25	13	316	1425594938
22	36	579	1425594943
18	19	417	1425594948
46	10	382	1425594954
23	12	692	1425594963
11	21	382	1425594967
34	41	277	1425594972
-1	-1	82	1425594979
21	0	312	1425594984
9	36	722	1425594988
9	14	361	1425594994
14	2	0	1425594999
23	14	98	1425595003
15	40	711	1425595007
40	45	991	1425595012
17	2	749	1425595016
38	9	undefined	1425595021
23	15	0	1425595028
4	30	69	1425595035
12	38	undefined	1425595040
9	25	280	1425595044
16	24	942	1425595049
10	38	undefined	1425595054
9	27	311	1425595062
34	26	962	1425595067
29	6	756	1425595072
15	13	0	1425595076
2	40	774	1425595080
42	32	undefined	1425595085
16	15	undefined	1425595090
35	4	625	1425595094
40	29	346	1425595099
14	28	164	1425595105
44	9	0	1425595110
13	43	322	1425595116
9	19	62	1425595121
13	9	0	1425595127
47	35	594	1425595134
36	21	606	1425595138
35	7	undefined	1425595142
38	7	525	1425595149
36	16	124	1425595155
9	41	undefined	1425595161
21	8	24	1425595167
11	19	undefined	1425595171
17	1	254	1425595177
18	40	283	1425595181
40	39	676	1425595186
0	38	992	1425595197
14	33	255	1425595201
-2	-2	0	1425595206
23	17	0	1425595211
19	28	803	1425595216
14	37	355	1425595223
41	45	undefined	1425595227
18	8	344	1425595232
44	39	353	1425595239
16	29	130	1425595244
23	42	728	1425595248
2	44	0	1425595253
47	23	402	1425595259
4	3	178	1425595263
46	21	126	1425595269
24	43	0	1425595276
22	1	806	1425595281
36	38	undefined	1425595286
33	17	265	1425595291
2	27	202	1425595295
11	10	373	1425595301
11	5	802	1425595305
15	20	0	1425595309
11	9	undefined	1425595314
43	16	826	1425595318
42	19	undefined	1425595323
3	13	43	1425595328
33	20	853	1425595334
20	10	786	1425595339
45	0	693	1425595344
5	47	236	1425595349
22	23	321	1425595353
18	0	0	1425595359
17	13	145	1425595363
42	20	999	1425595367
1	24	undefined	1425595373
1	34	102	1425595378
40	25	245	1425595382
41	30	813	1425595388
26	25	136	1425595393
26	29	376	1425595397
41	32	undefined	1425595402
40	46	156	1425595406
33	13	793	1425595410
18	4	334	1425595414
-3	-3	0	1425595421
1	10	139	1425595426
15	9	122	1425595431
27	22	770	1425595436
18	41	848	1425595441
34	37	158	1425595447
31	6	219	1425595452
15	33	undefined	1425595456
34	22	undefined	1425595461
23	28	792	1425595467
8	32	820	1425595472
1	30	701	1425595478
1B5R5t206