151	R	0.0.0.0	1425685666
-2	-1	1000	1425685814
-4	-3	467	1425685847
-5	-6	781	1425685854
-7	-7	0	1425685862
-9	-8	742	1425685873
-10	-11	455	1425685879
13	44	158	1425685893
27	44	1000	1425685899
34	6	949	1425685905
8	47	1000	1425685910
47	46	1000	1425685917
47	3	908	1425685922
45	34	780	1425685931
7	22	1000	1425685936
26	3	335	1425685942
15	10	569	1425685949
43	26	910	1425685955
20	28	697	1425685961
25	5	942	1425685968
30	11	652	1425685974
11	25	694	1425685980
1	46	923	1425685986
2	10	1000	1425685992
22	14	986	1425685999
27	34	1000	1425686004
29	43	999	1425686010
14	28	901	1425686015
22	15	410	1425686021
25	8	729	1425686026
37	31	815	1425686035
0	33	735	1425686041
30	25	473	1425686048
25	33	649	1425686053
16	3	892	1425686059
27	37	1000	1425686065
33	24	998	1425686070
35	26	925	1425686076
10	30	689	1425686081
-1	-1	0	1425686114
45	8	835	1425686126
41	19	939	1425686131
33	37	556	1425686137
40	27	591	1425686143
33	22	780	1425686191
5	19	1000	1425686196
35	20	856	1425686202
13	34	854	1425686207
45	30	925	1425686213
9	15	736	1425686218
17	28	855	1425686224
16	22	955	1425686229
37	36	1000	1425686234
8	24	1000	1425686240
29	4	688	1425686245
22	42	991	1425686253
7	12	1000	1425686258
4	13	68	1425686269
15	47	998	1425686274
32	44	854	1425686314
11	29	654	1425686320
13	30	734	1425686326
21	24	1000	1425686332
34	21	832	1425686340
20	30	426	1425686350
-2	-2	0	1425686357
35	38	1000	1425686362
11	18	935	1425686369
33	38	1000	1425686419
6	29	899	1425686425
0	38	1000	1425686432
28	16	797	1425686437
47	26	969	1425686443
17	24	1000	1425686448
20	31	712	1425686454
13	20	289	1425686475
35	19	526	1425686483
15	13	387	1425686488
5	41	1000	1425686494
25	29	743	1425686499
30	33	724	1425686504
5	34	1000	1425686511
37	13	692	1425686516
29	19	692	1425686522
36	2	1000	1425686527
38	45	1000	1425686533
25	6	738	1425686541
19	18	768	1425686547
38	9	1000	1425686552
17	46	460	1425686560
47	20	904	1425686565
27	20	999	1425686571
16	32	1000	1425686579
28	34	679	1425686586
28	15	926	1425686592
18	27	1000	1425686599
32	24	764	1425686605
9	27	938	1425686611
0	16	970	1425686616
15	0	449	1425686622
12	29	992	1425686628
1	9	964	1425686634
23	3	918	1425686639
8	46	385	1425686728
19	37	732	1425686733
40	19	879	1425686738
27	4	931	1425686743
18	28	873	1425686748
5	21	911	1425686753
19	42	978	1425686758
13	6	911	1425686763
15	20	254	1425686768
26	4	649	1425686773
7	34	1000	1425686778
4	1	764	1425686783
46	28	71	1425686789
45	22	95	1425686795
26	39	810	1425686800
13	45	248	1425686805
18	0	297	1425686809
27	24	953	1425686814
37	45	973	1425686819
23	27	1000	1425686824
6	7	1000	1425686830
3	45	972	1425686835
2	41	965	1425686840
16	23	699	1425686845
7	30	997	1425686850
25	27	1000	1425686855
31	33	818	1425686895
32	29	874	1425686900
47	40	935	1425686905
44	37	752	1425686909
35	14	790	1425686914
28	5	961	1425686935
40	9	934	1425686940
41	22	782	1425686945
42	47	692	1425686950
20	14	967	1425686955
11	32	776	1425686960
44	14	830	1425686965
2	29	831	1425686970
-3	-3	0	1425686974
47	25	795	1425686979
16	47	774	1425686984
13	17	421	1425686989
35	7	1000	1425686994
11	6	860	1425687000
26	36	920	1425687005
35	27	865	1425687010
36	7	1000	1425687015
3E5L8x452