151	L	0.0.0.0	1425684934
-1	-2	993	1425685052
-4	-3	180	1425685075
-6	-5	1000	1425685090
-7	-7	0	1425685100
-9	-8	1000	1425685109
-11	-10	224	1425685120
5	8	901	1425685133
0	18	649	1425685153
20	18	1000	1425685178
39	28	536	1425685194
41	0	1000	1425685204
30	8	1000	1425685213
25	29	1000	1425685221
40	39	999	1425685229
22	29	677	1425685239
41	7	1000	1425685248
10	0	1000	1425685256
10	35	536	1425685267
32	24	576	1425685276
10	24	998	1425685287
41	36	999	1425685295
0	3	145	1425685306
11	38	1000	1425685313
14	2	423	1425685335
38	25	1000	1425685342
29	43	1000	1425685352
20	24	1000	1425685359
13	16	1000	1425685366
24	18	1000	1425685375
16	41	1000	1425685382
-1	-1	0	1425685391
33	35	1000	1425685398
16	14	1000	1425685405
43	13	998	1425685412
33	13	1000	1425685420
42	12	1000	1425685430
44	23	1000	1425685438
16	29	1000	1425685445
40	5	284	1425685454
0	34	1000	1425685461
10	37	1000	1425685469
3	29	1000	1425685476
3	47	999	1425685483
39	2	1000	1425685490
23	41	1000	1425685497
0	36	208	1425685504
37	16	838	1425685512
3	34	1000	1425685520
24	4	396	1425685527
0	20	881	1425685535
15	9	608	1425685545
17	13	998	1425685551
28	45	989	1425685557
22	31	631	1425685567
47	34	668	1425685574
25	24	547	1425685584
38	35	1000	1425685591
35	15	631	1425685598
21	24	1000	1425685604
36	14	401	1425685613
43	8	996	1425685620
17	29	433	1425685631
43	21	1000	1425685638
25	35	997	1425685645
18	11	986	1425685652
43	42	386	1425685659
39	18	1000	1425685665
2	5	984	1425685672
0	45	534	1425685679
20	14	401	1425685689
6	30	446	1425685696
27	14	708	1425685702
35	39	420	1425685710
1	17	688	1425685716
10	41	371	1425685723
3	14	372	1425685729
17	39	473	1425685736
13	1	586	1425685742
1	45	414	1425685748
9	23	583	1425685756
9	22	425	1425685764
12	46	583	1425685771
31	30	532	1425685778
31	20	457	1425685785
9	13	635	1425685792
18	27	994	1425685798
36	33	361	1425685806
7	9	1000	1425685813
39	42	992	1425685819
13	27	997	1425685825
2	21	844	1425685831
39	30	707	1425685837
-2	-2	84	1425685846
10	42	872	1425685854
47	23	577	1425685860
30	46	595	1425685867
24	27	992	1425685874
33	22	620	1425685880
25	16	417	1425685886
5	18	994	1425685894
46	8	809	1425685909
36	3	360	1425685918
35	7	941	1425685926
-3	-3	0	1425685933
24	45	861	1425685939
13	2	822	1425685947
46	9	701	1425685957
9	6	785	1425685964
8	33	264	1425685970
32	3	938	1425685977
4	40	876	1425685984
41	21	384	1425685990
14	28	886	1425685997
0	27	946	1425686004
44	3	896	1425686011
31	21	927	1425686017
14	26	372	1425686025
31	11	753	1425686032
7	21	967	1425686039
37	46	852	1425686045
13	14	854	1425686052
6	20	929	1425686059
0	39	873	1425686065
36	24	957	1425686072
7	11	983	1425686078
31	26	872	1425686084
34	40	892	1425686091
2	37	939	1425686098
20	43	376	1425686105
28	31	825	1425686112
35	44	588	1425686118
3	38	788	1425686124
1	18	672	1425686130
44	37	707	1425686136
6	35	732	1425686142
9	37	799	1425686150
10	12	396	1425686157
27	3	663	1425686163
8	47	665	1425686169
33	1	369	1425686176
46	45	591	1425686183
27	30	619	1425686190
26	12	548	1425686196
7	46	957	1425686202
46	14	727	1425686208
47	21	657	1425686215
12	2	815	1425686221
19	18	749	1425686228
7	37	800	1425686235
11	35	782	1425686241
3B3K7v646