151	L	0.0.0.0	1425684874
-2	-1	800	1425684981
-3	-4	133	1425684990
-5	-6	225	1425684997
-7	-7	0	1425685004
-8	-9	364	1425685012
-11	-10	211	1425685022
30	33	624	1425685031
0	18	214	1425685039
33	24	840	1425685049
45	14	745	1425685058
44	39	759	1425685065
23	38	998	1425685075
14	38	853	1425685085
30	38	964	1425685093
6	38	930	1425685101
17	35	632	1425685107
28	38	864	1425685119
3	38	760	1425685124
12	24	239	1425685131
13	33	312	1425685160
33	26	615	1425685168
0	33	249	1425685179
9	46	676	1425685194
37	34	243	1425685199
0	38	831	1425685208
30	42	677	1425685218
-1	-1	0	1425685230
38	32	814	1425685243
6	39	608	1425685298
40	30	756	1425685349
37	21	334	1425685364
12	25	773	1425685376
10	29	207	1425685386
23	16	357	1425685392
30	47	354	1425685411
29	31	339	1425685428
3	42	391	1425685446
1	33	339	1425685451
21	29	291	1425685460
44	43	820	1425685466
30	13	248	1425685489
2	18	224	1425685515
8	29	97	1425685531
40	33	788	1425685540
6	34	736	1425685550
35	13	244	1425685571
2	16	390	1425685595
20	5	558	1425685613
2	17	690	1425685645
13	42	757	1425685651
23	6	723	1425685669
35	19	630	1425685679
7	35	997	1425685700
25	45	625	1425685710
20	28	626	1425685717
11	1	643	1425685750
14	34	589	1425685773
20	47	386	1425685803
41	11	390	1425685824
28	22	696	1425685832
16	24	848	1425685838
0	30	766	1425685843
0	17	359	1425685851
41	19	851	1425685856
14	11	785	1425685861
25	6	801	1425685876
41	30	778	1425685880
16	8	416	1425685888
0	37	618	1425685897
13	16	635	1425685902
47	38	924	1425685907
35	44	664	1425685913
28	17	365	1425685918
22	16	609	1425685923
26	32	721	1425685928
34	38	870	1425685932
16	43	715	1425685937
13	26	389	1425685943
41	17	329	1425685947
15	5	417	1425685952
12	2	854	1425685957
40	36	241	1425685964
32	29	773	1425685973
36	22	742	1425685978
18	47	290	1425685982
7	40	970	1425685987
24	6	353	1425685992
3	12	740	1425686000
36	29	763	1425686004
15	1	748	1425686009
24	23	328	1425686013
44	6	666	1425686017
-2	-2	0	1425686022
18	31	330	1425686027
46	24	758	1425686031
4	42	631	1425686035
44	16	354	1425686040
46	25	311	1425686045
2	31	329	1425686051
47	0	272	1425686056
4	27	674	1425686060
26	17	393	1425686064
36	34	693	1425686069
6	21	651	1425686074
18	35	84	1425686078
12	4	621	1425686083
41	5	703	1425686087
22	14	321	1425686092
4	28	112	1425686096
11	2	729	1425686100
26	14	655	1425686104
8	6	304	1425686109
43	21	622	1425686113
11	25	657	1425686119
41	22	326	1425686123
34	16	42	1425686128
38	45	962	1425686133
22	45	344	1425686141
8	43	714	1425686146
18	23	337	1425686150
22	3	358	1425686154
21	1	342	1425686158
8	41	300	1425686163
19	3	557	1425686167
28	3	593	1425686171
16	26	685	1425686175
18	41	320	1425686180
12	33	600	1425686184
-3	-3	2	1425686189
45	42	362	1425686193
34	3	691	1425686198
37	38	944	1425686202
34	29	354	1425686206
13	22	254	1425686214
33	28	341	1425686218
31	46	288	1425686222
22	12	227	1425686226
18	43	375	1425686230
33	47	312	1425686242
32	47	670	1425686246
9	24	619	1425686250
47	17	355	1425686255
19	26	696	1425686259
44	32	655	1425686264
47	41	284	1425686279
22	4	295	1425686283
0	1	721	1425686287
4	21	186	1425686295
5	24	313	1425686300
35	10	393	1425686304
1G4R9v757