151	L	0.0.0.0	1425592742
-2	-1	1000	1425592830
-4	-3	623	1425592841
-5	-6	717	1425592850
-7	-7	498	1425592865
-9	-8	614	1425592877
-10	-11	333	1425592891
25	38	1000	1425592898
30	37	667	1425592906
28	7	1000	1425592914
47	44	503	1425592924
2	42	587	1425592936
43	13	802	1425592941
6	14	437	1425592947
29	13	499	1425592953
46	38	1000	1425592967
13	11	577	1425592972
38	10	997	1425592977
11	23	509	1425592984
17	38	1000	1425592992
40	6	1000	1425593002
15	45	375	1425593008
22	35	125	1425593015
44	23	208	1425593020
36	37	790	1425593029
15	9	560	1425593035
28	32	669	1425593044
31	3	783	1425593052
39	16	462	1425593063
32	0	543	1425593069
18	9	609	1425593074
44	4	652	1425593087
44	10	393	1425593096
45	8	110	1425593102
-1	-1	undefined	1425593108
40	8	1000	1425593113
2	33	293	1425593118
5	45	1000	1425593123
44	27	1000	1425593129
18	36	1000	1425593134
31	13	265	1425593141
36	26	724	1425593148
15	27	1000	1425593152
45	37	742	1425593157
34	19	undefined	1425593162
35	16	831	1425593167
23	9	318	1425593172
3	15	581	1425593177
38	13	998	1425593183
1	41	410	1425593189
31	1	410	1425593203
34	15	536	1425593209
39	31	545	1425593215
41	3	910	1425593220
14	35	742	1425593224
31	9	423	1425593232
5	33	1000	1425593237
40	15	997	1425593242
20	11	631	1425593250
40	45	1000	1425593255
23	46	401	1425593260
5	9	999	1425593266
38	22	1000	1425593271
6	20	574	1425593276
35	36	865	1425593284
26	3	396	1425593290
19	46	420	1425593298
18	5	1000	1425593304
1	30	354	1425593313
12	40	1000	1425593319
41	28	249	1425593326
37	35	929	1425593331
19	22	370	1425593336
18	3	425	1425593343
-2	-2	0	1425593349
31	35	567	1425593356
7	4	1000	1425593362
33	35	622	1425593366
31	42	598	1425593373
5	38	1000	1425593379
15	42	763	1425593384
37	10	740	1425593389
43	35	729	1425593396
38	20	1000	1425593403
25	20	394	1425593408
46	1	190	1425593417
12	6	723	1425593422
35	24	663	1425593428
47	13	164	1425593432
10	45	162	1425593438
38	4	1000	1425593455
0	6	801	1425593468
9	38	1000	1425593475
10	21	685	1425593480
5	14	985	1425593485
44	30	236	1425593493
16	10	630	1425593499
28	12	850	1425593505
40	16	997	1425593517
17	25	664	1425593523
27	47	791	1425593529
13	32	699	1425593538
6	9	676	1425593544
25	15	595	1425593551
9	33	649	1425593555
1	26	611	1425593562
36	3	611	1425593568
29	14	615	1425593573
36	20	591	1425593577
15	29	548	1425593582
46	6	583	1425593587
46	2	594	1425593592
42	22	710	1425593597
9	37	567	1425593617
44	9	634	1425593622
-3	-3	7	1425593626
28	15	556	1425593632
23	36	790	1425593636
23	41	915	1425593641
38	1	1000	1425593646
17	14	865	1425593661
0	24	870	1425593666
13	12	734	1425593671
16	15	736	1425593676
46	30	589	1425593681
34	33	641	1425593686
28	42	804	1425593690
12	11	773	1425593697
40	43	658	1425593703
25	18	421	1425593707
28	45	620	1425593713
20	1	654	1425593718
3	46	670	1425593723
41	42	933	1425593728
29	46	81	1425593734
24	20	633	1425593739
44	15	603	1425593744
32	43	617	1425593749
18	4	627	1425593754
33	23	581	1425593758
33	3	560	1425593765
19	14	744	1425593769
31	12	761	1425593773
2	3	203	1425593780
12	47	823	1425593785
47	31	267	1425593791
29	4	626	1425593795
8	24	814	1425593800
7	30	999	1425593804
27	20	967	1425593810
39	25	390	1425593817
5G4L6z259