151	L	0.0.0.0	1425592769
-1	-2	1000	1425592849
-4	-3	899	1425592861
-5	-6	142	1425592868
-7	-7	11	1425592878
-9	-8	708	1425592886
-11	-10	657	1425592892
16	25	869	1425592912
7	24	0	1425592920
43	30	47	1425592927
12	8	16	1425592934
36	42	135	1425592958
35	39	678	1425592964
5	12	799	1425592969
29	46	216	1425592974
44	15	395	1425592980
23	17	82	1425592986
31	6	879	1425592992
34	33	727	1425592997
40	5	95	1425593002
41	36	815	1425593008
30	15	442	1425593013
16	12	785	1425593017
38	41	1000	1425593023
16	27	998	1425593029
11	47	776	1425593036
44	39	743	1425593042
14	0	395	1425593052
35	0	458	1425593057
4	9	331	1425593064
17	33	661	1425593069
30	24	784	1425593075
43	31	846	1425593080
29	45	675	1425593087
22	37	943	1425593092
36	3	885	1425593097
7	6	1000	1425593104
19	15	606	1425593110
20	45	759	1425593116
41	20	610	1425593122
18	23	610	1425593127
47	12	973	1425593132
35	43	786	1425593137
-1	-1	28	1425593145
22	47	691	1425593150
5	24	866	1425593156
42	10	988	1425593161
46	33	580	1425593166
34	29	476	1425593175
26	34	910	1425593180
32	25	273	1425593192
45	5	990	1425593198
24	45	987	1425593203
9	35	633	1425593208
19	47	548	1425593215
30	42	895	1425593219
25	14	907	1425593224
10	35	589	1425593231
15	45	629	1425593238
32	5	786	1425593243
15	18	572	1425593248
-2	-2	89	1425593254
3	40	570	1425593261
30	39	671	1425593265
12	23	788	1425593272
13	4	263	1425593277
33	42	824	1425593282
14	3	270	1425593287
13	39	580	1425593293
36	11	973	1425593298
35	26	573	1425593303
13	30	607	1425593309
11	10	673	1425593315
20	17	313	1425593322
33	12	940	1425593327
27	2	614	1425593335
19	35	590	1425593341
29	38	1000	1425593347
3	33	688	1425593352
25	28	407	1425593358
38	32	1000	1425593363
4	31	139	1425593372
40	47	971	1425593377
36	10	1000	1425593382
24	10	1000	1425593388
24	35	614	1425593394
12	32	230	1425593402
17	45	624	1425593410
16	2	951	1425593417
30	25	624	1425593422
18	7	1000	1425593428
18	37	852	1425593433
42	24	624	1425593441
9	1	880	1425593447
35	32	866	1425593453
40	28	1000	1425593458
37	39	643	1425593469
4	21	428	1425593474
32	11	870	1425593479
28	41	364	1425593484
16	24	670	1425593490
13	15	355	1425593497
9	15	634	1425593505
6	37	704	1425593510
22	45	698	1425593515
22	14	594	1425593520
-3	-3	74	1425593528
20	5	922	1425593538
38	14	1000	1425593545
10	9	685	1425593550
0	27	963	1425593555
45	4	361	1425593560
14	46	882	1425593566
2	36	756	1425593572
40	1	1000	1425593579
43	47	845	1425593586
44	20	424	1425593594
12	18	852	1425593598
38	22	1000	1425593603
14	39	842	1425593608
0	11	574	1425593618
6	11	795	1425593624
29	40	1000	1425593630
39	19	633	1425593635
12	27	1000	1425593640
8	23	347	1425593646
21	47	812	1425593653
47	34	772	1425593660
1	10	461	1425593665
36	46	958	1425593670
28	31	580	1425593676
27	1	1000	1425593682
14	15	971	1425593689
37	24	983	1425593694
25	45	607	1425593701
12	1	546	1425593707
2	38	1000	1425593713
37	20	573	1425593719
3	22	606	1425593725
13	27	1000	1425593730
41	47	593	1425593735
0	1	775	1425593744
36	24	590	1425593750
20	36	873	1425593754
36	32	880	1425593760
27	45	998	1425593765
23	3	663	1425593770
34	3	809	1425593776
46	32	879	1425593783
40	10	1000	1425593787
43	42	422	1425593793
1B4L7t878