151	L	0.0.0.0	1425686646
-2	-1	734	1425686714
-4	-3	305	1425686723
-5	-6	290	1425686730
-7	-7	0	1425686736
-9	-8	242	1425686742
-10	-11	277	1425686747
13	35	592	1425686755
20	45	392	1425686760
10	0	335	1425686765
37	26	622	1425686770
13	47	664	1425686775
13	38	856	1425686780
26	11	665	1425686785
18	42	634	1425686790
15	37	595	1425686797
25	42	592	1425686802
12	3	371	1425686812
2	13	635	1425686817
39	25	337	1425686821
46	41	230	1425686825
11	38	830	1425686830
6	15	669	1425686834
20	5	600	1425686838
3	6	594	1425686843
18	44	401	1425686847
46	11	229	1425686852
10	19	614	1425686856
7	47	880	1425686860
27	28	677	1425686865
1	3	631	1425686869
31	26	317	1425686873
39	15	437	1425686878
26	15	383	1425686882
34	42	671	1425686886
4	6	569	1425686890
-1	-1	75	1425686895
9	46	394	1425686900
15	19	596	1425686904
28	26	344	1425686908
44	30	392	1425686912
44	24	671	1425686917
47	12	770	1425686922
13	29	439	1425686926
26	18	591	1425686930
19	12	591	1425686935
22	40	625	1425686939
39	31	400	1425686944
2	11	581	1425686948
2	16	568	1425686952
38	25	809	1425686957
33	34	404	1425686962
40	44	685	1425686998
36	40	205	1425687002
22	43	329	1425687006
34	24	615	1425687010
9	28	354	1425687015
45	41	281	1425687019
39	33	132	1425687024
47	33	585	1425687028
16	42	650	1425687032
19	11	671	1425687037
18	15	651	1425687041
46	34	393	1425687046
45	11	590	1425687050
34	40	755	1425687054
20	24	589	1425687058
24	0	596	1425687089
47	35	407	1425687094
9	19	219	1425687098
10	34	352	1425687103
33	9	404	1425687107
2	8	715	1425687111
8	19	392	1425687115
35	37	740	1425687119
11	36	751	1425687124
42	21	767	1425687128
9	7	1000	1425687132
23	15	382	1425687136
39	7	1000	1425687141
14	37	691	1425687145
15	46	394	1425687150
46	23	216	1425687154
46	0	637	1425687158
41	11	247	1425687162
10	3	596	1425687206
32	9	681	1425687210
37	1	557	1425687214
2	26	680	1425687219
40	16	796	1425687223
3	27	664	1425687227
25	31	440	1425687232
1	24	765	1425687236
9	12	691	1425687241
-2	-2	0	1425687245
9	3	284	1425687249
1	43	769	1425687253
20	23	661	1425687258
46	24	709	1425687262
6	45	728	1425687266
23	43	735	1425687270
9	37	637	1425687275
17	3	542	1425687279
13	21	404	1425687284
20	0	347	1425687288
14	29	614	1425687294
32	31	665	1425687298
17	35	684	1425687302
33	27	835	1425687306
20	41	624	1425687310
43	9	732	1425687315
45	42	837	1425687319
38	31	1000	1425687323
28	33	156	1425687327
37	20	720	1425687331
24	14	375	1425687336
35	32	351	1425687340
13	23	240	1425687345
18	7	1000	1425687349
40	29	925	1425687353
42	10	754	1425687357
9	35	332	1425687361
30	36	716	1425687365
21	22	653	1425687369
13	11	432	1425687373
4	37	598	1425687404
16	29	294	1425687409
7	29	1000	1425687414
7	44	1000	1425687418
45	26	375	1425687440
7	19	1000	1425687444
24	30	607	1425687449
8	3	442	1425687453
23	6	714	1425687458
46	2	640	1425687462
5	11	918	1425687467
33	15	437	1425687471
9	29	298	1425687475
36	9	946	1425687479
37	47	596	1425687499
29	28	124	1425687503
20	43	637	1425687508
17	38	1000	1425687512
18	33	609	1425687516
45	31	290	1425687520
37	6	707	1425687525
-3	-3	0	1425687529
6	27	587	1425687533
7	15	1000	1425687537
1	39	398	1425687541
32	30	587	1425687546
4D3M7x176