151	R	0.0.0.0	1425684880
-1	-2	954	1425685010
-3	-4	591	1425685041
-5	-6	658	1425685057
-7	-7	0	1425685066
-8	-9	1000	1425685081
-11	-10	770	1425685103
34	22	1000	1425685111
37	22	1000	1425685119
43	3	713	1425685128
43	26	936	1425685140
7	6	1000	1425685146
23	47	410	1425685158
10	23	843	1425685171
42	20	523	1425685182
41	6	614	1425685190
34	13	1000	1425685200
0	19	875	1425685211
41	43	903	1425685222
7	11	1000	1425685227
1	35	456	1425685236
37	12	973	1425685243
40	37	933	1425685263
44	46	744	1425685282
6	30	917	1425685312
12	26	780	1425685324
13	7	1000	1425685330
29	0	661	1425685338
41	44	739	1425685346
47	4	342	1425685352
47	5	1000	1425685359
28	24	771	1425685366
11	9	561	1425685381
-1	-1	0	1425685387
24	45	956	1425685405
28	5	953	1425685412
10	11	841	1425685441
46	14	905	1425685449
29	33	741	1425685494
15	19	319	1425685501
45	0	916	1425685512
21	47	1000	1425685522
37	29	636	1425685533
46	41	482	1425685546
15	6	1000	1425685553
45	9	324	1425685563
34	12	1000	1425685568
47	45	447	1425685576
13	17	659	1425685738
25	10	970	1425685752
11	8	982	1425685763
27	39	484	1425685770
0	31	615	1425685872
5	30	1000	1425685880
42	37	945	1425685896
21	39	217	1425685913
15	31	915	1425685922
44	20	462	1425685930
38	31	1000	1425685938
10	33	994	1425685947
31	24	1000	1425685957
31	23	1000	1425685970
28	31	989	1425685979
46	21	798	1425685988
14	23	711	1425685998
17	22	1000	1425686012
9	27	1000	1425686019
7	2	1000	1425686062
20	41	1000	1425686072
8	4	714	1425686081
32	3	745	1425686093
13	6	976	1425686100
39	2	1000	1425686120
1	29	777	1425686141
45	12	876	1425686153
44	29	809	1425686161
44	1	979	1425686168
21	16	415	1425686177
18	37	929	1425686185
10	30	935	1425686229
11	6	961	1425686235
33	42	617	1425686242
16	29	713	1425686248
13	39	994	1425686253
28	44	991	1425686259
18	38	1000	1425686264
29	38	1000	1425686268
21	36	1000	1425686277
23	4	449	1425686285
0	36	698	1425686292
34	28	969	1425686299
15	17	941	1425686306
36	12	988	1425686313
28	9	1000	1425686321
37	25	933	1425686334
-2	-2	0	1425686341
46	17	605	1425686348
42	29	953	1425686356
40	13	996	1425686362
2	30	477	1425686370
18	28	379	1425686377
23	0	677	1425686395
25	22	1000	1425686403
36	1	952	1425686410
12	10	953	1425686421
17	21	890	1425686428
45	11	991	1425686434
39	20	1000	1425686440
0	42	985	1425686455
10	27	1000	1425686461
41	25	945	1425686467
1	40	1000	1425686472
9	39	976	1425686481
34	24	981	1425686486
41	34	417	1425686493
45	1	651	1425686503
39	47	904	1425686511
31	7	1000	1425686516
17	1	685	1425686521
34	5	1000	1425686526
11	37	252	1425686535
10	0	902	1425686544
18	45	989	1425686551
2	20	993	1425686558
26	4	996	1425686564
46	16	982	1425686570
1	37	986	1425686575
38	15	1000	1425686580
22	30	881	1425686591
15	47	578	1425686600
9	19	577	1425686608
34	0	866	1425686614
8	32	979	1425686621
3	40	474	1425686630
42	24	615	1425686635
46	47	635	1425686643
30	9	879	1425686649
19	44	364	1425686655
26	7	1000	1425686660
21	7	1000	1425686664
42	35	982	1425686672
33	41	567	1425686677
26	35	941	1425686682
24	2	622	1425686688
8	1	340	1425686692
7	42	1000	1425686697
40	20	963	1425686704
41	45	951	1425686710
-3	-3	0	1425686715
44	40	979	1425686720
42	47	983	1425686727
3F6K7u913