151	L	0.0.0.0	1425592788
-1	-2	562	1425592894
-4	-3	165	1425592908
-5	-6	648	1425592919
-7	-7	0	1425592930
-9	-8	519	1425592944
-10	-11	307	1425592973
36	6	816	1425592984
28	46	559	1425592995
35	28	644	1425593002
3	13	342	1425593022
18	46	407	1425593030
19	23	611	1425593043
27	17	893	1425593053
4	1	847	1425593062
26	25	312	1425593076
5	39	850	1425593088
29	6	721	1425593099
12	31	730	1425593106
28	33	592	1425593118
31	13	608	1425593126
9	34	643	1425593136
23	38	981	1425593148
44	23	664	1425593157
25	21	638	1425593166
36	13	911	1425593174
-1	-1	7	1425593190
4	15	472	1425593198
41	23	634	1425593208
12	41	829	1425593216
34	31	431	1425593228
33	31	413	1425593236
42	16	784	1425593244
22	25	848	1425593250
44	0	765	1425593260
38	44	951	1425593268
42	6	532	1425593277
21	27	942	1425593287
43	8	963	1425593296
34	23	565	1425593307
33	13	598	1425593313
26	30	668	1425593321
6	40	637	1425593328
17	42	644	1425593335
1	41	667	1425593342
39	24	932	1425593350
32	41	819	1425593372
20	19	473	1425593394
13	46	357	1425593401
37	15	577	1425593408
2	46	864	1425593415
23	6	827	1425593422
39	25	658	1425593430
36	33	954	1425593436
13	24	965	1425593445
5	35	818	1425593450
36	25	783	1425593458
31	44	563	1425593470
35	34	669	1425593477
19	11	608	1425593483
45	6	749	1425593489
33	23	596	1425593499
0	8	688	1425593507
10	5	946	1425593513
44	27	918	1425593520
3	12	944	1425593529
13	18	866	1425593535
6	19	862	1425593541
43	14	290	1425593550
21	45	514	1425593559
0	38	963	1425593565
33	45	571	1425593602
27	8	868	1425593608
16	38	965	1425593617
45	38	944	1425593629
8	2	867	1425593645
26	31	834	1425593652
40	19	824	1425593657
3	20	867	1425593662
1	20	853	1425593668
38	42	988	1425593674
31	9	417	1425593680
11	39	698	1425593685
-2	-2	9	1425593691
33	2	923	1425593697
2	30	918	1425593702
9	32	775	1425593707
25	6	461	1425593717
23	2	903	1425593723
15	40	912	1425593730
28	1	475	1425593735
1	46	704	1425593746
30	0	630	1425593751
9	21	679	1425593757
8	22	781	1425593764
24	27	767	1425593771
30	11	674	1425593777
7	10	998	1425593782
10	44	424	1425593793
7	30	986	1425593798
21	2	893	1425593806
11	34	320	1425593814
23	11	undefined	1425593822
10	31	616	1425593828
4	2	843	1425593833
21	32	828	1425593839
35	41	944	1425593845
35	22	undefined	1425593854
23	1	564	1425593888
0	34	705	1425593895
2	20	940	1425593900
43	19	1000	1425593909
9	24	994	1425593914
27	3	undefined	1425593921
4	16	383	1425593928
7	38	499	1425593936
37	5	925	1425593941
43	24	91	1425593947
17	4	385	1425593953
17	39	425	1425593957
37	27	904	1425593964
20	29	761	1425593969
20	40	946	1425593975
28	14	723	1425593981
28	21	717	1425593989
26	36	undefined	1425593996
32	8	811	1425594011
16	23	432	1425594019
27	18	664	1425594023
42	4	714	1425594029
25	41	611	1425594034
31	8	478	1425594041
46	30	674	1425594046
4	5	779	1425594053
18	43	733	1425594058
16	30	768	1425594066
35	18	587	1425594072
47	3	670	1425594078
3	28	765	1425594084
9	44	366	1425594089
42	29	569	1425594096
-3	-3	0	1425594103
8	14	695	1425594109
41	8	664	1425594115
45	13	625	1425594138
5	7	631	1425594152
26	33	599	1425594157
25	1	709	1425594165
1	21	680	1425594170
35	31	680	1425594178
42	32	727	1425594184
2G6Q5v210