151	R	0.0.0.0	1425596368
-2	-1	undefined	1425596445
-3	-4	441	1425596466
-5	-6	undefined	1425596474
-7	-7	0	1425596479
-8	-9	468	1425596485
-10	-11	490	1425596499
19	6	undefined	1425596509
4	29	467	1425596520
40	2	982	1425596526
2	41	996	1425596532
27	10	994	1425596539
1	4	488	1425596548
18	29	828	1425596560
43	7	undefined	1425596566
47	33	602	1425596578
0	27	977	1425596583
30	32	747	1425596590
25	46	553	1425596596
19	5	963	1425596601
11	9	701	1425596608
8	9	525	1425596613
3	40	967	1425596619
40	26	930	1425596623
43	5	768	1425596631
36	24	846	1425596638
0	28	575	1425596643
31	1	617	1425596649
38	28	undefined	1425596656
41	7	undefined	1425596661
0	22	469	1425596671
8	44	595	1425596676
9	18	580	1425596682
26	20	766	1425596688
10	42	931	1425596695
42	21	794	1425596703
33	31	357	1425596711
11	5	undefined	1425596716
10	18	815	1425596723
9	29	463	1425596728
2	22	827	1425596733
16	14	undefined	1425596741
47	45	940	1425596747
11	32	929	1425596752
18	7	undefined	1425596757
-1	-1	0	1425596763
34	27	988	1425596769
45	35	730	1425596776
27	37	931	1425596783
45	13	276	1425596790
43	9	undefined	1425596796
0	8	735	1425596802
32	19	810	1425596808
6	5	985	1425596813
41	42	817	1425596821
29	10	155	1425596834
12	11	992	1425596840
26	7	undefined	1425596846
41	26	858	1425596856
46	35	643	1425596862
44	30	558	1425596868
4	7	undefined	1425596874
1	14	902	1425596879
30	45	657	1425596884
10	22	862	1425596891
35	43	981	1425596898
24	2	882	1425596904
19	36	993	1425596911
37	26	951	1425596917
35	24	934	1425596924
31	4	261	1425596931
7	0	undefined	1425596937
13	17	347	1425596942
7	3	undefined	1425596947
32	36	956	1425596955
18	12	927	1425596961
43	40	483	1425596965
22	17	547	1425596971
29	19	534	1425596981
27	36	969	1425596986
5	4	undefined	1425596990
32	44	597	1425596996
31	32	966	1425597002
38	23	undefined	1425597007
11	29	399	1425597012
12	37	937	1425597017
21	25	669	1425597024
22	46	717	1425597030
21	22	624	1425597034
40	39	945	1425597039
10	40	undefined	1425597044
2	13	976	1425597052
20	8	575	1425597056
10	1	452	1425597071
-2	-2	0	1425597075
15	45	210	1425597081
28	47	986	1425597090
26	39	758	1425597098
34	5	undefined	1425597104
35	34	935	1425597109
24	11	979	1425597113
12	14	976	1425597118
7	47	undefined	1425597123
6	21	699	1425597129
27	35	929	1425597138
28	25	800	1425597149
22	31	682	1425597156
0	5	976	1425597161
0	25	436	1425597168
31	28	262	1425597177
5	22	939	1425597182
34	2	966	1425597192
5	10	974	1425597198
9	17	391	1425597204
44	4	141	1425597209
20	29	416	1425597214
28	14	607	1425597219
6	32	961	1425597224
46	21	228	1425597230
33	45	985	1425597240
38	29	undefined	1425597244
27	39	781	1425597250
14	11	960	1425597255
42	43	726	1425597263
35	44	590	1425597267
28	42	614	1425597273
43	29	904	1425597283
7	34	undefined	1425597288
12	21	983	1425597299
2	18	437	1425597306
-3	-3	0	1425597312
31	38	undefined	1425597319
2	14	559	1425597324
21	2	891	1425597331
40	19	994	1425597337
35	47	724	1425597343
16	18	653	1425597348
6	0	540	1425597354
17	32	957	1425597361
7	16	undefined	1425597369
23	37	685	1425597375
26	9	802	1425597381
47	13	767	1425597386
7	8	undefined	1425597393
16	0	717	1425597398
29	1	424	1425597405
19	8	562	1425597412
24	16	940	1425597419
24	47	959	1425597424
32	37	949	1425597429
27	40	834	1425597436
3F5M9t334