151	L	0.0.0.0	1425684857
-1	-2	687	1425684950
-3	-4	262	1425684963
-6	-5	643	1425684969
-7	-7	0	1425684975
-8	-9	554	1425684985
-10	-11	7	1425685013
28	35	332	1425685020
26	22	762	1425685030
23	44	719	1425685037
39	4	138	1425685048
21	46	270	1425685056
7	35	1000	1425685064
8	44	230	1425685074
5	27	792	1425685081
21	26	626	1425685087
45	11	712	1425685095
11	26	720	1425685100
10	32	845	1425685107
39	46	232	1425685112
35	2	386	1425685119
23	8	3	1425685124
41	37	368	1425685133
44	40	996	1425685139
4	13	134	1425685145
23	40	979	1425685150
16	21	809	1425685161
22	0	676	1425685166
5	33	802	1425685171
6	39	339	1425685179
45	42	813	1425685185
37	38	1000	1425685189
39	13	146	1425685196
32	7	1000	1425685201
44	15	167	1425685207
11	35	779	1425685213
45	30	253	1425685218
46	10	416	1425685225
40	3	795	1425685234
-1	-1	0	1425685240
43	38	1000	1425685246
7	40	840	1425685255
35	24	780	1425685260
31	30	465	1425685265
33	8	63	1425685273
39	41	429	1425685280
28	38	1000	1425685285
6	20	622	1425685290
42	21	968	1425685296
18	36	954	1425685301
1	6	235	1425685309
40	34	882	1425685314
12	2	911	1425685322
15	5	976	1425685327
31	18	118	1425685332
19	37	990	1425685338
26	1	632	1425685346
7	5	854	1425685353
41	25	423	1425685360
0	27	600	1425685366
29	28	240	1425685372
30	27	743	1425685377
3	30	345	1425685383
22	24	958	1425685389
31	2	812	1425685395
47	7	1000	1425685401
3	35	401	1425685407
39	43	723	1425685412
10	7	1000	1425685417
9	13	257	1425685422
15	42	613	1425685427
13	44	188	1425685433
34	3	712	1425685438
35	15	355	1425685444
37	16	313	1425685449
17	32	869	1425685455
33	47	431	1425685461
26	2	429	1425685466
10	22	869	1425685472
4	33	257	1425685479
30	24	783	1425685484
-2	-2	0	1425685489
27	37	973	1425685497
44	34	471	1425685503
29	46	107	1425685510
11	41	613	1425685516
24	15	923	1425685522
27	38	988	1425685529
2	10	951	1425685534
43	46	975	1425685539
45	43	968	1425685545
40	8	989	1425685552
35	6	346	1425685556
22	19	626	1425685562
24	13	791	1425685568
18	32	433	1425685573
8	2	818	1425685578
9	27	991	1425685584
18	43	567	1425685589
20	11	607	1425685594
21	28	143	1425685599
14	47	622	1425685604
34	38	996	1425685609
7	41	1000	1425685614
12	6	831	1425685619
43	37	1000	1425685624
21	24	992	1425685629
-3	-3	4	1425685634
31	23	58	1425685639
32	34	692	1425685644
12	3	809	1425685652
3	46	687	1425685657
33	19	675	1425685662
5	11	977	1425685667
45	47	594	1425685672
40	31	999	1425685678
17	44	145	1425685682
3	0	545	1425685688
6	4	625	1425685694
12	25	567	1425685699
5	20	968	1425685704
42	7	972	1425685709
9	7	999	1425685714
39	35	380	1425685718
6	25	286	1425685723
24	38	953	1425685728
33	46	55	1425685734
15	47	323	1425685740
1	0	376	1425685746
4	47	319	1425685751
42	10	920	1425685756
42	4	993	1425685761
36	34	997	1425685767
40	30	988	1425685772
5	1	986	1425685780
42	33	990	1425685786
4	27	897	1425685791
0	40	957	1425685795
17	19	356	1425685809
26	0	258	1425685813
43	32	291	1425685818
13	11	636	1425685823
44	31	190	1425685828
31	43	829	1425685833
10	5	965	1425685840
7	27	1000	1425685845
45	39	238	1425685850
1	40	982	1425685856
14	24	375	1425685863
36	29	953	1425685868
11	10	363	1425685873
5E4L9y242