151	R	0.0.0.0	1425592829
-2	-1	959	1425592932
-3	-4	542	1425592950
-6	-5	976	1425592960
-7	-7	0	1425592974
-8	-9	870	1425592983
-11	-10	402	1425592995
17	35	670	1425593009
9	37	845	1425593023
38	15	undefined	1425593036
1	44	987	1425593054
37	36	965	1425593065
3	38	undefined	1425593072
12	13	733	1425593080
34	32	981	1425593086
17	7	undefined	1425593094
35	6	973	1425593104
22	27	941	1425593112
18	26	563	1425593121
32	28	778	1425593139
42	45	907	1425593145
38	6	undefined	1425593151
11	12	995	1425593158
20	13	524	1425593171
35	7	undefined	1425593179
12	7	undefined	1425593185
4	27	undefined	1425593191
10	37	813	1425593201
27	14	883	1425593212
16	41	648	1425593223
10	33	942	1425593230
34	27	985	1425593236
8	21	803	1425593244
6	14	919	1425593252
27	47	960	1425593257
43	15	955	1425593264
13	5	975	1425593270
41	29	567	1425593279
35	44	769	1425593285
46	35	969	1425593291
23	47	590	1425593300
4	47	580	1425593312
37	13	960	1425593318
38	25	undefined	1425593323
31	40	undefined	1425593329
25	47	917	1425593334
9	7	undefined	1425593339
21	26	569	1425593351
11	25	811	1425593359
45	47	463	1425593373
-1	-1	0	1425593382
45	39	987	1425593389
1	45	914	1425593395
3	44	929	1425593401
28	7	undefined	1425593407
42	12	undefined	1425593412
0	2	997	1425593418
20	47	732	1425593425
35	33	961	1425593436
33	18	944	1425593445
0	45	882	1425593456
18	9	926	1425593464
2	44	981	1425593470
7	36	undefined	1425593475
0	7	undefined	1425593483
5	36	undefined	1425593490
43	3	undefined	1425593496
13	7	undefined	1425593502
13	44	608	1425593511
40	36	815	1425593521
13	23	734	1425593529
47	33	535	1425593535
1	6	636	1425593542
21	29	846	1425593553
26	12	undefined	1425593559
25	12	998	1425593565
30	1	619	1425593574
7	16	997	1425593579
13	14	935	1425593586
47	42	994	1425593593
11	8	987	1425593603
0	42	995	1425593610
7	45	undefined	1425593615
36	18	undefined	1425593620
24	2	611	1425593628
43	16	992	1425593634
31	5	undefined	1425593639
40	4	undefined	1425593645
22	0	890	1425593665
14	33	634	1425593674
40	18	960	1425593684
8	1	539	1425593695
16	19	864	1425593701
28	23	523	1425593711
40	14	959	1425593716
43	17	992	1425593723
-2	-2	0	1425593784
19	4	907	1425593798
12	45	965	1425593803
40	21	964	1425593809
16	40	951	1425593814
2	26	866	1425593821
29	11	972	1425593829
33	8	37	1425593848
30	9	369	1425593858
21	24	998	1425593865
15	41	978	1425593878
37	40	undefined	1425593883
1	18	631	1425593894
13	8	705	1425593905
9	27	991	1425593911
40	43	990	1425593918
11	2	994	1425593924
3	7	999	1425593930
33	7	undefined	1425593935
-3	-3	0	1425593943
23	15	798	1425593949
41	34	962	1425593961
42	13	992	1425593967
22	17	969	1425593974
10	8	582	1425593984
31	3	877	1425593991
16	31	921	1425594002
6	44	973	1425594008
37	43	946	1425594013
44	42	990	1425594019
30	33	972	1425594025
5	23	992	1425594039
5	42	985	1425594044
9	41	953	1425594049
0	28	807	1425594056
29	31	279	1425594064
4	20	473	1425594073
1	13	858	1425594080
13	26	957	1425594086
15	28	978	1425594093
42	46	991	1425594099
23	7	undefined	1425594105
23	24	undefined	1425594110
35	40	undefined	1425594119
5	16	undefined	1425594124
26	32	undefined	1425594132
39	15	981	1425594137
32	20	375	1425594163
36	8	990	1425594168
24	44	992	1425594173
42	34	undefined	1425594181
32	18	999	1425594186
13	10	921	1425594192
6	3	977	1425594197
19	25	457	1425594208
2H4K6v784