151	R	0.0.0.0	1425592771
-2	-1	924	1425592881
-4	-3	88	1425592894
-6	-5	659	1425592929
-7	-7	0	1425592969
-8	-9	688	1425592996
-10	-11	582	1425593036
2	11	818	1425593044
38	36	588	1425593056
43	3	454	1425593067
35	1	892	1425593101
47	8	959	1425593112
38	39	undefined	1425593122
47	27	548	1425593136
46	1	716	1425593158
28	7	undefined	1425593165
31	11	416	1425593176
37	9	617	1425593186
38	14	990	1425593200
39	7	undefined	1425593206
16	8	564	1425593231
14	15	711	1425593242
33	40	810	1425593247
42	13	711	1425593257
43	28	855	1425593264
10	43	923	1425593271
4	37	592	1425593279
15	21	556	1425593287
15	45	586	1425593296
46	30	648	1425593308
14	25	427	1425593336
12	38	undefined	1425593343
33	29	414	1425593356
2	4	928	1425593361
30	12	771	1425593379
40	16	830	1425593386
11	7	undefined	1425593390
7	29	undefined	1425593398
30	1	627	1425593404
16	3	564	1425593415
24	26	766	1425593434
38	35	998	1425593441
46	34	542	1425593452
39	18	474	1425593465
23	46	385	1425593471
44	3	528	1425593477
4	7	undefined	1425593482
42	5	473	1425593490
33	39	326	1425593498
9	0	439	1425593504
-1	-1	0	1425593510
19	46	596	1425593516
11	28	360	1425593524
24	18	550	1425593529
43	24	326	1425593537
31	22	588	1425593543
41	34	606	1425593549
18	2	529	1425593654
31	38	undefined	1425593661
21	3	660	1425593668
0	2	800	1425593674
32	0	426	1425593681
11	43	830	1425593692
1	28	637	1425593708
11	8	406	1425593715
6	40	625	1425593728
7	38	57	1425593739
44	5	638	1425593745
0	28	390	1425593751
13	28	396	1425593762
9	6	702	1425593769
17	5	877	1425593780
24	32	887	1425593792
20	19	87	1425593832
8	17	112	1425593845
20	0	649	1425593851
1	4	645	1425593859
2	25	555	1425593867
6	16	661	1425593873
35	45	814	1425593885
5	13	924	1425593891
8	39	405	1425593897
38	11	undefined	1425593916
41	23	244	1425593971
36	5	329	1425593980
7	44	undefined	1425593989
46	0	586	1425593999
7	15	undefined	1425594004
32	9	572	1425594010
22	32	340	1425594018
2	21	875	1425594023
29	40	870	1425594029
45	41	711	1425594043
16	25	548	1425594054
-2	-2	0	1425594067
25	19	378	1425594075
38	42	992	1425594082
36	1	952	1425594089
11	40	866	1425594096
38	9	933	1425594110
11	29	420	1425594116
34	17	541	1425594124
8	1	642	1425594130
0	21	643	1425594137
40	9	892	1425594152
25	43	678	1425594159
13	43	752	1425594164
9	33	549	1425594175
-3	-3	0	1425594191
11	30	681	1425594196
1	34	848	1425594207
20	1	877	1425594215
42	12	809	1425594220
28	31	397	1425594231
33	15	742	1425594237
14	39	616	1425594242
20	2	715	1425594252
7	30	undefined	1425594258
22	29	707	1425594264
46	26	739	1425594271
10	8	255	1425594278
2	46	928	1425594283
11	32	797	1425594288
45	17	362	1425594298
36	4	873	1425594304
35	23	787	1425594308
14	7	undefined	1425594314
5	43	843	1425594320
7	17	975	1425594326
7	6	undefined	1425594331
8	29	359	1425594339
15	34	682	1425594347
34	26	822	1425594351
41	26	718	1425594357
23	26	407	1425594366
23	19	undefined	1425594370
2	28	848	1425594375
36	20	899	1425594380
25	17	738	1425594386
7	18	934	1425594397
1	10	286	1425594404
1	38	undefined	1425594408
10	4	281	1425594414
29	23	323	1425594419
12	9	952	1425594423
46	32	697	1425594429
40	28	837	1425594433
38	0	948	1425594438
24	4	821	1425594442
1	17	757	1425594501
44	0	820	1425594506
2C3Q7t803