151	R	0.0.0.0	1425592723
-1	-2	960	1425592799
-4	-3	156	1425592809
-6	-5	719	1425592815
-7	-7	0	1425592823
-8	-9	614	1425592831
-11	-10	205	1425592838
36	30	735	1425592843
43	28	798	1425592849
19	1	735	1425592855
1	24	923	1425592861
33	44	918	1425592867
21	45	349	1425592873
12	17	915	1425592878
24	37	832	1425592884
35	21	898	1425592890
5	17	940	1425592899
10	22	909	1425592904
36	45	896	1425592909
22	18	884	1425592915
23	26	917	1425592921
7	20	976	1425592926
9	43	803	1425592932
43	17	791	1425592938
24	19	700	1425592944
15	10	458	1425592950
12	1	904	1425592955
18	17	707	1425592961
29	18	683	1425592966
17	11	71	1425592971
-1	-1	1	1425592980
10	46	138	1425592985
33	37	366	1425592990
3	17	772	1425592996
38	40	238	1425593002
19	4	586	1425593007
19	28	685	1425593013
24	3	342	1425593018
17	45	308	1425593024
10	9	433	1425593029
40	21	undefined	1425593035
30	17	645	1425593041
40	39	771	1425593046
13	10	268	1425593051
27	2	648	1425593056
24	21	765	1425593062
15	18	714	1425593068
42	1	897	1425593075
22	24	354	1425593081
33	19	736	1425593086
41	4	343	1425593091
4	3	375	1425593097
34	30	427	1425593104
34	32	814	1425593110
37	16	228	1425593116
39	26	631	1425593122
40	25	582	1425593132
26	10	398	1425593137
21	22	585	1425593142
30	39	451	1425593149
23	42	725	1425593155
46	20	411	1425593159
25	24	279	1425593165
6	22	604	1425593171
12	20	445	1425593176
41	32	378	1425593181
36	10	undefined	1425593187
27	26	undefined	1425593193
12	27	936	1425593198
24	10	624	1425593204
12	46	758	1425593209
34	42	429	1425593215
26	34	undefined	1425593221
27	21	998	1425593226
6	2	102	1425593231
34	18	undefined	1425593236
31	45	442	1425593241
47	2	undefined	1425593249
27	0	792	1425593254
46	5	undefined	1425593259
16	47	undefined	1425593264
23	45	103	1425593268
22	46	288	1425593274
1	23	undefined	1425593279
21	31	261	1425593284
22	33	undefined	1425593289
29	35	783	1425593296
11	40	830	1425593300
34	35	undefined	1425593306
28	2	784	1425593311
46	40	906	1425593317
42	43	undefined	1425593322
35	47	371	1425593327
-2	-2	undefined	1425593333
39	33	0	1425593338
41	12	644	1425593343
7	32	undefined	1425593348
44	18	293	1425593353
18	8	undefined	1425593359
35	27	555	1425593364
44	3	369	1425593369
14	0	486	1425593374
39	28	undefined	1425593379
1	16	undefined	1425593384
17	37	219	1425593389
42	39	undefined	1425593396
20	22	397	1425593401
0	15	255	1425593406
35	39	754	1425593411
27	34	undefined	1425593416
28	23	46	1425593425
35	32	592	1425593430
19	27	769	1425593435
19	25	173	1425593440
41	7	undefined	1425593446
38	24	undefined	1425593451
28	10	377	1425593456
46	18	407	1425593462
31	4	553	1425593467
27	41	876	1425593472
11	34	0	1425593477
7	45	undefined	1425593483
37	13	391	1425593488
18	40	674	1425593493
8	3	373	1425593499
31	32	631	1425593505
18	16	undefined	1425593512
13	36	undefined	1425593518
2	1	770	1425593535
36	7	905	1425593539
11	4	392	1425593545
45	16	420	1425593552
29	19	465	1425593558
13	44	undefined	1425593565
25	44	391	1425593570
21	0	427	1425593576
46	33	53	1425593582
14	12	688	1425593587
28	6	807	1425593594
28	35	930	1425593599
31	40	909	1425593605
38	7	255	1425593610
47	3	617	1425593615
9	22	undefined	1425593620
12	16	757	1425593626
10	42	798	1425593632
27	16	894	1425593637
-3	-3	0	1425593643
14	44	680	1425593647
32	45	367	1425593652
38	36	undefined	1425593658
4D7Q9w126