151	L	0.0.0.0	1425592761
-1	-2	938	1425592847
-3	-4	156	1425592857
-6	-5	956	1425592862
-7	-7	0	1425592870
-8	-9	442	1425592878
-11	-10	222	1425592885
47	2	147	1425592894
30	22	39	1425592902
44	21	579	1425592908
12	17	856	1425592915
12	19	726	1425592919
28	36	1000	1425592928
13	29	180	1425592944
19	6	594	1425592972
8	0	410	1425592978
23	38	1000	1425592983
5	16	957	1425592988
45	44	308	1425592994
8	11	376	1425593002
36	13	982	1425593011
10	2	1000	1425593017
44	16	340	1425593022
6	47	206	1425593027
21	38	1000	1425593031
17	24	1000	1425593037
1	4	384	1425593048
6	5	1000	1425593054
2	1	744	1425593060
19	16	429	1425593064
-1	-1	0	1425593071
15	37	712	1425593076
12	6	684	1425593082
17	2	790	1425593089
33	40	1000	1425593095
4	13	157	1425593101
14	19	591	1425593109
44	25	543	1425593118
14	12	792	1425593125
3	8	713	1425593129
37	30	701	1425593149
29	15	248	1425593155
0	9	375	1425593167
30	2	779	1425593173
31	47	718	1425593180
33	16	298	1425593185
41	25	688	1425593193
5	24	302	1425593229
25	12	414	1425593235
47	42	712	1425593242
1	14	748	1425593246
18	7	1000	1425593253
7	26	1000	1425593258
43	31	833	1425593265
44	0	443	1425593271
16	27	998	1425593278
36	34	919	1425593285
41	30	617	1425593291
18	6	313	1425593296
27	8	1000	1425593303
29	14	703	1425593309
4	42	687	1425593313
28	7	1000	1425593318
8	21	331	1425593323
10	27	1000	1425593328
35	0	426	1425593333
13	0	398	1425593346
7	39	1000	1425593363
44	28	645	1425593373
22	42	850	1425593381
0	7	1000	1425593387
20	4	293	1425593392
38	22	1000	1425593399
29	30	376	1425593407
24	1	885	1425593419
8	29	0	1425593428
12	34	914	1425593438
-2	-2	82	1425593445
11	10	695	1425593453
41	27	900	1425593460
46	38	967	1425593467
43	33	852	1425593477
6	37	843	1425593484
43	47	379	1425593489
21	34	230	1425593493
43	40	213	1425593499
46	0	219	1425593505
12	31	616	1425593510
36	47	421	1425593520
23	11	413	1425593525
35	46	306	1425593531
9	39	775	1425593536
10	45	155	1425593544
21	36	869	1425593549
36	17	839	1425593554
28	29	221	1425593558
29	0	378	1425593563
46	47	647	1425593572
39	26	717	1425593578
22	15	95	1425593585
5	38	165	1425593590
20	44	427	1425593596
23	13	153	1425593602
38	18	1000	1425593612
1	29	225	1425593618
21	20	434	1425593623
2	26	796	1425593632
35	8	736	1425593656
39	6	857	1425593664
44	39	433	1425593669
45	11	578	1425593675
3	11	622	1425593679
44	12	350	1425593686
38	19	831	1425593691
36	2	354	1425593698
23	7	1000	1425593705
1	38	1000	1425593715
21	27	925	1425593721
16	22	373	1425593727
1	37	467	1425593736
37	4	342	1425593741
26	29	428	1425593747
17	45	444	1425593751
44	42	590	1425593756
25	0	245	1425593761
32	36	564	1425593766
32	8	588	1425593770
8	24	684	1425593776
15	24	732	1425593781
40	19	706	1425593786
-3	-3	0	1425593792
4	8	1000	1425593800
37	23	36	1425593809
32	10	391	1425593829
19	42	319	1425593839
40	12	753	1425593846
4	5	776	1425593864
12	18	455	1425593869
39	43	663	1425593876
29	47	726	1425593883
44	36	1000	1425593892
34	2	991	1425593897
5	43	835	1425593901
40	10	971	1425593907
3	45	738	1425593914
44	19	269	1425593918
0	4	260	1425593925
31	0	195	1425593930
21	28	188	1425593936
8	15	179	1425593942
12	11	713	1425593947
2G5P9z943