151	R	0.0.0.0	1425686658
-1	-2	981	1425686802
-4	-3	326	1425686819
-6	-5	868	1425686829
-7	-7	5	1425686841
-8	-9	992	1425686850
-11	-10	958	1425686859
-1	-1	0	1425686868
44	34	1000	1425686874
28	4	946	1425686887
28	36	990	1425686895
17	36	1000	1425686901
22	8	935	1425686915
43	11	1000	1425686920
14	0	903	1425686930
15	31	924	1425686952
10	12	1000	1425686961
11	31	992	1425686973
11	28	942	1425686982
44	29	961	1425686990
34	41	922	1425686997
0	6	440	1425687011
11	40	1000	1425687021
25	28	882	1425687076
23	4	528	1425687086
3	5	931	1425687094
10	6	906	1425687100
12	33	1000	1425687106
32	33	980	1425687113
2	32	991	1425687121
21	43	961	1425687126
46	38	996	1425687131
42	37	982	1425687136
15	11	979	1425687142
25	17	836	1425687151
14	11	946	1425687156
5	32	940	1425687168
28	41	426	1425687176
40	7	442	1425687184
35	30	344	1425687197
27	13	883	1425687204
17	44	917	1425687209
23	38	1000	1425687215
35	6	971	1425687222
16	43	983	1425687227
41	14	969	1425687233
14	42	408	1425687250
5	22	921	1425687259
32	38	1000	1425687265
1	30	962	1425687274
41	23	953	1425687280
29	30	972	1425687286
28	47	918	1425687295
45	10	843	1425687302
10	29	914	1425687310
2	19	860	1425687318
24	41	941	1425687334
35	24	943	1425687339
29	39	444	1425687346
43	0	873	1425687351
32	26	938	1425687358
7	2	990	1425687374
30	5	983	1425687380
18	32	957	1425687385
34	2	990	1425687392
9	10	822	1425687414
8	0	694	1425687420
3	19	609	1425687426
8	27	995	1425687432
42	2	585	1425687442
0	45	483	1425687449
31	41	430	1425687454
42	24	381	1425687460
17	14	692	1425687468
24	25	772	1425687477
11	42	910	1425687486
22	37	949	1425687491
47	32	998	1425687495
8	11	645	1425687499
43	18	843	1425687504
33	19	902	1425687508
33	20	697	1425687513
-2	-2	4	1425687522
35	21	957	1425687526
0	12	728	1425687533
34	43	980	1425687537
14	5	926	1425687542
22	44	774	1425687548
20	39	929	1425687552
15	17	884	1425687557
27	15	999	1425687561
19	25	692	1425687566
4	34	764	1425687570
4	2	990	1425687575
12	20	875	1425687580
21	32	846	1425687584
4	16	859	1425687588
13	33	629	1425687593
22	28	844	1425687597
23	21	809	1425687601
2	12	998	1425687606
24	4	967	1425687611
21	39	827	1425687616
30	47	925	1425687620
5	45	1000	1425687624
15	24	924	1425687630
37	17	162	1425687636
19	43	909	1425687641
17	20	929	1425687645
37	11	320	1425687651
45	1	802	1425687657
29	47	989	1425687661
7	31	997	1425687666
3	32	617	1425687671
41	15	816	1425687676
30	15	369	1425687681
14	13	793	1425687686
10	14	944	1425687691
37	5	961	1425687696
17	23	373	1425687703
32	8	979	1425687708
43	25	988	1425687713
38	36	975	1425687718
29	5	984	1425687722
38	41	991	1425687727
44	28	809	1425687731
20	36	968	1425687735
39	19	963	1425687740
7	0	1000	1425687745
47	21	1000	1425687750
45	2	1000	1425687755
3	33	728	1425687760
34	22	946	1425687764
1	10	750	1425687769
9	31	761	1425687774
12	26	654	1425687778
23	36	924	1425687782
8	36	920	1425687786
43	28	967	1425687790
15	16	864	1425687795
32	6	893	1425687799
-3	-3	3	1425687805
14	18	962	1425687812
40	30	991	1425687820
2	18	899	1425687826
31	21	617	1425687830
2	33	903	1425687835
43	41	924	1425687839
1	36	983	1425687844
25	18	455	1425687851
5	44	981	1425687857
3E6N8v573