151	L	0.0.0.0	1425594606
-1	-2	974	1425594684
-4	-3	undefined	1425594694
-6	-5	987	1425594702
-7	-7	0	1425594709
-8	-9	364	1425594716
-11	-10	56	1425594737
31	42	840	1425594743
22	21	766	1425594748
7	19	1000	1425594753
44	41	408	1425594760
45	4	308	1425594766
29	28	471	1425594773
19	0	649	1425594781
3	31	668	1425594786
36	10	973	1425594792
46	25	656	1425594798
26	20	753	1425594803
7	42	798	1425594809
4	32	586	1425594816
40	33	1000	1425594822
3	41	699	1425594827
40	7	1000	1425594833
0	23	619	1425594839
24	22	592	1425594845
-1	-1	0	1425594852
28	39	180	1425594858
35	26	686	1425594863
7	30	999	1425594868
21	6	786	1425594874
31	27	877	1425594879
23	10	458	1425594886
12	20	821	1425594891
37	16	432	1425594897
4	25	34	1425594904
17	5	930	1425594909
40	27	1000	1425594915
22	38	1000	1425594920
9	17	294	1425594929
14	10	738	1425594935
31	18	438	1425594941
37	32	840	1425594946
32	9	751	1425594952
18	45	737	1425594957
13	10	288	1425594963
23	46	436	1425594968
28	35	606	1425594973
11	34	127	1425594979
4	6	829	1425594984
21	5	965	1425594990
44	13	448	1425595004
24	20	813	1425595010
43	47	953	1425595015
5	19	989	1425595021
31	9	403	1425595029
1	37	382	1425595033
47	14	1000	1425595039
17	36	989	1425595044
0	6	undefined	1425595051
9	1	855	1425595057
26	22	749	1425595089
45	43	478	1425595094
10	27	931	1425595100
23	1	408	1425595105
24	2	671	1425595110
23	33	464	1425595116
47	31	undefined	1425595121
40	28	969	1425595127
45	14	793	1425595133
35	43	789	1425595139
-2	-2	0	1425595146
3	46	452	1425595167
15	41	532	1425595172
35	8	849	1425595176
17	38	1000	1425595181
3	1	604	1425595187
12	46	768	1425595193
25	19	683	1425595198
23	24	1000	1425595203
26	5	953	1425595209
24	13	984	1425595214
34	25	474	1425595221
25	41	465	1425595226
17	26	434	1425595232
23	20	409	1425595237
10	4	438	1425595248
37	10	409	1425595255
19	24	1000	1425595260
27	47	1000	1425595266
23	11	613	1425595271
36	19	843	1425595278
25	27	1000	1425595283
19	40	1000	1425595289
12	43	862	1425595296
31	30	413	1425595302
28	8	457	1425595308
27	4	999	1425595314
0	39	586	1425595320
29	0	458	1425595326
43	10	867	1425595332
14	30	816	1425595339
47	38	1000	1425595344
32	11	858	1425595350
25	31	422	1425595357
18	35	765	1425595366
44	35	412	1425595372
2	32	672	1425595404
47	42	982	1425595409
24	30	989	1425595414
22	31	717	1425595420
19	4	771	1425595425
46	6	622	1425595431
20	27	1000	1425595436
36	20	1000	1425595441
6	32	800	1425595463
45	29	391	1425595468
17	4	665	1425595473
36	1	974	1425595480
43	15	878	1425595485
29	21	971	1425595490
38	28	1000	1425595495
44	43	927	1425595499
20	5	1000	1425595505
-3	-3	0	1425595510
14	21	649	1425595516
45	21	593	1425595520
11	47	809	1425595525
35	30	757	1425595530
35	2	674	1425595535
12	26	682	1425595540
31	21	380	1425595545
46	47	548	1425595550
39	7	1000	1425595555
39	38	1000	1425595561
11	41	555	1425595566
27	14	872	1425595571
35	31	633	1425595576
22	0	617	1425595581
1	41	655	1425595586
24	41	958	1425595592
47	32	729	1425595602
39	41	760	1425595606
37	12	772	1425595611
46	14	undefined	1425595617
16	46	665	1425595622
38	43	1000	1425595627
7	28	1000	1425595633
45	12	267	1425595639
17	39	333	1425595644
26	13	589	1425595648
18	46	752	1425595655
2B4N6v593