151	R	0.0.0.0	1425684908
-2	-1	819	1425684985
-4	-3	265	1425684992
-6	-5	726	1425684998
-7	-7	0	1425685005
-8	-9	406	1425685016
-11	-10	235	1425685029
43	31	861	1425685037
42	23	834	1425685044
11	31	247	1425685051
7	32	949	1425685057
4	31	189	1425685065
16	8	197	1425685072
2	34	986	1425685078
2	25	838	1425685087
8	47	340	1425685100
22	27	974	1425685106
37	45	838	1425685113
36	8	979	1425685118
23	1	317	1425685126
22	33	600	1425685133
23	7	1000	1425685137
47	5	1000	1425685142
26	7	994	1425685148
21	41	98	1425685155
0	41	373	1425685161
15	29	402	1425685170
46	14	654	1425685177
32	1	630	1425685183
36	14	424	1425685189
33	41	214	1425685195
5	25	779	1425685200
20	28	376	1425685205
37	11	118	1425685210
3	17	437	1425685215
9	4	170	1425685223
22	13	214	1425685228
12	1	715	1425685235
9	27	941	1425685240
30	32	427	1425685245
46	39	73	1425685254
22	16	594	1425685259
8	41	105	1425685264
15	26	325	1425685270
28	29	243	1425685276
39	36	909	1425685280
23	41	190	1425685285
7	9	968	1425685291
40	45	947	1425685296
0	12	681	1425685302
-1	-1	18	1425685311
2	41	742	1425685318
14	12	644	1425685324
46	11	339	1425685329
28	16	442	1425685334
24	42	217	1425685339
0	28	256	1425685344
43	18	419	1425685349
27	44	919	1425685354
47	36	991	1425685361
46	26	461	1425685365
46	36	772	1425685370
47	10	635	1425685375
34	7	1000	1425685380
29	24	725	1425685385
29	23	337	1425685390
24	10	757	1425685395
3	21	791	1425685400
11	15	635	1425685405
11	28	370	1425685412
5	6	911	1425685417
0	22	190	1425685422
10	35	904	1425685427
3	41	743	1425685432
43	29	972	1425685437
16	40	1000	1425685441
40	17	988	1425685446
13	8	256	1425685451
39	33	0	1425685457
10	7	986	1425685462
14	43	429	1425685468
41	31	429	1425685473
37	23	367	1425685478
4	1	451	1425685483
28	47	453	1425685489
18	17	448	1425685493
21	1	209	1425685498
6	9	410	1425685504
1	35	624	1425685509
40	30	860	1425685514
-2	-2	0	1425685519
16	30	347	1425685524
1	15	642	1425685529
17	29	0	1425685539
29	1	401	1425685544
4	8	41	1425685552
6	28	647	1425685557
15	31	462	1425685562
31	39	0	1425685569
11	25	467	1425685573
44	29	358	1425685582
25	21	670	1425685586
40	39	946	1425685591
20	6	444	1425685596
3	43	192	1425685601
0	27	603	1425685606
3	25	299	1425685611
23	40	669	1425685616
34	17	366	1425685621
47	0	794	1425685626
20	31	591	1425685630
42	32	607	1425685635
5	43	403	1425685639
40	24	196	1425685644
47	1	728	1425685648
30	33	406	1425685653
26	20	365	1425685658
18	37	622	1425685662
34	26	630	1425685666
6	29	804	1425685671
43	11	993	1425685677
7	36	721	1425685683
32	38	599	1425685688
20	14	395	1425685693
6	41	649	1425685698
38	30	732	1425685703
11	27	976	1425685708
47	42	734	1425685712
2	26	817	1425685717
0	13	363	1425685722
36	5	304	1425685727
30	12	568	1425685732
-3	-3	0	1425685736
39	5	812	1425685741
11	1	788	1425685746
25	14	442	1425685751
22	15	230	1425685756
2	18	587	1425685761
37	27	886	1425685765
15	21	676	1425685770
21	9	275	1425685774
14	21	663	1425685779
25	27	649	1425685784
5	29	971	1425685788
18	20	221	1425685793
26	18	374	1425685798
39	8	376	1425685803
24	37	933	1425685809
13	14	573	1425685813
13	28	244	1425685819
35	11	730	1425685823
1H4P8t949