151	L	0.0.0.0	1425686702
-2	-1	979	1425686810
-4	-3	154	1425686822
-5	-6	642	1425686828
-7	-7	0	1425686836
-9	-8	426	1425686844
-11	-10	318	1425686857
6	12	861	1425686880
33	46	350	1425686888
32	17	695	1425686894
-1	-1	0	1425686900
14	36	938	1425686906
22	3	825	1425686913
44	28	896	1425686919
41	12	999	1425686927
3	39	956	1425686932
12	1	986	1425686937
47	17	485	1425686947
10	0	657	1425686955
45	25	676	1425686960
16	3	774	1425686965
37	0	853	1425686972
21	24	1000	1425686977
22	19	184	1425686984
15	22	294	1425686990
16	26	971	1425686996
45	2	870	1425687002
33	42	917	1425687008
36	25	998	1425687013
28	16	305	1425687020
36	37	1000	1425687029
6	24	1000	1425687034
12	42	999	1425687039
5	15	1000	1425687046
33	31	976	1425687051
2	15	961	1425687056
7	15	1000	1425687061
26	0	244	1425687076
41	46	32	1425687081
32	19	238	1425687086
22	2	373	1425687092
16	1	120	1425687097
22	42	963	1425687104
2	36	965	1425687109
47	26	335	1425687119
6	44	809	1425687124
26	38	1000	1425687129
6	37	899	1425687134
9	42	939	1425687139
9	28	938	1425687144
22	35	234	1425687150
1	43	981	1425687155
15	30	20	1425687161
28	24	981	1425687165
10	6	974	1425687170
15	17	287	1425687176
11	37	105	1425687181
28	37	283	1425687187
20	39	962	1425687191
16	5	1000	1425687196
26	1	556	1425687203
20	4	340	1425687210
4	36	978	1425687214
34	20	985	1425687218
25	42	876	1425687232
12	28	1000	1425687236
13	16	646	1425687242
27	15	997	1425687248
39	9	864	1425687253
16	22	771	1425687257
26	40	685	1425687266
13	14	937	1425687270
4	46	644	1425687276
19	16	408	1425687281
16	0	995	1425687285
30	12	367	1425687290
36	35	979	1425687294
17	16	108	1425687299
28	33	286	1425687303
33	12	969	1425687308
42	15	958	1425687312
34	47	945	1425687318
16	38	999	1425687323
21	44	832	1425687329
16	14	950	1425687333
43	18	947	1425687339
14	17	876	1425687343
-2	-2	5	1425687347
21	1	235	1425687352
23	13	80	1425687357
41	10	567	1425687363
14	32	764	1425687368
27	7	1000	1425687372
0	4	660	1425687377
34	17	359	1425687382
39	26	591	1425687387
34	32	844	1425687392
31	44	733	1425687397
22	47	714	1425687401
0	1	392	1425687405
35	10	536	1425687411
6	18	528	1425687420
6	3	631	1425687424
16	45	981	1425687428
4	42	987	1425687432
17	41	715	1425687437
47	1	298	1425687444
20	45	1	1425687449
41	40	989	1425687455
1	31	7	1425687460
43	37	999	1425687465
2	23	883	1425687469
28	10	946	1425687474
44	30	943	1425687478
7	23	988	1425687482
45	7	991	1425687486
39	46	596	1425687491
-3	-3	2	1425687495
31	13	286	1425687500
41	0	584	1425687505
30	37	854	1425687509
34	8	880	1425687553
26	31	918	1425687557
8	44	778	1425687562
36	33	968	1425687566
35	14	929	1425687570
16	32	957	1425687575
27	43	944	1425687579
24	40	905	1425687583
18	26	397	1425687588
39	19	602	1425687594
15	28	795	1425687600
8	10	125	1425687605
26	6	709	1425687610
13	7	999	1425687614
32	12	42	1425687618
16	10	765	1425687622
4	44	348	1425687629
45	17	535	1425687634
16	18	810	1425687638
41	28	51	1425687642
13	36	998	1425687646
21	19	673	1425687653
39	36	981	1425687657
10	39	604	1425687662
30	27	857	1425687666
17	31	36	1425687671
39	15	373	1425687676
1	13	259	1425687683
2	46	461	1425687688
43	32	552	1425687693
4F3P9z132