151	L	0.0.0.0	1425592855
-2	-1	858	1425593048
-4	-3	446	1425593062
-6	-5	468	1425593082
-7	-7	0	1425593093
-8	-9	861	1425593106
-11	-10	161	1425593123
20	8	907	1425593136
18	10	774	1425593145
1	7	992	1425593152
42	40	370	1425593164
3	39	874	1425593172
10	26	561	1425593185
1	41	329	1425593193
2	28	888	1425593201
12	34	975	1425593209
18	21	400	1425593221
21	36	887	1425593228
33	1	397	1425593237
34	20	915	1425593245
18	3	230	1425593256
19	22	606	1425593264
22	12	388	1425593273
-1	-1	0	1425593280
43	13	725	1425593287
31	46	107	1425593294
9	24	666	1425593306
16	41	340	1425593313
31	6	569	1425593321
11	12	982	1425593329
30	22	425	1425593337
37	23	540	1425593346
6	30	693	1425593354
27	22	637	1425593366
17	30	284	1425593376
8	40	695	1425593391
23	45	119	1425593398
26	0	89	1425593407
36	16	942	1425593422
6	2	198	1425593430
46	42	676	1425593438
0	31	633	1425593446
38	29	879	1425593452
29	3	607	1425593456
17	11	416	1425593463
35	1	583	1425593470
25	34	562	1425593476
37	46	429	1425593480
41	7	963	1425593486
44	42	706	1425593493
10	16	345	1425593499
16	7	939	1425593504
23	25	325	1425593517
16	14	937	1425593525
47	43	602	1425593532
33	46	134	1425593538
29	8	85	1425593543
35	44	601	1425593549
37	34	367	1425593553
43	10	891	1425593558
9	8	419	1425593564
38	10	936	1425593569
19	30	149	1425593577
40	23	858	1425593586
36	43	59	1425593590
27	26	732	1425593595
37	12	886	1425593601
39	35	699	1425593608
42	9	926	1425593617
18	30	283	1425593624
38	27	920	1425593632
5	33	920	1425593639
19	47	120	1425593645
43	8	826	1425593651
34	39	419	1425593659
42	20	713	1425593666
6	38	880	1425593671
27	43	322	1425593676
2	14	68	1425593681
37	32	932	1425593689
8	16	553	1425593701
-2	-2	7	1425593711
9	26	740	1425593717
10	24	650	1425593725
10	28	167	1425593737
15	43	445	1425593745
4	12	453	1425593751
33	6	168	1425593756
19	44	611	1425593761
6	17	601	1425593766
12	17	875	1425593773
25	45	575	1425593780
14	25	320	1425593790
41	35	770	1425593795
11	34	5	1425593800
36	42	355	1425593804
4	44	592	1425593811
32	34	871	1425593816
23	31	322	1425593822
37	7	968	1425593829
20	29	668	1425593837
39	4	189	1425593841
19	45	556	1425593847
21	12	776	1425593853
14	45	605	1425593857
4	25	374	1425593863
29	36	823	1425593867
24	13	707	1425593872
6	22	727	1425593880
-3	-3	0	1425593885
18	24	709	1425593890
39	41	327	1425593897
30	41	712	1425593902
0	42	770	1425593907
42	39	868	1425593912
9	23	633	1425593917
30	0	416	1425593922
9	47	581	1425593926
9	16	572	1425593931
22	18	569	1425593936
19	1	334	1425593941
43	45	836	1425593949
40	2	702	1425593954
33	14	609	1425593958
25	35	363	1425593965
7	38	155	1425593970
7	45	845	1425593974
22	29	790	1425593980
30	2	767	1425593985
4	43	657	1425593991
24	23	883	1425593995
21	40	810	1425594000
13	32	253	1425594006
22	3	596	1425594011
21	20	441	1425594016
32	36	840	1425594021
28	45	583	1425594025
46	25	393	1425594032
36	27	247	1425594039
5	40	99	1425594045
8	37	695	1425594049
17	34	560	1425594053
4	11	611	1425594061
26	30	339	1425594066
25	41	582	1425594070
32	25	369	1425594075
34	0	679	1425594080
3	24	306	1425594085
28	42	596	1425594090
31	28	162	1425594095
34	19	567	1425594100
1E7P7x628