151	L	0.0.0.0	1425596371
-2	-1	936	1425596507
-4	-3	97	1425596533
-5	-6	211	1425596546
-7	-7	0	1425596559
-9	-8	433	1425596569
-11	-10	69	1425596578
34	23	822	1425596585
18	5	618	1425596592
1	44	998	1425596599
18	11	597	1425596611
23	14	919	1425596622
23	43	1000	1425596634
40	4	885	1425596664
38	3	998	1425596674
33	6	182	1425596681
-1	-1	0	1425596687
13	18	656	1425596700
16	28	856	1425596707
13	7	998	1425596713
6	27	225	1425596719
41	45	1000	1425596727
22	43	121	1425596733
47	32	411	1425596739
15	46	772	1425596747
33	35	1000	1425596755
3	13	686	1425596762
1	21	93	1425596771
8	25	343	1425596776
34	33	453	1425596786
9	35	325	1425596792
12	28	1000	1425596801
21	10	0	1425596808
27	41	392	1425596813
43	32	204	1425596818
6	44	994	1425596824
27	28	371	1425596830
15	1	842	1425596838
36	12	1000	1425596847
20	0	405	1425596853
33	15	791	1425596860
25	7	998	1425596867
0	39	75	1425596872
34	20	831	1425596877
14	9	567	1425596883
22	16	915	1425596888
7	6	1000	1425596897
38	47	1000	1425596918
17	5	287	1425596930
15	9	56	1425596936
37	47	334	1425596942
6	28	69	1425596947
29	37	95	1425596952
11	2	841	1425596969
39	17	221	1425596975
39	32	undefined	1425596982
18	28	71	1425596992
38	30	1000	1425596999
36	7	1000	1425597009
34	32	931	1425597018
45	3	568	1425597023
22	41	774	1425597028
0	13	285	1425597034
-2	-2	0	1425597043
14	44	386	1425597048
14	31	576	1425597054
4	41	866	1425597059
33	43	804	1425597066
2	37	788	1425597071
32	40	885	1425597077
15	26	558	1425597088
37	17	90	1425597094
6	42	163	1425597099
26	24	286	1425597104
10	47	73	1425597112
20	15	0	1425597121
22	47	232	1425597130
38	16	998	1425597137
36	20	882	1425597145
28	23	347	1425597149
30	0	381	1425597155
5	39	998	1425597161
25	42	533	1425597168
5	12	445	1425597175
21	8	222	1425597181
29	42	580	1425597188
11	28	451	1425597193
28	40	777	1425597200
20	22	0	1425597207
28	37	90	1425597212
6	36	390	1425597217
23	46	0	1425597227
15	27	935	1425597233
17	33	586	1425597238
29	7	998	1425597245
31	18	126	1425597255
46	32	562	1425597261
29	24	727	1425597267
27	12	932	1425597272
12	23	537	1425597277
3	25	420	1425597282
26	33	249	1425597289
39	34	146	1425597295
43	20	341	1425597300
9	3	525	1425597308
32	14	162	1425597314
31	19	71	1425597320
42	16	463	1425597328
22	23	436	1425597334
35	22	0	1425597345
41	28	58	1425597349
20	37	441	1425597355
18	39	36	1425597362
13	1	476	1425597371
9	45	0	1425597378
30	36	945	1425597384
13	22	174	1425597390
44	38	998	1425597396
21	20	428	1425597403
30	11	601	1425597409
2	39	532	1425597414
15	0	404	1425597419
37	44	465	1425597424
6	11	517	1425597429
36	37	574	1425597435
12	16	1000	1425597442
35	39	446	1425597447
39	3	469	1425597452
33	11	346	1425597457
21	26	399	1425597463
47	2	74	1425597468
47	12	170	1425597473
16	6	410	1425597477
12	24	154	1425597483
1	22	635	1425597488
31	41	541	1425597494
31	29	76	1425597499
41	5	965	1425597506
34	15	732	1425597511
45	21	527	1425597516
35	19	57	1425597521
7	31	1000	1425597529
-3	-3	0	1425597535
23	0	118	1425597544
41	18	522	1425597549
24	39	581	1425597554
5	7	102	1425597561
22	37	618	1425597568
4	9	37	1425597589
1	35	361	1425597594
33	21	441	1425597601
1F6L9v874