151	R	0.0.0.0	1425685059
-1	-2	1000	1425685213
-3	-4	89	1425685225
-6	-5	312	1425685240
-7	-7	0	1425685248
-9	-8	449	1425685259
-10	-11	56	1425685267
7	26	1000	1425685276
7	25	999	1425685283
36	44	1000	1425685291
18	46	223	1425685298
31	27	441	1425685307
41	33	208	1425685312
39	5	1000	1425685320
24	45	452	1425685328
14	26	172	1425685334
25	44	1000	1425685341
35	2	434	1425685356
14	9	998	1425685362
30	14	888	1425685371
37	41	416	1425685396
4	32	428	1425685404
24	37	1000	1425685412
36	18	436	1425685419
47	23	38	1425685428
13	31	76	1425685437
46	7	1000	1425685452
44	2	1000	1425685461
19	36	975	1425685469
32	40	925	1425685476
3	31	876	1425685482
46	35	338	1425685490
22	25	959	1425685499
37	43	375	1425685507
46	5	1000	1425685513
31	34	431	1425685522
0	25	75	1425685530
10	5	1000	1425685535
9	25	1000	1425685541
30	37	1000	1425685548
18	29	378	1425685554
41	8	854	1425685567
30	43	949	1425685573
13	25	1000	1425685579
36	46	298	1425685585
37	21	807	1425685597
8	15	333	1425685606
14	23	1000	1425685612
15	44	1000	1425685618
-1	-1	0	1425685624
30	38	1000	1425685630
36	25	301	1425685647
8	30	230	1425685656
29	42	984	1425685665
17	9	1000	1425685672
11	20	0	1425685682
40	4	1000	1425685688
40	20	932	1425685708
12	41	1000	1425685713
12	40	1000	1425685719
11	1	1000	1425685729
46	32	1000	1425685734
17	27	1000	1425685742
3	20	717	1425685747
7	33	1000	1425685752
39	23	777	1425685757
21	44	975	1425685762
24	7	1000	1425685768
42	3	367	1425685775
36	31	801	1425685781
21	26	799	1425685786
1	21	138	1425685791
11	44	345	1425685797
-2	-2	184	1425685802
44	3	661	1425685839
22	46	829	1425685844
40	35	825	1425685850
8	10	210	1425685855
20	32	115	1425685861
0	11	328	1425685867
15	12	574	1425685873
23	0	637	1425685880
44	47	988	1425685886
0	1	143	1425685892
14	3	128	1425685897
35	3	808	1425685902
10	41	655	1425685924
45	40	981	1425685930
47	27	325	1425685936
14	15	959	1425685941
14	6	198	1425685946
29	34	445	1425685951
33	4	434	1425685956
44	16	967	1425685962
16	45	1000	1425685968
5	6	401	1425685974
5	23	976	1425685979
22	23	938	1425685985
8	34	886	1425685990
36	4	720	1425685997
25	15	744	1425686003
24	38	1000	1425686008
9	11	163	1425686014
13	3	767	1425686024
20	9	722	1425686038
10	27	328	1425686043
22	10	358	1425686048
42	7	1000	1425686053
18	23	244	1425686066
13	10	331	1425686071
31	35	230	1425686076
21	9	1000	1425686085
24	5	986	1425686096
36	0	409	1425686112
39	8	307	1425686117
45	17	299	1425686122
45	32	310	1425686127
6	24	363	1425686150
35	36	355	1425686156
29	0	427	1425686161
-3	-3	0	1425686177
46	4	270	1425686182
23	32	905	1425686192
4	0	704	1425686196
18	40	330	1425686210
26	13	882	1425686215
34	18	686	1425686220
10	47	669	1425686224
23	28	666	1425686229
21	8	662	1425686234
46	21	647	1425686240
28	3	653	1425686244
0	44	1000	1425686250
10	25	406	1425686255
47	39	419	1425686259
25	2	432	1425686264
37	0	428	1425686269
2	3	394	1425686279
22	2	446	1425686284
18	47	419	1425686289
42	17	466	1425686294
9	22	454	1425686299
45	15	449	1425686304
45	4	987	1425686309
23	8	394	1425686352
38	16	1000	1425686358
14	31	713	1425686363
23	10	782	1425686368
45	12	403	1425686373
19	27	394	1425686378
36	33	588	1425686401
3H3R7v371