151	R	0.0.0.0	1425684840
-1	-2	349	1425684930
-4	-3	319	1425684939
-5	-6	338	1425684945
-7	-7	77	1425684950
-8	-9	235	1425684957
-10	-11	263	1425684965
41	29	67	1425684970
32	20	423	1425684980
0	43	98	1425684987
31	20	33	1425684992
15	38	435	1425684998
11	36	237	1425685006
9	3	329	1425685034
30	17	190	1425685039
35	26	287	1425685048
13	15	149	1425685053
15	46	188	1425685060
39	9	257	1425685065
21	40	309	1425685096
13	26	380	1425685106
-1	-1	56	1425685113
5	16	412	1425685120
3	14	41	1425685125
35	27	421	1425685132
45	24	527	1425685146
41	0	16	1425685152
34	47	241	1425685158
20	25	522	1425685166
38	5	426	1425685172
4	32	43	1425685178
41	16	118	1425685184
16	46	198	1425685189
33	32	550	1425685197
0	6	317	1425685203
39	30	193	1425685209
11	3	522	1425685218
14	28	356	1425685227
36	30	584	1425685238
18	40	640	1425685246
1	27	432	1425685254
8	6	357	1425685261
16	7	531	1425685272
45	1	376	1425685278
21	10	107	1425685283
18	5	546	1425685293
28	10	258	1425685299
22	42	766	1425685307
47	22	389	1425685313
14	43	154	1425685318
12	15	678	1425685325
36	45	404	1425685339
46	27	426	1425685345
3	33	380	1425685353
25	27	370	1425685360
30	34	285	1425685366
27	42	411	1425685371
7	45	589	1425685380
9	41	390	1425685389
25	9	406	1425685400
41	40	489	1425685407
21	18	136	1425685416
11	34	182	1425685422
8	21	155	1425685428
29	35	297	1425685435
43	34	297	1425685440
33	44	332	1425685448
39	42	387	1425685456
-2	-2	0	1425685463
11	14	207	1425685469
21	47	328	1425685477
3	1	360	1425685483
46	18	250	1425685488
46	13	515	1425685501
27	11	471	1425685507
34	25	329	1425685513
30	41	515	1425685526
16	2	518	1425685537
37	42	471	1425685545
45	31	312	1425685558
7	46	476	1425685564
34	4	531	1425685573
23	18	485	1425685587
25	24	368	1425685594
1	42	369	1425685601
29	44	525	1425685613
16	39	435	1425685622
27	3	468	1425685632
43	29	523	1425685651
10	44	531	1425685660
3	22	276	1425685666
40	42	352	1425685671
32	44	335	1425685694
26	20	391	1425685701
8	19	457	1425685707
14	2	453	1425685712
30	44	522	1425685722
9	30	440	1425685733
24	20	529	1425685740
34	31	257	1425685747
15	32	570	1425685759
24	40	230	1425685764
43	9	379	1425685773
38	10	447	1425685778
31	14	298	1425685783
22	13	276	1425685788
12	43	575	1425685794
43	23	207	1425685801
6	18	311	1425685807
1	41	387	1425685812
27	28	446	1425685818
31	5	423	1425685823
45	33	482	1425685846
7	24	452	1425685851
-3	-3	114	1425685856
34	29	309	1425685864
21	25	489	1425685873
11	1	324	1425685880
8	7	491	1425685887
16	27	455	1425685892
47	32	522	1425685898
32	25	414	1425685905
26	43	270	1425685911
12	0	538	1425685916
36	32	200	1425685922
44	28	181	1425685928
43	21	293	1425685933
25	22	530	1425685947
23	15	330	1425685956
20	16	395	1425685964
13	37	517	1425685974
31	9	375	1425685982
45	20	212	1425685989
8	46	522	1425686001
41	8	378	1425686008
25	29	483	1425686016
26	6	350	1425686021
17	2	298	1425686027
28	16	395	1425686032
28	36	572	1425686038
45	38	490	1425686047
37	17	148	1425686053
13	31	319	1425686065
16	4	307	1425686072
45	27	348	1425686078
26	47	410	1425686084
0	4	256	1425686089
37	40	239	1425686096
2	19	569	1425686102
16	47	382	1425686121
1	19	391	1425686127
3F4L6y578