151	R	0.0.0.0	1425684900
-2	-1	963	1425685036
-3	-4	162	1425685056
-5	-6	943	1425685073
-7	-7	0	1425685082
-8	-9	699	1425685103
-10	-11	162	1425685120
10	44	233	1425685137
9	25	556	1425685153
1	5	1000	1425685162
18	7	1000	1425685168
27	35	971	1425685176
29	7	1000	1425685182
32	40	980	1425685189
36	9	979	1425685198
36	42	48	1425685210
34	37	55	1425685226
36	19	967	1425685233
21	40	1000	1425685239
39	1	10	1425685250
32	19	166	1425685261
44	7	1000	1425685267
31	5	1000	1425685273
24	19	926	1425685281
46	18	726	1425685295
46	32	614	1425685302
36	11	966	1425685312
28	39	14	1425685325
12	5	875	1425685340
25	7	1000	1425685347
14	7	1000	1425685353
38	5	459	1425685367
45	44	285	1425685375
6	47	485	1425685394
-1	-1	1	1425685403
37	44	552	1425685410
19	28	380	1425685421
39	45	581	1425685438
41	25	787	1425685447
13	11	581	1425685457
23	16	606	1425685466
18	9	465	1425685477
24	1	1000	1425685483
21	36	1000	1425685489
36	35	480	1425685502
17	2	986	1425685509
6	46	989	1425685515
45	14	891	1425685521
26	5	1000	1425685526
16	4	693	1425685534
24	6	796	1425685541
8	25	672	1425685549
9	3	585	1425685558
46	16	323	1425685567
33	1	375	1425685574
40	46	1000	1425685579
14	32	937	1425685587
34	43	960	1425685592
14	30	759	1425685602
2	46	992	1425685607
17	1	534	1425685618
25	22	492	1425685627
1	46	50	1425685637
43	22	939	1425685650
2	22	990	1425685655
24	46	1000	1425685661
24	20	920	1425685669
5	21	1000	1425685675
2	28	1000	1425685681
42	33	1000	1425685686
18	31	943	1425685695
22	47	951	1425685702
34	35	985	1425685709
27	20	1000	1425685714
24	3	162	1425685726
-2	-2	1	1425685733
40	38	343	1425685750
7	5	933	1425685758
8	2	979	1425685765
35	8	948	1425685772
29	8	332	1425685780
27	39	1000	1425685785
4	26	786	1425685792
31	23	70	1425685807
12	11	987	1425685813
44	18	814	1425685851
40	4	1000	1425685907
17	39	191	1425685913
0	23	840	1425685919
7	1	1000	1425685926
45	19	200	1425685933
23	30	190	1425685938
8	1	425	1425685946
35	40	927	1425685951
47	33	775	1425685958
24	18	227	1425685966
38	21	1000	1425685971
21	10	21	1425685979
7	22	1000	1425685985
15	47	880	1425685993
22	39	367	1425685999
28	4	473	1425686005
4	37	839	1425686012
12	16	897	1425686017
46	42	912	1425686023
25	34	866	1425686029
46	5	1000	1425686034
7	13	1000	1425686039
42	20	981	1425686045
12	47	926	1425686052
7	8	1000	1425686057
17	37	457	1425686066
22	1	424	1425686073
-3	-3	0	1425686079
19	34	755	1425686087
22	18	442	1425686092
43	20	760	1425686097
15	4	222	1425686102
0	29	331	1425686107
38	27	1000	1425686112
5	33	1000	1425686121
3	45	914	1425686127
43	40	211	1425686136
25	44	782	1425686142
47	18	169	1425686148
22	29	708	1425686155
38	13	1000	1425686159
42	45	1000	1425686164
12	41	952	1425686171
19	0	393	1425686176
36	16	1000	1425686180
25	10	708	1425686190
42	18	893	1425686195
37	39	438	1425686203
23	28	94	1425686209
12	28	980	1425686214
25	19	171	1425686220
3	0	41	1425686227
16	3	964	1425686232
28	30	257	1425686236
28	22	483	1425686241
17	5	1000	1425686246
28	36	1000	1425686253
18	29	543	1425686259
18	45	839	1425686264
27	10	1000	1425686269
23	22	431	1425686274
28	43	948	1425686279
8	23	170	1425686285
38	8	1000	1425686290
34	29	468	1425686294
2E3L6z734