151	R	0.0.0.0	1425592812
-1	-2	855	1425592907
-4	-3	376	1425592922
-6	-5	635	1425592933
-7	-7	0	1425592940
-8	-9	859	1425592951
-10	-11	169	1425592964
22	28	838	1425592973
27	4	991	1425592980
11	5	925	1425593006
2	27	692	1425593021
42	16	828	1425593029
35	17	888	1425593038
14	11	799	1425593055
7	25	undefined	1425593063
32	29	810	1425593071
38	36	998	1425593080
18	3	817	1425593094
13	42	808	1425593100
7	44	undefined	1425593108
3	40	994	1425593116
6	25	963	1425593123
19	31	933	1425593130
-1	-1	0	1425593137
30	36	966	1425593146
40	2	964	1425593152
24	31	994	1425593160
23	15	891	1425593168
16	18	925	1425593173
47	18	978	1425593182
8	18	913	1425593192
1	28	802	1425593200
35	12	955	1425593210
38	12	undefined	1425593217
30	45	837	1425593235
22	20	767	1425593241
4	15	725	1425593249
21	37	769	1425593257
38	10	undefined	1425593263
11	36	undefined	1425593269
35	18	962	1425593278
44	11	822	1425593285
15	39	881	1425593291
32	22	625	1425593301
46	28	560	1425593316
40	15	991	1425593321
10	23	233	1425593332
21	18	972	1425593338
9	30	440	1425593344
15	18	633	1425593350
26	47	undefined	1425593355
42	25	891	1425593374
6	10	918	1425593387
26	15	857	1425593396
32	4	837	1425593409
4	25	843	1425593432
28	42	928	1425593438
42	24	856	1425593445
43	15	844	1425593467
10	43	991	1425593473
26	24	996	1425593478
38	31	undefined	1425593486
5	26	undefined	1425593491
47	12	undefined	1425593497
45	7	undefined	1425593502
0	6	908	1425593509
41	5	undefined	1425593516
39	45	970	1425593522
22	8	986	1425593529
2	41	976	1425593545
43	28	984	1425593550
0	28	897	1425593571
38	24	undefined	1425593577
4	28	589	1425593584
9	20	417	1425593591
20	26	888	1425593598
24	0	989	1425593608
34	29	777	1425593613
21	15	907	1425593618
31	44	453	1425593624
-2	-2	0	1425593631
43	27	undefined	1425593637
6	31	957	1425593643
8	6	998	1425593651
8	12	undefined	1425593657
30	12	902	1425593841
4	46	370	1425593876
38	37	undefined	1425593881
25	3	603	1425593902
5	39	942	1425593943
1	22	967	1425593949
3	23	927	1425593954
32	27	undefined	1425593960
42	33	983	1425593966
33	4	732	1425593973
27	47	899	1425594003
25	37	906	1425594008
31	29	391	1425594020
36	6	920	1425594025
13	45	697	1425594031
30	15	698	1425594042
37	19	909	1425594049
28	9	880	1425594055
8	20	799	1425594062
12	3	954	1425594067
2	18	835	1425594075
46	21	801	1425594081
47	7	undefined	1425594088
11	34	0	1425594103
34	14	961	1425594110
44	26	921	1425594115
2	45	undefined	1425594120
1	41	653	1425594128
6	3	905	1425594133
42	46	918	1425594139
34	9	838	1425594145
25	10	797	1425594150
37	35	undefined	1425594156
4	12	991	1425594162
0	2	undefined	1425594168
42	6	933	1425594175
38	47	undefined	1425594193
5	28	undefined	1425594198
9	25	797	1425594203
2	8	947	1425594207
13	15	831	1425594212
-3	-3	0	1425594216
38	33	undefined	1425594221
22	19	955	1425594226
15	1	912	1425594231
46	11	852	1425594236
12	39	967	1425594240
21	29	251	1425594245
8	14	679	1425594250
4	26	834	1425594257
31	27	undefined	1425594262
7	31	undefined	1425594266
17	33	846	1425594271
41	45	918	1425594276
6	26	981	1425594281
30	16	849	1425594316
38	42	988	1425594322
11	47	968	1425594328
16	6	934	1425594341
24	2	936	1425594347
31	42	916	1425594414
16	2	955	1425594419
7	14	undefined	1425594423
30	18	221	1425594428
45	16	868	1425594433
11	24	903	1425594438
2H6N6v651