151	L	0.0.0.0	1425592732
-1	-2	910	1425592810
-4	-3	421	1425592818
-6	-5	279	1425592825
-7	-7	0	1425592833
-9	-8	750	1425592838
-10	-11	139	1425592848
17	19	539	1425592858
40	24	402	1425592864
2	29	668	1425592869
22	47	529	1425592874
34	21	409	1425592879
42	38	362	1425592885
6	29	587	1425592890
43	46	597	1425592907
2	41	621	1425592912
30	35	462	1425592916
6	43	567	1425592922
18	30	377	1425592927
8	7	757	1425592932
42	32	536	1425592954
17	9	391	1425592958
32	36	410	1425592962
45	33	566	1425592968
19	43	494	1425592972
9	4	509	1425592978
29	47	526	1425592982
13	15	95	1425592988
15	4	72	1425593000
16	7	860	1425593007
27	25	336	1425593011
37	14	596	1425593016
1	13	511	1425593021
6	3	349	1425593026
14	7	709	1425593032
32	12	142	1425593037
15	21	473	1425593059
21	5	674	1425593101
2	35	133	1425593105
32	25	673	1425593111
40	41	695	1425593115
22	8	521	1425593120
4	40	654	1425593125
13	5	598	1425593130
46	35	510	1425593139
27	7	740	1425593145
-1	-1	0	1425593154
18	42	526	1425593159
40	32	605	1425593164
24	26	483	1425593168
31	11	264	1425593174
43	0	449	1425593178
3	9	473	1425593186
23	27	553	1425593196
14	13	326	1425593201
28	21	112	1425593205
19	42	473	1425593209
40	5	185	1425593214
7	17	744	1425593218
19	8	398	1425593222
9	26	201	1425593227
42	12	509	1425593233
11	32	486	1425593238
32	16	513	1425593242
25	30	191	1425593248
4	0	101	1425593252
29	23	233	1425593265
14	25	218	1425593270
18	24	480	1425593274
2	14	254	1425593278
12	15	214	1425593282
4	33	175	1425593287
12	35	476	1425593291
36	43	246	1425593296
8	14	440	1425593301
25	13	406	1425593316
34	23	463	1425593320
3	16	504	1425593325
33	27	705	1425593332
19	31	393	1425593336
28	40	585	1425593340
39	10	308	1425593345
4	32	492	1425593350
23	22	270	1425593418
32	19	490	1425593423
6	31	560	1425593427
46	27	634	1425593431
33	14	432	1425593436
11	15	531	1425593440
15	30	325	1425593445
9	14	508	1425593449
33	7	665	1425593475
42	36	210	1425593479
29	40	728	1425593485
10	8	190	1425593489
-2	-2	29	1425593496
40	27	348	1425593500
31	8	76	1425593509
27	22	770	1425593514
12	18	626	1425593518
31	33	560	1425593524
23	39	292	1425593529
26	22	407	1425593534
23	43	620	1425593538
39	43	580	1425593543
11	16	123	1425593550
36	41	654	1425593554
22	43	522	1425593574
11	42	621	1425593578
34	40	681	1425593582
-3	-3	1	1425593587
7	24	550	1425593592
29	5	699	1425593599
3	0	396	1425593604
11	3	596	1425593609
35	20	403	1425593640
19	36	635	1425593649
38	21	818	1425593656
14	4	547	1425593661
30	21	537	1425593666
1	25	551	1425593670
4	2	540	1425593676
36	47	585	1425593681
31	10	394	1425593686
32	22	136	1425593693
1	39	478	1425593697
43	37	714	1425593704
15	41	451	1425593708
39	8	424	1425593722
0	2	479	1425593727
45	35	522	1425593731
38	27	515	1425593735
28	26	294	1425593739
20	4	417	1425593744
35	9	362	1425593749
10	43	495	1425593754
8	37	394	1425593759
46	39	457	1425593767
7	18	669	1425593771
16	0	350	1425593775
3	23	413	1425593780
20	33	496	1425593784
26	41	474	1425593789
30	45	482	1425593793
19	20	18	1425593799
45	6	646	1425593804
40	35	493	1425593809
33	16	418	1425593820
23	40	531	1425593825
6	10	477	1425593829
44	5	639	1425593834
5D3N6z381