151	L	0.0.0.0	1425684876
-1	-2	797	1425685014
-4	-3	182	1425685023
-5	-6	389	1425685034
-7	-7	0	1425685046
-9	-8	322	1425685052
-10	-11	269	1425685062
19	17	494	1425685070
24	40	353	1425685081
29	2	793	1425685088
22	47	755	1425685097
34	21	543	1425685107
38	42	860	1425685113
6	29	703	1425685121
46	43	752	1425685128
41	2	846	1425685142
35	30	669	1425685151
43	6	634	1425685156
18	30	237	1425685163
8	7	1000	1425685172
42	32	677	1425685184
17	9	420	1425685200
36	32	617	1425685208
45	33	555	1425685216
43	19	665	1425685223
4	9	536	1425685229
47	29	659	1425685235
13	15	188	1425685241
15	4	422	1425685246
16	7	1000	1425685252
25	27	828	1425685256
14	37	755	1425685262
13	1	612	1425685271
6	3	614	1425685276
7	14	855	1425685281
12	32	234	1425685287
15	21	664	1425685299
21	5	866	1425685309
35	2	278	1425685316
32	25	614	1425685321
41	40	739	1425685325
8	22	603	1425685330
4	40	662	1425685335
13	5	701	1425685342
35	46	596	1425685347
27	7	1000	1425685352
-1	-1	0	1425685359
42	18	570	1425685365
32	40	709	1425685370
26	24	652	1425685375
11	31	323	1425685380
0	43	461	1425685385
3	9	543	1425685390
23	27	832	1425685395
14	13	674	1425685400
28	21	310	1425685406
42	19	560	1425685411
5	40	578	1425685417
7	17	944	1425685422
19	8	572	1425685429
9	26	633	1425685434
12	42	677	1425685440
32	11	675	1425685445
16	32	740	1425685470
25	30	562	1425685478
0	4	531	1425685483
23	29	634	1425685488
14	25	609	1425685494
24	18	555	1425685500
14	2	524	1425685505
12	15	486	1425685512
33	4	423	1425685519
12	35	441	1425685524
43	36	265	1425685530
8	14	446	1425685535
13	25	401	1425685541
34	23	471	1425685546
3	16	569	1425685553
27	33	622	1425685558
31	19	475	1425685563
28	40	701	1425685569
10	39	321	1425685574
4	32	439	1425685584
23	22	286	1425685590
19	32	448	1425685594
6	31	621	1425685600
46	27	674	1425685604
14	33	468	1425685609
11	15	530	1425685614
15	30	432	1425685620
14	9	530	1425685624
7	33	929	1425685630
42	36	449	1425685635
40	29	855	1425685641
8	10	396	1425685647
-2	-2	0	1425685656
27	40	547	1425685662
8	31	205	1425685668
27	22	709	1425685672
12	18	653	1425685677
31	33	110	1425685683
23	39	382	1425685691
22	26	339	1425685696
43	23	759	1425685703
39	43	639	1425685709
16	11	185	1425685717
41	36	569	1425685723
43	22	724	1425685727
42	11	647	1425685732
34	40	606	1425685737
-3	-3	0	1425685743
24	7	1000	1425685749
29	5	677	1425685765
0	3	258	1425685770
3	11	529	1425685775
20	35	170	1425685790
19	36	607	1425685796
21	38	897	1425685801
4	14	489	1425685807
21	30	484	1425685812
25	1	602	1425685817
4	2	578	1425685821
36	47	631	1425685827
31	10	264	1425685832
22	32	154	1425685841
39	1	393	1425685847
37	43	669	1425685852
15	41	555	1425685856
8	39	324	1425685861
0	2	442	1425685867
35	45	380	1425685872
27	38	814	1425685877
28	26	176	1425685881
20	4	317	1425685886
35	9	423	1425685891
43	10	686	1425685895
8	37	349	1425685900
46	39	155	1425685905
18	7	1000	1425685910
0	16	456	1425685916
3	23	628	1425685921
20	33	424	1425685926
41	26	432	1425685931
45	30	381	1425685936
20	19	209	1425685941
6	45	706	1425685948
40	35	536	1425685954
33	16	329	1425685959
40	23	776	1425685964
6	10	690	1425685969
5	44	771	1425685974
5D7L8y576