151	L	0.0.0.0	1425685057
-2	-1	875	1425685196
-3	-4	105	1425685218
-5	-6	873	1425685264
-7	-7	0	1425685276
-8	-9	239	1425685302
-11	-10	1	1425685336
1	34	790	1425685354
34	22	1000	1425685363
42	14	445	1425685438
20	30	26	1425685462
37	21	197	1425685502
42	19	1000	1425685510
32	10	1000	1425685519
43	44	1000	1425685548
7	37	1000	1425685554
16	22	1000	1425685562
42	8	1000	1425685570
33	21	39	1425685591
31	25	224	1425685627
11	38	1000	1425685633
35	16	1000	1425685643
38	37	1000	1425685650
21	44	857	1425685662
0	26	107	1425685675
-1	-1	0	1425685685
43	36	713	1425685701
28	29	192	1425685720
22	15	93	1425685736
32	15	219	1425685868
41	11	601	1425685878
31	18	96	1425685889
18	17	617	1425685901
5	27	773	1425685916
10	6	777	1425685929
12	28	1000	1425685937
42	26	64	1425685947
34	13	1000	1425685953
39	47	96	1425685968
31	22	920	1425686015
38	26	1000	1425686019
1	16	304	1425686033
16	39	193	1425686051
20	9	103	1425686062
3	21	176	1425686077
20	38	1000	1425686084
15	7	1000	1425686089
46	4	381	1425686098
18	6	199	1425686108
34	44	783	1425686116
36	21	917	1425686129
33	0	74	1425686144
24	4	261	1425686159
35	27	427	1425686169
11	21	553	1425686185
36	0	886	1425686194
11	42	1000	1425686204
15	36	1000	1425686211
36	34	1000	1425686217
38	8	1000	1425686223
40	23	1000	1425686229
31	42	437	1425686245
9	25	179	1425686255
9	17	58	1425686265
26	20	435	1425686277
9	22	133	1425686287
42	35	718	1425686294
38	21	1000	1425686300
22	5	829	1425686310
15	25	417	1425686321
2	42	195	1425686331
0	37	444	1425686343
32	17	314	1425686366
47	32	383	1425686380
47	44	333	1425686390
7	26	1000	1425686395
41	30	877	1425686403
39	31	82	1425686413
22	28	408	1425686422
3	1	334	1425686434
14	2	0	1425686446
19	18	444	1425686456
36	31	738	1425686465
38	19	1000	1425686470
22	20	45	1425686482
24	20	232	1425686493
9	19	34	1425686503
40	7	739	1425686511
12	9	196	1425686518
17	15	242	1425686526
11	44	295	1425686537
47	29	17	1425686545
42	7	1000	1425686551
28	37	196	1425686558
8	6	775	1425686574
38	24	1000	1425686579
4	37	617	1425686588
-2	-2	1	1425686594
39	26	167	1425686603
12	17	471	1425686661
28	27	258	1425686673
35	37	471	1425686684
17	34	187	1425686698
45	3	363	1425686712
46	11	580	1425686725
35	1	436	1425686737
21	6	210	1425686751
8	18	222	1425686762
0	12	695	1425686780
46	37	285	1425686792
-3	-3	0	1425686798
23	45	93	1425686807
28	4	533	1425686821
30	35	9	1425686834
20	28	458	1425686849
25	4	327	1425686865
34	19	750	1425686879
21	14	296	1425686890
11	40	1000	1425686897
6	26	0	1425686906
12	29	469	1425686923
38	39	1000	1425686928
43	27	311	1425686950
0	43	92	1425686959
28	11	403	1425686974
2	19	130	1425686989
2	45	190	1425686997
27	20	450	1425687010
29	3	201	1425687026
19	12	382	1425687042
6	15	933	1425687055
24	40	403	1425687067
25	24	394	1425687083
34	5	1000	1425687090
22	6	1000	1425687097
28	26	220	1425687109
9	3	217	1425687117
43	25	411	1425687128
2	39	167	1425687140
17	11	450	1425687154
24	28	553	1425687165
47	6	548	1425687184
16	33	730	1425687194
33	44	856	1425687204
27	33	439	1425687210
47	14	200	1425687219
25	0	0	1425687229
7	41	1000	1425687234
25	7	1000	1425687239
37	12	1000	1425687245
21	41	193	1425687254
4B7K5v189