151	L	0.0.0.0	1425684859
-2	-1	1000	1425684942
-4	-3	112	1425684949
-5	-6	943	1425684958
-7	-7	0	1425684962
-9	-8	210	1425684968
-11	-10	772	1425684981
12	17	1000	1425684987
23	22	330	1425684998
29	37	101	1425685004
29	10	62	1425685011
29	9	370	1425685017
13	47	975	1425685032
24	37	1000	1425685040
33	41	569	1425685053
16	33	291	1425685058
-1	-1	0	1425685063
26	33	1000	1425685070
22	40	1000	1425685075
13	33	235	1425685084
38	41	1000	1425685090
31	47	925	1425685095
23	33	82	1425685101
20	3	672	1425685107
35	12	1000	1425685112
1	7	1000	1425685118
42	36	78	1425685126
13	0	26	1425685131
23	4	58	1425685135
45	16	878	1425685141
43	44	1000	1425685147
33	22	1000	1425685152
3	6	127	1425685156
25	35	84	1425685162
6	46	978	1425685171
37	30	735	1425685176
35	30	158	1425685183
33	43	896	1425685193
37	23	309	1425685198
6	30	778	1425685203
46	14	948	1425685208
11	25	821	1425685216
24	46	1000	1425685229
13	29	528	1425685238
3	37	570	1425685245
24	16	1000	1425685250
31	7	1000	1425685256
15	41	863	1425685262
13	19	215	1425685267
27	23	1000	1425685276
16	34	37	1425685281
25	0	20	1425685285
26	32	49	1425685290
34	22	897	1425685299
27	2	381	1425685304
12	36	1000	1425685309
15	30	72	1425685314
47	36	1000	1425685318
4	8	18	1425685322
12	8	934	1425685327
24	12	704	1425685334
32	29	882	1425685341
10	23	16	1425685346
28	26	107	1425685351
15	16	855	1425685357
4	5	1000	1425685362
19	14	971	1425685367
34	18	452	1425685371
28	19	891	1425685378
41	12	1000	1425685384
0	42	768	1425685393
36	40	37	1425685399
27	44	1000	1425685404
2	23	1000	1425685410
31	27	1000	1425685414
41	18	455	1425685419
0	15	478	1425685427
10	12	971	1425685432
21	9	525	1425685441
30	21	836	1425685447
46	28	0	1425685454
6	33	184	1425685459
34	5	1000	1425685464
23	0	426	1425685469
6	28	735	1425685474
32	14	945	1425685480
38	17	1000	1425685485
-2	-2	0	1425685490
22	1	965	1425685496
33	7	1000	1425685520
24	34	997	1425685525
44	24	1000	1425685533
25	1	986	1425685539
15	26	154	1425685544
21	20	606	1425685560
41	43	1000	1425685568
1	21	76	1425685574
3	31	900	1425685579
35	37	895	1425685584
25	45	978	1425685588
25	13	237	1425685593
26	27	1000	1425685607
30	42	744	1425685613
2	9	937	1425685618
9	47	922	1425685631
9	11	459	1425685636
41	3	540	1425685640
14	36	89	1425685647
26	18	161	1425685653
10	36	1000	1425685658
17	9	102	1425685663
4	38	1000	1425685669
7	25	1000	1425685674
8	32	647	1425685680
15	2	928	1425685686
41	31	46	1425685690
0	7	1000	1425685695
37	22	952	1425685700
46	42	942	1425685707
13	34	553	1425685713
47	3	589	1425685768
19	7	1000	1425685773
45	37	587	1425685778
40	46	992	1425685783
6	10	849	1425685789
44	19	471	1425685794
23	30	482	1425685799
10	31	83	1425685805
47	18	211	1425685810
47	0	413	1425685819
27	18	554	1425685823
17	42	994	1425685828
47	1	941	1425685834
30	32	993	1425685840
-3	-3	0	1425685846
44	21	561	1425685853
26	16	820	1425685857
2	7	1000	1425685862
44	26	726	1425685866
33	18	406	1425685871
7	37	1000	1425685877
36	0	942	1425685905
23	25	928	1425685911
1	13	895	1425685917
2	5	1000	1425685921
21	4	315	1425685926
45	2	1000	1425685933
16	12	1000	1425685937
0	39	171	1425685944
4	41	214	1425685948
39	34	92	1425685953
3B7L9z996