151	L	0.0.0.0	1425592753
-1	-2	791	1425592873
-3	-4	154	1425592889
-6	-5	446	1425592895
-7	-7	0	1425592907
-9	-8	604	1425592939
-10	-11	758	1425592946
5	19	844	1425592955
15	27	1000	1425592962
31	13	342	1425592968
6	21	835	1425592973
4	9	327	1425592979
37	24	964	1425592991
7	13	1000	1425592998
3	46	739	1425593004
-1	-1	6	1425593012
9	41	653	1425593016
40	38	1000	1425593027
17	28	216	1425593034
45	4	185	1425593041
46	5	564	1425593047
1	9	472	1425593055
11	9	362	1425593060
35	22	564	1425593065
36	19	686	1425593072
45	25	551	1425593077
32	16	655	1425593082
19	2	428	1425593089
24	44	617	1425593096
39	36	799	1425593107
1	43	952	1425593111
4	30	319	1425593117
7	36	1000	1425593122
3	24	357	1425593127
11	37	415	1425593133
17	32	551	1425593138
9	10	302	1425593144
41	44	628	1425593149
37	5	901	1425593154
13	32	342	1425593160
16	15	602	1425593166
30	38	undefined	1425593174
22	6	681	1425593180
39	25	655	1425593187
30	42	851	1425593193
17	44	289	1425593199
5	34	954	1425593204
22	24	419	1425593209
44	2	704	1425593213
15	7	1000	1425593219
5	7	1000	1425593231
18	17	207	1425593238
28	8	undefined	1425593245
27	40	363	1425593251
1	11	403	1425593257
42	15	514	1425593263
16	23	302	1425593267
5	15	748	1425593272
4	47	582	1425593277
1	7	1000	1425593282
39	27	630	1425593287
13	8	242	1425593293
14	9	439	1425593297
33	29	246	1425593303
18	41	464	1425593310
40	18	594	1425593315
14	45	742	1425593320
0	14	404	1425593328
27	34	724	1425593333
34	41	115	1425593340
37	32	675	1425593345
29	20	775	1425593352
44	1	633	1425593357
35	3	692	1425593362
29	41	364	1425593367
30	40	827	1425593373
28	15	400	1425593377
33	6	183	1425593385
38	45	1000	1425593390
0	26	173	1425593395
43	3	245	1425593401
33	10	323	1425593406
28	13	430	1425593411
33	26	187	1425593417
23	33	364	1425593422
3	26	479	1425593428
2	23	697	1425593433
35	14	741	1425593438
5	27	526	1425593443
32	6	763	1425593453
30	44	461	1425593458
23	0	612	1425593464
30	20	113	1425593470
-2	-2	0	1425593476
39	31	104	1425593481
9	36	737	1425593489
25	46	251	1425593493
15	44	663	1425593500
37	3	657	1425593505
42	8	628	1425593516
25	36	796	1425593522
22	23	291	1425593527
21	17	289	1425593534
7	33	1000	1425593539
8	38	1000	1425593543
19	26	542	1425593554
29	24	669	1425593560
12	28	563	1425593567
46	18	366	1425593571
27	1	972	1425593577
39	14	482	1425593583
26	21	390	1425593589
24	14	207	1425593594
19	27	803	1425593599
15	10	611	1425593604
2	20	738	1425593620
19	45	undefined	1425593625
28	24	793	1425593632
10	39	101	1425593637
39	37	207	1425593648
20	45	76	1425593654
19	1	346	1425593662
3	13	355	1425593695
47	25	430	1425593705
13	47	235	1425593711
20	23	180	1425593716
0	19	439	1425593722
7	27	1000	1425593726
4	10	758	1425593742
21	45	613	1425593747
10	36	857	1425593752
9	18	620	1425593756
12	43	218	1425593762
40	44	938	1425593767
5	35	930	1425593773
41	15	542	1425593780
8	39	316	1425593785
18	13	333	1425593789
-3	-3	0	1425593794
37	0	149	1425593800
10	44	243	1425593806
16	35	593	1425593811
27	22	953	1425593816
1	31	326	1425593823
26	28	812	1425593828
11	28	785	1425593833
34	31	583	1425593838
1	5	942	1425593842
14	17	633	1425593848
14	32	187	1425593852
15	32	298	1425593859
1G4L6w941