151	R	0.0.0.0	1425684911
-1	-2	1000	1425685013
-3	-4	357	1425685070
-6	-5	961	1425685079
-7	-7	0	1425685098
-9	-8	594	1425685110
-10	-11	243	1425685124
43	30	852	1425685131
47	8	867	1425685158
14	21	941	1425685164
1	43	989	1425685171
39	34	584	1425685180
30	32	747	1425685187
34	2	826	1425685193
19	21	721	1425685200
32	24	367	1425685219
36	16	951	1425685227
11	26	675	1425685237
4	30	325	1425685261
39	7	1000	1425685267
20	45	124	1425685278
3	7	1000	1425685284
9	8	209	1425685300
18	19	659	1425685309
18	6	673	1425685318
9	29	528	1425685327
37	15	773	1425685333
-1	-1	0	1425685350
44	37	669	1425685365
42	44	908	1425685372
44	38	1000	1425685378
36	11	936	1425685383
7	15	1000	1425685389
25	16	658	1425685395
36	46	863	1425685400
10	19	634	1425685410
24	36	555	1425685425
27	17	881	1425685429
22	40	912	1425685437
13	24	805	1425685442
12	29	667	1425685450
32	10	657	1425685456
7	1	1000	1425685462
20	34	643	1425685469
6	1	432	1425685476
2	40	619	1425685483
39	17	366	1425685490
33	18	338	1425685500
42	9	813	1425685505
43	4	706	1425685510
30	16	568	1425685517
43	33	804	1425685522
21	26	643	1425685535
32	14	745	1425685540
25	7	1000	1425685545
21	42	924	1425685551
27	32	975	1425685557
14	1	696	1425685562
12	43	699	1425685567
6	5	792	1425685572
21	12	817	1425685577
27	6	727	1425685582
15	26	448	1425685588
2	37	733	1425685593
18	21	597	1425685601
2	43	366	1425685610
9	41	594	1425685617
5	16	995	1425685622
22	1	650	1425685627
39	5	930	1425685632
38	2	1000	1425685637
23	8	208	1425685644
34	44	677	1425685652
34	10	430	1425685662
39	24	873	1425685667
33	15	704	1425685675
11	33	623	1425685680
20	9	283	1425685686
11	43	815	1425685691
5	23	1000	1425685699
15	20	241	1425685704
-2	-2	0	1425685725
4	16	685	1425685732
45	44	334	1425685737
22	29	793	1425685742
24	29	991	1425685748
46	15	797	1425685753
36	14	384	1425685758
27	45	942	1425685762
34	25	655	1425685768
47	34	668	1425685773
11	24	890	1425685783
6	26	329	1425685788
30	11	602	1425685793
1	34	563	1425685799
5	22	597	1425685803
38	11	1000	1425685808
20	21	708	1425685813
9	2	783	1425685818
40	10	1000	1425685824
13	19	322	1425685829
47	19	283	1425685834
22	31	648	1425685839
13	28	376	1425685847
47	43	587	1425685852
37	23	451	1425685857
29	41	223	1425685862
31	26	588	1425685868
43	24	294	1425685877
39	19	632	1425685883
23	13	161	1425685889
18	20	272	1425685894
3	21	587	1425685899
31	20	624	1425685903
5	7	301	1425685913
27	11	867	1425685918
12	7	902	1425685924
19	5	850	1425685928
11	44	293	1425685933
41	14	583	1425685937
35	15	353	1425685944
30	29	559	1425685950
12	44	692	1425685954
22	0	709	1425685959
3	14	201	1425685964
43	27	653	1425685972
16	19	691	1425685977
20	29	633	1425685982
39	36	885	1425685993
40	14	908	1425685998
15	24	731	1425686003
47	9	701	1425686007
36	2	734	1425686012
22	39	619	1425686016
27	31	892	1425686021
32	37	760	1425686025
40	0	886	1425686030
24	14	627	1425686035
43	15	858	1425686040
-3	-3	0	1425686045
40	9	967	1425686051
47	40	965	1425686055
17	40	1000	1425686060
46	4	356	1425686065
4	24	912	1425686071
32	6	797	1425686076
38	8	1000	1425686081
8	34	353	1425686086
46	13	454	1425686091
46	26	390	1425686096
3	13	564	1425686103
3E4K7w224