151	R	0.0.0.0	1425592746
-1	-2	816	1425592829
-3	-4	348	1425592836
-6	-5	541	1425592843
-7	-7	37	1425592850
-9	-8	376	1425592857
-11	-10	411	1425592865
29	37	121	1425592872
35	23	667	1425592877
40	22	undefined	1425592884
17	30	528	1425592897
34	37	352	1425592902
34	33	587	1425592909
31	18	587	1425592915
8	17	287	1425592921
23	32	425	1425592935
0	38	undefined	1425592941
26	25	698	1425592951
18	37	526	1425592962
39	13	362	1425592971
2	35	290	1425592976
46	43	810	1425592982
19	28	681	1425593164
2	7	725	1425593176
40	31	695	1425593184
12	41	653	1425593189
13	24	597	1425593196
14	10	396	1425593202
5	44	398	1425593209
41	33	377	1425593216
5	30	626	1425593228
32	21	780	1425593235
1	30	361	1425593244
12	36	666	1425593254
37	13	591	1425593260
19	46	360	1425593265
16	40	803	1425593271
21	16	439	1425593276
42	27	611	1425593282
22	21	519	1425593289
25	11	556	1425593400
32	38	991	1425593407
45	43	625	1425593413
-1	-1	27	1425593422
8	9	186	1425593429
19	4	654	1425593537
21	19	628	1425593544
5	36	297	1425593550
19	24	674	1425593555
21	33	427	1425593563
46	17	212	1425593569
28	32	753	1425593579
43	30	681	1425593745
43	32	335	1425593780
27	37	475	1425593800
22	5	650	1425593811
26	36	628	1425593816
34	19	423	1425593821
23	19	605	1425593826
8	10	295	1425593831
26	46	509	1425593836
45	37	651	1425593841
16	1	638	1425593846
5	3	undefined	1425593855
24	6	611	1425593861
0	22	398	1425593867
23	26	461	1425593872
36	37	630	1425593879
26	37	558	1425593885
7	20	877	1425593891
33	2	243	1425593896
10	1	442	1425593903
45	15	147	1425593915
24	33	737	1425593922
22	26	381	1425593928
11	2	619	1425593934
14	37	695	1425593940
15	46	839	1425593949
45	33	645	1425593955
27	29	414	1425593960
20	10	590	1425593965
13	10	249	1425593970
12	9	599	1425593980
47	45	638	1425593987
44	9	572	1425593993
46	27	859	1425593998
41	17	543	1425594004
34	24	443	1425594009
3	19	423	1425594015
23	4	704	1425594023
15	3	651	1425594031
-2	-2	0	1425594036
6	34	653	1425594050
43	44	654	1425594055
9	43	705	1425594063
29	35	579	1425594068
12	33	826	1425594074
31	17	527	1425594080
20	11	678	1425594085
14	47	548	1425594091
46	41	545	1425594096
40	21	685	1425594101
47	30	837	1425594106
31	32	393	1425594111
13	22	679	1425594116
34	26	407	1425594122
3	31	804	1425594127
1	35	645	1425594132
47	16	605	1425594137
32	2	613	1425594143
35	4	425	1425594148
24	16	654	1425594153
15	25	585	1425594158
3	39	610	1425594164
43	14	203	1425594169
14	31	725	1425594175
0	16	654	1425594180
3	33	0	1425594186
21	25	657	1425594191
14	6	278	1425594196
47	9	391	1425594202
32	42	398	1425594208
3	28	626	1425594213
29	39	123	1425594219
45	8	257	1425594224
21	42	736	1425594229
23	43	638	1425594234
6	41	607	1425594239
35	27	475	1425594244
28	47	595	1425594250
41	38	987	1425594256
42	18	403	1425594261
16	36	732	1425594266
0	5	825	1425594271
41	35	395	1425594276
4	16	677	1425594282
34	7	undefined	1425594287
41	11	596	1425594292
21	12	404	1425594298
15	6	567	1425594303
11	27	626	1425594309
-3	-3	0	1425594314
40	0	665	1425594319
32	45	520	1425594326
22	36	680	1425594331
27	23	509	1425594337
36	23	611	1425594342
6	29	628	1425594348
5	21	353	1425594353
10	34	443	1425594358
14	30	454	1425594363
5H3Q8t532