151	R	0.0.0.0	1425686714
-1	-2	956	1425686802
-3	-4	109	1425686825
-6	-5	932	1425686838
-7	-7	0	1425686851
-8	-9	860	1425686862
-10	-11	199	1425686876
6	42	265	1425686892
3	17	811	1425686914
34	12	988	1425686924
23	39	619	1425686943
21	12	982	1425686950
10	34	307	1425686961
33	34	421	1425686981
42	11	870	1425686991
34	7	1000	1425687000
44	3	649	1425687008
7	24	1000	1425687015
33	11	429	1425687033
10	24	438	1425687058
28	1	410	1425687069
0	25	755	1425687087
14	39	394	1425687100
31	38	1000	1425687106
32	0	315	1425687118
47	10	325	1425687146
46	5	806	1425687153
3	7	1000	1425687158
38	24	1000	1425687166
15	11	949	1425687175
34	28	408	1425687187
38	3	1000	1425687192
47	45	315	1425687211
10	40	922	1425687218
32	5	814	1425687229
35	41	893	1425687239
11	0	655	1425687259
9	43	827	1425687266
16	34	57	1425687272
12	3	912	1425687280
43	20	727	1425687287
37	3	636	1425687298
36	18	367	1425687306
9	26	643	1425687314
3	29	460	1425687324
8	43	840	1425687343
25	13	395	1425687353
22	36	788	1425687359
18	19	861	1425687366
46	10	724	1425687374
23	12	135	1425687384
11	21	0	1425687395
41	34	91	1425687401
-1	-1	0	1425687410
0	21	338	1425687421
9	36	892	1425687428
14	9	827	1425687434
14	2	840	1425687440
14	23	771	1425687447
15	40	899	1425687452
40	45	829	1425687457
2	17	839	1425687463
38	9	1000	1425687468
15	23	0	1425687474
30	4	0	1425687479
38	12	1000	1425687486
9	25	66	1425687498
24	16	818	1425687503
10	38	1000	1425687515
9	27	1000	1425687521
34	26	304	1425687527
29	6	410	1425687534
13	15	0	1425687540
40	2	401	1425687546
42	32	741	1425687552
16	15	807	1425687557
35	4	173	1425687563
29	40	805	1425687569
28	14	377	1425687575
9	44	0	1425687581
43	13	232	1425687587
19	9	0	1425687598
9	13	0	1425687604
35	47	311	1425687615
21	36	822	1425687625
35	7	1000	1425687631
7	38	0	1425687741
36	16	779	1425687752
41	9	642	1425687757
8	21	236	1425687763
19	11	667	1425687769
17	1	245	1425687775
18	40	760	1425687781
40	39	775	1425687787
0	38	1000	1425687794
14	33	409	1425687799
-2	-2	52	1425687804
23	17	57	1425687809
28	19	674	1425687817
37	14	719	1425687833
41	45	728	1425687838
18	8	690	1425687844
39	44	621	1425687850
16	29	271	1425687856
42	23	655	1425687862
2	44	354	1425687869
23	47	174	1425687918
3	4	752	1425687924
21	46	285	1425687929
43	24	338	1425687934
1	22	665	1425687942
36	38	1000	1425687947
33	17	316	1425687952
27	2	384	1425687957
10	11	277	1425687962
5	11	821	1425687967
15	20	25	1425687972
11	9	676	1425687978
43	16	949	1425687996
42	19	820	1425688002
3	13	101	1425688007
33	20	670	1425688015
20	10	221	1425688020
45	0	210	1425688025
47	5	845	1425688031
22	23	785	1425688036
0	18	13	1425688042
17	13	109	1425688047
42	20	777	1425688053
1	24	805	1425688057
34	1	38	1425688063
25	40	799	1425688069
30	41	788	1425688074
26	25	791	1425688079
29	26	655	1425688086
32	41	694	1425688093
46	40	850	1425688213
13	33	819	1425688218
4	18	725	1425688224
-3	-3	0	1425688229
1	10	1	1425688234
15	9	267	1425688243
27	22	818	1425688251
41	18	226	1425688258
37	34	0	1425688263
31	6	188	1425688270
15	33	775	1425688277
34	22	766	1425688282
28	23	741	1425688290
8	32	767	1425688295
30	1	291	1425688301
1D6P8w519