151	L	0.0.0.0	1425684862
-1	-2	804	1425684942
-4	-3	297	1425684952
-6	-5	522	1425684969
-7	-7	37	1425684979
-8	-9	584	1425685002
-11	-10	182	1425685018
39	3	527	1425685033
13	2	846	1425685044
16	30	683	1425685060
1	44	815	1425685074
16	11	319	1425685084
11	42	683	1425685092
6	47	426	1425685101
32	21	787	1425685113
11	17	430	1425685122
17	0	485	1425685131
16	31	423	1425685142
32	5	511	1425685167
17	31	195	1425685176
12	34	812	1425685183
45	12	593	1425685189
-1	-1	10	1425685199
30	13	220	1425685206
34	20	573	1425685215
9	18	411	1425685223
18	42	486	1425685232
47	44	890	1425685240
32	6	967	1425685247
3	32	620	1425685305
6	13	832	1425685311
8	15	405	1425685316
40	25	543	1425685337
39	1	854	1425685342
41	24	806	1425685349
31	25	562	1425685359
3	26	689	1425685366
38	16	987	1425685372
35	17	861	1425685377
29	4	255	1425685383
43	30	515	1425685392
20	47	857	1425685399
43	35	531	1425685405
20	10	736	1425685410
26	10	469	1425685417
41	13	575	1425685425
37	15	624	1425685432
40	17	940	1425685438
29	39	418	1425685444
17	20	832	1425685450
4	12	728	1425685456
14	16	693	1425685461
14	22	424	1425685466
25	26	631	1425685475
35	41	921	1425685482
29	12	692	1425685490
13	21	660	1425685496
14	8	583	1425685502
30	26	726	1425685512
31	6	915	1425685520
34	2	923	1425685527
3	10	883	1425685534
28	34	639	1425685540
42	23	882	1425685549
-2	-2	7	1425685561
12	33	695	1425685566
34	33	456	1425685571
10	15	560	1425685577
25	30	192	1425685585
37	44	524	1425685591
31	24	810	1425685599
2	40	658	1425685604
6	19	460	1425685608
12	13	586	1425685616
47	30	792	1425685623
33	35	883	1425685629
35	19	352	1425685635
23	28	264	1425685640
36	46	672	1425685647
34	0	597	1425685652
32	35	817	1425685657
5	26	807	1425685664
19	9	193	1425685670
33	2	921	1425685676
22	16	784	1425685685
5	12	540	1425685692
8	34	640	1425685697
17	6	857	1425685702
28	47	991	1425685708
44	6	933	1425685713
31	1	996	1425685719
43	15	683	1425685723
33	1	962	1425685731
2	37	977	1425685738
47	37	945	1425685742
41	47	971	1425685748
19	43	763	1425685753
9	22	554	1425685759
31	39	80	1425685764
8	20	668	1425685768
32	39	807	1425685774
2	3	919	1425685783
13	16	641	1425685788
40	15	799	1425685794
46	17	79	1425685799
-3	-3	14	1425685809
8	22	670	1425685815
14	18	565	1425685822
18	15	511	1425685831
24	27	844	1425685837
26	12	665	1425685844
36	24	666	1425685851
32	41	779	1425685857
13	23	399	1425685863
19	27	856	1425685868
28	45	520	1425685875
46	38	993	1425685884
6	21	992	1425685891
24	29	947	1425685897
1	29	941	1425685903
13	45	626	1425685909
42	19	699	1425685916
5	25	834	1425685923
36	26	923	1425685932
25	39	452	1425685938
30	10	807	1425685944
19	24	697	1425685950
43	7	986	1425685958
19	5	932	1425685963
45	19	899	1425685969
33	20	651	1425685975
5	21	938	1425685982
43	27	972	1425685987
36	15	863	1425685992
23	6	972	1425685999
16	36	930	1425686004
16	18	277	1425686009
14	26	490	1425686017
14	33	521	1425686025
47	39	897	1425686031
39	20	551	1425686037
36	31	852	1425686045
40	39	945	1425686052
14	41	888	1425686058
19	31	437	1425686063
12	27	981	1425686069
33	27	995	1425686075
12	23	821	1425686081
29	2	975	1425686087
39	37	362	1425686093
30	19	482	1425686098
5F7Q6w248