151	L	0.0.0.0	1425684847
-1	-2	898	1425684957
-3	-4	272	1425684967
-5	-6	697	1425684975
-7	-7	4	1425684988
-9	-8	377	1425684994
-11	-10	413	1425685001
33	25	493	1425685011
37	32	894	1425685018
32	27	988	1425685026
41	2	946	1425685034
8	13	336	1425685039
32	45	651	1425685064
18	35	601	1425685069
12	11	739	1425685074
43	1	885	1425685079
12	47	924	1425685084
-1	-1	5	1425685091
33	24	935	1425685096
29	16	399	1425685101
7	21	1000	1425685105
3	13	600	1425685110
10	16	438	1425685115
12	22	399	1425685121
16	1	753	1425685126
20	12	603	1425685131
8	28	445	1425685137
17	10	234	1425685141
11	23	587	1425685146
2	39	664	1425685152
41	46	233	1425685158
15	6	681	1425685163
42	35	651	1425685168
19	10	450	1425685172
42	14	347	1425685177
3	19	721	1425685184
31	32	667	1425685189
28	41	371	1425685194
37	11	187	1425685200
20	7	1000	1425685206
44	4	443	1425685210
39	15	443	1425685215
15	28	428	1425685220
9	15	242	1425685225
40	10	999	1425685230
46	25	742	1425685234
4	35	592	1425685239
36	44	973	1425685248
33	0	400	1425685253
26	17	639	1425685258
47	23	592	1425685263
9	14	721	1425685267
3	28	567	1425685272
29	26	634	1425685278
42	28	700	1425685283
33	37	550	1425685288
44	22	705	1425685293
17	21	428	1425685297
14	21	723	1425685302
16	19	568	1425685307
7	12	949	1425685312
10	9	368	1425685318
40	38	97	1425685324
-2	-2	4	1425685332
22	38	730	1425685338
22	5	564	1425685343
42	29	751	1425685347
25	15	335	1425685352
42	43	345	1425685357
29	6	620	1425685361
36	3	257	1425685366
41	21	199	1425685370
45	44	436	1425685376
16	9	561	1425685381
44	12	597	1425685385
22	30	336	1425685390
38	25	936	1425685395
6	45	956	1425685402
27	8	899	1425685407
8	25	619	1425685414
20	29	554	1425685419
20	35	273	1425685424
28	9	696	1425685429
26	8	683	1425685434
4	15	233	1425685439
44	38	1000	1425685443
21	33	576	1425685448
27	36	332	1425685452
25	4	581	1425685457
20	42	578	1425685462
47	43	644	1425685467
41	36	865	1425685472
37	46	401	1425685476
14	44	680	1425685480
19	40	821	1425685485
46	9	453	1425685490
1	37	444	1425685494
22	11	636	1425685499
5	39	920	1425685503
28	37	419	1425685508
18	25	272	1425685512
13	10	297	1425685518
45	18	724	1425685522
37	26	766	1425685527
5	14	447	1425685538
14	37	615	1425685542
38	30	725	1425685547
32	23	368	1425685551
43	2	245	1425685556
39	22	410	1425685560
43	8	428	1425685565
3	25	238	1425685570
14	23	351	1425685574
13	36	559	1425685580
7	13	883	1425685619
6	27	260	1425685624
47	46	412	1425685628
12	46	669	1425685633
32	40	619	1425685637
44	39	418	1425685642
9	5	784	1425685647
9	36	786	1425685652
0	8	434	1425685657
0	19	573	1425685661
21	11	594	1425685666
28	17	217	1425685670
1	24	721	1425685675
2	30	377	1425685681
41	27	766	1425685686
7	22	880	1425685691
18	17	618	1425685696
46	35	621	1425685701
42	41	518	1425685706
31	4	52	1425685714
15	19	353	1425685718
19	18	441	1425685723
22	46	548	1425685727
25	36	679	1425685732
21	35	614	1425685736
7	26	937	1425685742
7	34	977	1425685747
20	30	37	1425685754
0	37	423	1425685759
12	31	573	1425685764
17	27	762	1425685770
10	33	431	1425685774
15	17	324	1425685779
38	29	1000	1425685784
42	44	823	1425685788
-3	-3	0	1425685793
27	20	719	1425685797
5B3R8t885