151	L	0.0.0.0	1425592764
-1	-2	1000	1425592854
-4	-3	400	1425592863
-6	-5	767	1425592874
-7	-7	0	1425592882
-9	-8	618	1425592889
-10	-11	35	1425592898
43	18	461	1425592907
12	29	951	1425592913
13	25	653	1425592930
11	40	1000	1425592936
37	33	433	1425592941
22	3	139	1425592948
5	10	1000	1425592955
17	7	1000	1425592961
31	37	438	1425592966
12	5	664	1425592974
10	31	undefined	1425592982
4	17	298	1425592988
39	1	561	1425592995
21	14	845	1425593000
14	42	416	1425593009
38	6	1000	1425593015
31	45	608	1425593022
9	35	647	1425593033
17	25	600	1425593040
34	18	675	1425593046
20	12	627	1425593053
22	7	1000	1425593061
9	32	606	1425593069
34	22	689	1425593075
10	46	152	1425593081
26	17	207	1425593086
17	0	407	1425593093
7	40	461	1425593098
23	18	561	1425593104
11	30	undefined	1425593111
34	1	303	1425593117
7	10	1000	1425593123
19	43	1000	1425593130
12	13	360	1425593135
46	22	583	1425593142
33	39	386	1425593151
41	42	745	1425593158
33	25	357	1425593164
-1	-1	0	1425593171
25	8	424	1425593177
40	46	733	1425593182
46	13	389	1425593188
16	3	undefined	1425593196
0	47	undefined	1425593201
16	31	251	1425593207
34	30	612	1425593213
34	39	319	1425593219
43	26	389	1425593225
12	16	343	1425593230
34	4	609	1425593237
45	5	920	1425593243
30	0	368	1425593252
11	4	636	1425593258
8	40	590	1425593265
-2	-2	33	1425593272
33	20	404	1425593278
46	1	198	1425593285
31	41	380	1425593293
43	25	571	1425593299
27	26	undefined	1425593307
41	43	undefined	1425593312
43	22	undefined	1425593317
9	27	undefined	1425593322
3	41	undefined	1425593328
35	28	undefined	1425593349
4	31	undefined	1425593356
32	41	undefined	1425593361
13	21	undefined	1425593367
33	15	undefined	1425593372
11	29	undefined	1425593384
23	14	undefined	1425593392
14	22	undefined	1425593403
43	38	undefined	1425593409
33	9	undefined	1425593414
32	5	undefined	1425593420
23	46	undefined	1425593426
29	7	undefined	1425593431
6	40	undefined	1425593436
3	9	undefined	1425593444
1	40	undefined	1425593449
6	13	undefined	1425593455
11	16	undefined	1425593460
32	25	undefined	1425593465
35	36	undefined	1425593471
47	19	undefined	1425593476
43	11	undefined	1425593482
26	30	undefined	1425593487
31	36	undefined	1425593498
32	40	undefined	1425593502
20	3	undefined	1425593508
40	41	undefined	1425593513
25	30	undefined	1425593518
44	32	undefined	1425593522
1	42	undefined	1425593527
36	15	undefined	1425593544
40	17	undefined	1425593549
46	6	undefined	1425593555
29	18	undefined	1425593560
32	20	undefined	1425593564
21	30	undefined	1425593569
47	17	undefined	1425593575
42	3	undefined	1425593580
39	4	undefined	1425593586
45	27	undefined	1425593592
31	25	undefined	1425593597
15	11	undefined	1425593602
9	42	undefined	1425593607
38	44	undefined	1425593612
34	43	undefined	1425593618
26	8	undefined	1425593624
19	8	undefined	1425593629
36	43	undefined	1425593636
25	20	undefined	1425593641
13	20	undefined	1425593645
1	12	undefined	1425593653
2	38	undefined	1425593658
30	28	undefined	1425593662
14	44	undefined	1425593667
12	15	undefined	1425593673
15	0	undefined	1425593684
21	4	undefined	1425593694
15	34	undefined	1425593699
25	18	undefined	1425593703
35	30	undefined	1425593708
35	45	undefined	1425593715
27	44	undefined	1425593720
16	34	undefined	1425593725
10	19	undefined	1425593730
33	28	undefined	1425593735
32	19	undefined	1425593739
15	2	undefined	1425593743
6	27	undefined	1425593748
0	1	undefined	1425593753
4	41	undefined	1425593764
9	24	undefined	1425593769
31	15	undefined	1425593775
41	47	undefined	1425593788
27	12	undefined	1425593793
16	8	undefined	1425593798
12	45	undefined	1425593803
37	17	undefined	1425593808
-3	-3	undefined	1425593813
29	42	undefined	1425593820
27	25	undefined	1425593825
1H3L5z407