151	L	0.0.0.0	1425686795
-2	-1	726	1425686996
-3	-4	436	1425687024
-6	-5	808	1425687035
-7	-7	0	1425687076
-9	-8	797	1425687090
-11	-10	804	1425687108
17	30	591	1425687124
25	12	637	1425687136
1	2	838	1425687146
7	6	999	1425687157
3	27	797	1425687165
39	27	929	1425687174
18	12	930	1425687183
28	17	702	1425687200
47	2	583	1425687213
13	41	746	1425687221
0	3	480	1425687243
21	26	694	1425687250
20	25	573	1425687257
45	8	581	1425687326
38	18	999	1425687334
15	24	693	1425687344
46	37	608	1425687354
7	43	1000	1425687364
26	41	620	1425687375
36	8	818	1425687382
25	10	626	1425687391
27	24	681	1425687399
15	35	515	1425687409
46	32	592	1425687423
1	33	521	1425687449
14	19	653	1425687462
18	42	705	1425687473
8	16	584	1425687487
39	35	560	1425687496
7	36	999	1425687506
45	10	549	1425687522
16	2	584	1425687532
13	30	638	1425687542
20	6	626	1425687551
5	41	989	1425687559
6	17	827	1425687569
31	4	644	1425687576
19	3	688	1425687584
43	46	825	1425687594
43	29	841	1425687602
44	26	684	1425687610
28	21	542	1425687619
25	30	740	1425687629
42	21	788	1425687638
37	8	646	1425687649
40	3	826	1425687658
-1	-1	0	1425687675
41	43	627	1425687682
1	45	546	1425687693
40	31	883	1425687702
8	5	955	1425687709
22	46	749	1425687716
9	47	591	1425687724
34	35	672	1425687731
11	6	684	1425687739
2	0	512	1425687747
34	24	617	1425687757
16	21	602	1425687762
33	7	999	1425687771
44	29	579	1425687778
32	23	715	1425687784
38	15	999	1425687791
11	28	612	1425687802
9	8	519	1425687808
2	13	630	1425687815
37	41	511	1425687823
21	32	624	1425687828
0	15	653	1425687836
10	12	727	1425687844
17	19	652	1425687851
22	39	604	1425687860
25	14	616	1425687866
36	0	820	1425687872
39	32	705	1425687878
20	9	544	1425687888
46	45	771	1425687895
18	23	718	1425687906
2	42	665	1425687911
31	45	734	1425687919
35	9	743	1425687931
36	43	832	1425687938
14	11	747	1425687948
27	23	936	1425687956
28	43	852	1425687966
-2	-2	0	1425687972
39	37	675	1425687979
29	30	711	1425687985
7	29	999	1425687990
40	20	911	1425687995
24	47	732	1425688001
5	29	901	1425688006
25	44	664	1425688013
29	18	630	1425688020
24	9	715	1425688026
12	36	740	1425688031
7	41	992	1425688041
38	6	999	1425688046
31	7	999	1425688052
21	38	999	1425688059
10	17	561	1425688065
31	43	629	1425688071
13	18	614	1425688077
14	41	681	1425688082
34	5	864	1425688088
35	37	833	1425688094
28	22	756	1425688100
5	30	809	1425688105
40	16	914	1425688110
17	12	614	1425688116
20	0	771	1425688122
25	32	721	1425688128
44	22	923	1425688134
9	6	652	1425688139
29	42	734	1425688145
1	4	685	1425688150
2	9	645	1425688155
21	34	810	1425688161
37	40	999	1425688166
33	5	950	1425688171
36	41	838	1425688176
-3	-3	0	1425688182
37	9	578	1425688187
35	13	631	1425688192
24	33	592	1425688197
16	47	595	1425688210
14	0	665	1425688216
34	39	708	1425688221
35	29	661	1425688227
6	43	736	1425688233
29	19	652	1425688239
6	1	732	1425688244
22	7	999	1425688251
26	37	695	1425688255
37	38	999	1425688261
11	7	999	1425688267
18	7	999	1425688272
13	46	828	1425688277
47	36	876	1425688283
43	4	622	1425688289
35	23	707	1425688294
28	13	729	1425688310
1	11	698	1425688315
18	1	767	1425688321
34	6	698	1425688326
2H5R6y317