151	R	0.0.0.0	1425684858
-1	-2	985	1425684943
-4	-3	251	1425684967
-6	-5	879	1425684975
-7	-7	0	1425684983
-9	-8	376	1425684989
-11	-10	395	1425684998
12	14	592	1425685002
30	28	775	1425685007
18	3	663	1425685012
38	18	1000	1425685017
17	23	391	1425685021
9	24	835	1425685027
3	24	616	1425685031
35	14	645	1425685036
20	14	636	1425685041
19	38	1000	1425685045
46	45	643	1425685050
6	42	682	1425685055
4	19	644	1425685059
41	5	949	1425685064
18	11	630	1425685069
41	17	379	1425685073
10	25	715	1425685078
28	22	707	1425685083
18	20	255	1425685097
6	38	1000	1425685101
23	7	1000	1425685106
16	35	725	1425685111
43	6	693	1425685117
21	34	646	1425685122
26	31	652	1425685128
4	43	1000	1425685133
21	38	1000	1425685137
31	33	151	1425685143
4	14	761	1425685148
25	37	693	1425685154
19	11	653	1425685158
9	44	355	1425685163
42	34	1000	1425685167
6	2	347	1425685172
42	25	1000	1425685178
20	43	1000	1425685183
1	32	1000	1425685188
14	34	783	1425685192
6	11	919	1425685197
17	29	159	1425685202
10	37	421	1425685207
3	23	947	1425685211
31	29	184	1425685216
3	17	889	1425685220
-1	-1	0	1425685226
21	29	226	1425685248
40	27	1000	1425685253
4	28	251	1425685350
39	12	770	1425685354
22	15	316	1425685359
8	9	723	1425685364
38	13	1000	1425685369
28	24	756	1425685423
19	41	760	1425685427
33	11	628	1425685432
23	39	645	1425685437
18	1	1000	1425685441
24	0	906	1425685446
11	15	824	1425685452
40	4	1000	1425685456
24	2	596	1425685462
14	0	454	1425685466
17	33	563	1425685471
18	28	736	1425685476
34	37	582	1425685481
45	8	689	1425685485
22	35	961	1425685490
22	17	644	1425685494
26	39	601	1425685500
45	40	911	1425685504
-2	-2	0	1425685510
28	12	875	1425685759
5	28	872	1425685767
44	25	360	1425685771
22	36	741	1425685776
40	12	793	1425685781
37	12	780	1425685824
9	42	641	1425685828
46	11	638	1425685833
39	28	597	1425685852
34	9	629	1425685856
22	2	720	1425685861
13	32	616	1425685865
29	19	724	1425685882
6	14	759	1425685886
44	11	668	1425685891
6	36	705	1425685895
39	27	869	1425685900
14	1	723	1425685908
43	22	814	1425685950
33	30	705	1425685957
6	41	670	1425685961
19	12	787	1425685965
45	21	590	1425685970
31	42	665	1425685975
0	45	642	1425685979
30	5	669	1425685985
-3	-3	0	1425685989
4	3	607	1425686001
27	21	1000	1425686006
0	31	647	1425686010
14	40	996	1425686015
43	40	1000	1425686019
17	36	922	1425686023
32	16	801	1425686028
27	15	935	1425686032
18	44	888	1425686037
34	6	881	1425686042
46	44	810	1425686046
38	23	1000	1425686050
29	18	711	1425686055
24	39	730	1425686059
44	2	995	1425686064
15	1	763	1425686069
24	10	926	1425686073
8	24	983	1425686078
0	18	636	1425686083
43	16	596	1425686087
26	19	619	1425686092
44	16	430	1425686096
26	40	522	1425686101
5	23	1000	1425686105
10	18	679	1425686110
47	17	787	1425686114
34	27	1000	1425686119
35	10	882	1425686124
8	18	782	1425686128
32	19	959	1425686133
5	47	1000	1425686138
39	11	879	1425686142
34	23	669	1425686147
3	15	366	1425686151
30	4	661	1425686155
38	33	1000	1425686160
22	4	745	1425686165
37	20	674	1425686170
21	19	707	1425686195
45	26	352	1425686202
46	4	458	1425686206
0	29	405	1425686211
13	18	579	1425686215
38	3	955	1425686219
29	45	623	1425686224
43	36	267	1425686229
4G4Q8y991