151	R	0.0.0.0	1425592785
-2	-1	undefined	1425592866
-3	-4	426	1425592881
-6	-5	985	1425592891
-7	-7	0	1425592898
-8	-9	990	1425592905
-10	-11	408	1425592914
7	39	undefined	1425592919
7	31	undefined	1425592925
33	40	985	1425592933
46	23	769	1425592942
4	34	898	1425592986
19	37	undefined	1425592996
43	38	740	1425593003
-1	-1	0	1425593007
8	4	173	1425593015
30	12	331	1425593020
25	23	387	1425593025
4	26	842	1425593030
30	47	314	1425593036
1	33	230	1425593042
30	31	374	1425593052
23	26	undefined	1425593056
25	40	undefined	1425593061
41	10	928	1425593067
26	19	894	1425593072
21	12	undefined	1425593077
35	12	796	1425593083
33	43	undefined	1425593087
14	20	117	1425593100
46	43	undefined	1425593104
36	30	987	1425593109
1	17	undefined	1425593114
18	30	28	1425593119
20	18	352	1425593127
15	20	68	1425593136
17	16	739	1425593140
33	19	811	1425593146
6	5	undefined	1425593150
38	13	undefined	1425593155
3	37	908	1425593159
10	25	999	1425593164
14	7	undefined	1425593168
39	20	341	1425593174
9	8	89	1425593178
27	15	undefined	1425593183
22	23	821	1425593195
8	24	835	1425593199
46	44	undefined	1425593204
21	5	undefined	1425593209
9	0	915	1425593297
38	47	undefined	1425593302
47	0	303	1425593309
23	37	872	1425593315
10	14	939	1425593320
32	6	905	1425593340
-2	-2	0	1425593344
35	20	206	1425593350
32	4	842	1425593355
39	23	438	1425593360
13	22	382	1425593365
1	22	719	1425593370
23	0	806	1425593375
41	37	98	1425593380
44	41	904	1425593385
41	13	823	1425593390
29	19	374	1425593396
40	26	984	1425593401
30	38	957	1425593407
17	40	994	1425593412
25	37	868	1425593417
17	2	473	1425593422
31	14	378	1425593429
1	7	undefined	1425593434
42	9	464	1425593440
28	10	799	1425593445
39	46	739	1425593449
21	17	772	1425593454
44	36	916	1425593460
16	36	902	1425593469
21	7	998	1425593474
34	20	672	1425593479
5	14	958	1425593484
47	37	778	1425593488
4	44	178	1425593493
22	43	865	1425593498
12	46	761	1425593502
45	16	921	1425593507
8	16	830	1425593512
22	18	942	1425593516
9	45	167	1425593521
20	10	854	1425593526
12	43	851	1425593531
33	37	801	1425593536
43	11	919	1425593540
38	9	undefined	1425593545
14	19	929	1425593549
13	47	692	1425593554
45	43	960	1425593558
31	17	272	1425593566
0	3	793	1425593570
8	35	167	1425593579
22	39	787	1425593583
6	41	677	1425593588
10	0	866	1425593592
10	30	848	1425593597
4	35	721	1425593601
4	10	660	1425593605
38	12	undefined	1425593610
21	18	668	1425593615
0	24	880	1425593622
36	19	872	1425593628
4	11	770	1425593633
34	40	861	1425593638
36	12	857	1425593642
12	20	943	1425593647
1	37	456	1425593652
23	32	868	1425593656
17	36	987	1425593661
29	18	743	1425593667
15	46	772	1425593672
46	17	654	1425593679
17	24	832	1425593683
-3	-3	0	1425593688
31	24	918	1425593693
0	29	910	1425593698
11	35	737	1425593702
43	20	963	1425593707
30	27	831	1425593712
15	11	969	1425593717
15	2	825	1425593721
44	5	951	1425593726
42	15	732	1425593731
10	18	926	1425593735
19	5	undefined	1425593740
38	33	undefined	1425593745
40	39	undefined	1425593749
14	36	974	1425593753
1	31	733	1425593758
36	29	undefined	1425593765
47	16	430	1425593770
46	0	338	1425593775
35	2	637	1425593780
24	6	850	1425593785
1	11	866	1425593789
26	3	234	1425593794
25	18	345	1425593798
22	12	382	1425593804
20	25	392	1425593809
12	4	807	1425593813
16	46	858	1425593818
5E4L6t554