151	L	0.0.0.0	1425686686
-2	-1	981	1425686773
-4	-3	328	1425686785
-5	-6	458	1425686801
-7	-7	0	1425686811
-8	-9	927	1425686825
-10	-11	301	1425686840
20	18	458	1425686852
15	32	522	1425686866
40	30	774	1425686880
45	22	650	1425686891
40	47	949	1425686900
30	26	659	1425686910
38	4	998	1425686918
34	15	729	1425686930
38	44	1000	1425686939
20	46	549	1425686946
1	35	481	1425686962
0	27	643	1425686974
44	36	891	1425686984
24	14	365	1425686993
43	0	436	1425687001
32	29	860	1425687010
8	17	425	1425687020
29	15	535	1425687029
21	40	670	1425687036
37	20	546	1425687043
32	24	457	1425687054
13	11	648	1425687059
2	38	794	1425687065
11	27	754	1425687071
4	14	621	1425687078
46	35	627	1425687086
9	5	948	1425687093
2	41	620	1425687102
14	5	798	1425687107
45	34	957	1425687113
19	34	589	1425687118
24	42	527	1425687126
10	26	570	1425687138
0	33	13	1425687148
2	20	44	1425687156
-1	-1	0	1425687163
35	19	77	1425687174
11	24	903	1425687180
25	15	755	1425687186
39	1	557	1425687207
12	22	251	1425687220
38	1	1000	1425687240
29	4	715	1425687248
19	1	633	1425687253
7	37	1000	1425687258
5	13	908	1425687265
4	16	575	1425687269
26	4	648	1425687274
17	18	671	1425687280
35	0	557	1425687287
35	5	787	1425687293
20	8	659	1425687302
30	42	591	1425687312
11	4	536	1425687327
31	19	464	1425687335
47	33	351	1425687344
31	5	952	1425687352
8	26	662	1425687359
45	28	715	1425687367
1	44	461	1425687381
44	10	72	1425687389
8	41	717	1425687395
11	3	796	1425687400
45	3	864	1425687405
17	27	979	1425687411
20	22	124	1425687418
33	41	429	1425687423
33	38	1000	1425687429
40	6	644	1425687436
35	12	141	1425687443
22	43	604	1425687448
19	38	1000	1425687454
15	46	437	1425687461
2	5	395	1425687467
3	47	609	1425687474
4	5	722	1425687480
33	32	848	1425687485
16	31	554	1425687490
20	47	470	1425687495
-2	-2	0	1425687501
29	27	680	1425687507
16	39	370	1425687512
37	23	604	1425687517
42	1	743	1425687524
43	19	726	1425687530
39	47	575	1425687536
6	13	497	1425687544
12	16	1000	1425687549
22	6	1000	1425687557
41	42	921	1425687563
38	27	949	1425687572
45	11	607	1425687579
9	34	530	1425687584
33	45	634	1425687589
0	28	614	1425687594
8	46	436	1425687599
14	12	631	1425687604
39	5	929	1425687610
-3	-3	0	1425687614
27	6	118	1425687619
19	30	0	1425687631
14	34	533	1425687636
23	8	93	1425687642
24	46	674	1425687647
43	23	762	1425687652
20	28	841	1425687656
47	6	389	1425687661
1	40	850	1425687667
7	2	996	1425687673
47	41	256	1425687680
2	12	897	1425687685
12	44	863	1425687690
0	12	936	1425687695
21	15	786	1425687703
18	11	706	1425687708
4	12	735	1425687713
22	33	800	1425687718
18	25	417	1425687724
5	25	740	1425687729
44	19	709	1425687734
34	0	906	1425687739
1	8	809	1425687746
26	43	345	1425687751
23	31	55	1425687756
12	27	856	1425687762
4	33	346	1425687768
3	28	134	1425687775
28	4	266	1425687780
42	26	150	1425687784
9	30	8	1425687790
5	12	838	1425687795
29	24	898	1425687800
27	5	973	1425687806
6	41	244	1425687812
41	20	668	1425687816
0	46	885	1425687821
46	7	817	1425687826
37	18	962	1425687832
14	42	339	1425687839
4	21	763	1425687844
12	40	942	1425687849
34	13	929	1425687853
15	47	123	1425687860
36	11	826	1425687865
4C6L6v815