151	L	0.0.0.0	1425684947
-2	-1	796	1425685055
-4	-3	66	1425685066
-6	-5	645	1425685088
-7	-7	0	1425685096
-9	-8	412	1425685104
-10	-11	0	1425685117
47	2	442	1425685138
22	30	430	1425685143
21	44	612	1425685149
17	12	719	1425685155
19	12	557	1425685162
28	36	983	1425685167
13	29	420	1425685173
6	19	626	1425685178
8	0	42	1425685190
23	38	999	1425685197
5	16	978	1425685206
44	45	775	1425685217
11	8	599	1425685224
36	13	749	1425685231
2	10	628	1425685236
44	16	560	1425685241
47	6	352	1425685268
38	21	19	1425685277
24	17	649	1425685284
1	4	648	1425685289
5	6	647	1425685294
2	1	186	1425685302
19	16	674	1425685307
-1	-1	0	1425685313
37	15	657	1425685319
6	12	928	1425685324
17	2	0	1425685329
40	33	0	1425685336
4	13	661	1425685341
14	19	693	1425685346
44	25	694	1425685366
14	12	947	1425685371
3	8	0	1425685377
30	37	869	1425685384
15	29	784	1425685389
9	0	825	1425685394
30	2	3	1425685401
47	31	0	1425685407
16	33	0	1425685414
41	25	709	1425685419
5	24	5	1425685424
12	25	796	1425685429
47	42	285	1425685439
14	1	225	1425685449
7	18	621	1425685455
7	26	0	1425685460
43	31	70	1425685467
44	0	659	1425685474
16	27	715	1425685479
36	34	8	1425685485
30	41	699	1425685490
18	6	100	1425685497
27	8	667	1425685502
29	14	746	1425685507
42	4	766	1425685513
28	7	747	1425685519
8	21	707	1425685524
27	10	752	1425685529
35	0	736	1425685535
13	0	770	1425685541
39	7	735	1425685545
44	28	736	1425685551
22	42	720	1425685556
0	7	57	1425685561
4	20	643	1425685566
22	38	680	1425685572
30	29	95	1425685580
24	1	646	1425685587
8	29	672	1425685592
34	12	689	1425685597
-2	-2	1	1425685603
10	11	649	1425685613
27	41	21	1425685619
38	46	585	1425685624
33	43	16	1425685640
37	6	633	1425685644
43	47	44	1425685649
21	34	689	1425685654
40	43	134	1425685662
0	46	62	1425685667
31	12	714	1425685671
36	47	126	1425685676
23	11	685	1425685680
35	46	689	1425685685
39	9	706	1425685690
45	10	728	1425685695
36	21	754	1425685700
17	36	646	1425685718
28	29	205	1425685724
0	29	625	1425685728
47	46	143	1425685733
26	39	648	1425685738
22	15	17	1425685744
38	5	711	1425685749
20	44	738	1425685754
23	13	628	1425685780
18	38	657	1425685785
29	1	736	1425685790
21	20	756	1425685794
2	26	61	1425685799
8	35	646	1425685803
6	39	728	1425685807
44	39	771	1425685812
45	11	715	1425685816
11	3	712	1425685822
44	12	5	1425685827
19	38	1	1425685831
2	36	41	1425685836
7	23	1	1425685841
1	38	732	1425685845
21	27	181	1425685850
22	16	705	1425685854
1	37	759	1425685859
4	37	711	1425685863
26	29	268	1425685868
45	17	238	1425685872
44	42	730	1425685877
25	0	81	1425685882
36	32	672	1425685886
32	8	712	1425685891
24	8	702	1425685896
24	15	702	1425685901
40	19	700	1425685905
-3	-3	4	1425685910
4	8	735	1425685915
37	23	717	1425685920
32	10	744	1425685929
42	19	724	1425685935
40	12	867	1425685940
5	4	154	1425685945
18	12	760	1425685950
39	43	702	1425685955
47	29	678	1425685959
36	44	698	1425685964
2	34	91	1425685968
43	5	224	1425685972
10	40	653	1425685978
45	3	113	1425685983
19	44	61	1425685988
4	0	716	1425685993
0	31	31	1425685997
21	28	160	1425686013
15	8	29	1425686017
11	12	599	1425686023
3B3Q9v190