151	R	0.0.0.0	1425684928
-1	-2	952	1425685031
-3	-4	221	1425685049
-5	-6	824	1425685066
-7	-7	0	1425685088
-8	-9	121	1425685107
-11	-10	193	1425685118
44	36	948	1425685130
-1	-1	0	1425685142
47	31	826	1425685154
26	13	749	1425685172
38	42	1000	1425685189
35	7	1000	1425685198
35	32	812	1425685207
17	43	911	1425685215
30	4	272	1425685224
20	7	1000	1425685230
37	47	453	1425685243
34	8	224	1425685251
15	27	880	1425685262
10	45	172	1425685272
46	44	693	1425685286
20	45	17	1425685304
44	21	363	1425685322
45	47	452	1425685329
30	21	344	1425685339
16	11	118	1425685346
30	6	546	1425685362
36	4	895	1425685372
1	31	60	1425685388
39	44	410	1425685393
32	9	263	1425685402
3	30	305	1425685412
37	38	1000	1425685418
46	20	483	1425685427
38	47	1000	1425685433
3	39	522	1425685440
19	38	1000	1425685445
4	3	261	1425685456
38	41	1000	1425685461
45	23	108	1425685472
24	2	111	1425685480
43	32	195	1425685489
40	47	709	1425685495
32	45	426	1425685501
20	47	160	1425685507
33	25	63	1425685514
29	9	226	1425685520
33	17	168	1425685527
3	1	468	1425685536
23	25	327	1425685542
15	20	14	1425685550
36	15	802	1425685558
10	5	962	1425685568
38	1	1000	1425685574
41	47	492	1425685580
32	4	448	1425685586
36	18	621	1425685593
16	5	757	1425685598
10	38	1000	1425685604
46	47	431	1425685612
24	9	813	1425685624
37	22	605	1425685629
7	24	1000	1425685636
34	24	944	1425685642
20	22	25	1425685652
22	8	226	1425685661
7	6	1000	1425685665
30	47	105	1425685672
27	5	398	1425685682
44	6	682	1425685690
35	18	451	1425685695
26	28	216	1425685717
19	5	847	1425685725
45	41	630	1425685735
2	5	537	1425685741
10	22	756	1425685748
36	22	740	1425685756
8	5	951	1425685760
12	45	618	1425685768
39	20	401	1425685773
40	28	987	1425685781
24	43	95	1425685789
34	10	396	1425685797
-2	-2	0	1425685805
23	15	43	1425685812
34	9	443	1425685819
9	1	607	1425685827
5	14	629	1425685833
0	36	723	1425685841
45	0	625	1425685848
11	0	675	1425685858
26	0	293	1425685867
25	13	328	1425685872
21	46	113	1425685889
22	42	676	1425685906
43	47	622	1425685914
23	34	349	1425685921
12	39	667	1425685928
40	36	111	1425685936
9	38	1000	1425685942
17	23	12	1425685951
24	41	857	1425685957
11	9	445	1425685967
14	23	462	1425685973
9	20	72	1425685981
43	44	806	1425685989
34	3	793	1425685996
46	8	325	1425686003
39	24	789	1425686010
45	27	965	1425686016
17	19	286	1425686023
46	10	179	1425686028
46	45	466	1425686033
16	2	668	1425686039
25	28	135	1425686045
43	6	447	1425686051
6	10	917	1425686059
44	13	331	1425686063
25	43	669	1425686069
18	25	180	1425686073
16	17	351	1425686087
34	44	284	1425686092
14	2	65	1425686098
2	30	408	1425686103
24	28	476	1425686111
45	31	554	1425686117
26	22	452	1425686124
45	24	772	1425686129
36	33	947	1425686135
0	38	1000	1425686141
27	28	953	1425686146
43	4	709	1425686152
39	0	229	1425686158
16	32	649	1425686165
6	40	820	1425686171
13	15	156	1425686177
25	37	640	1425686184
35	15	114	1425686192
33	37	253	1425686197
43	21	774	1425686203
43	36	64	1425686210
41	29	124	1425686215
25	0	168	1425686222
3	42	131	1425686229
-3	-3	0	1425686239
22	30	20	1425686248
33	31	128	1425686253
6	42	255	1425686259
22	31	205	1425686264
1	25	643	1425686272
2D7N8z457