151	L	0.0.0.0	1425684901
-1	-2	695	1425685067
-3	-4	110	1425685077
-6	-5	352	1425685088
-7	-7	0	1425685100
-9	-8	393	1425685108
-11	-10	324	1425685126
3	7	890	1425685135
29	35	578	1425685146
12	36	948	1425685155
16	10	668	1425685165
9	15	279	1425685176
40	3	718	1425685186
32	23	425	1425685196
30	37	680	1425685202
3	31	633	1425685208
17	36	785	1425685215
5	30	812	1425685223
46	28	335	1425685229
29	27	742	1425685238
43	37	832	1425685244
4	18	716	1425685251
27	41	391	1425685256
44	31	384	1425685262
36	37	690	1425685269
17	41	752	1425685280
39	10	142	1425685287
42	2	251	1425685294
2	10	433	1425685309
13	1	634	1425685322
4	2	851	1425685327
23	19	278	1425685334
15	34	791	1425685340
16	18	408	1425685348
12	44	610	1425685356
4	47	719	1425685368
-1	-1	0	1425685375
13	27	774	1425685381
13	39	625	1425685387
26	44	666	1425685392
29	39	319	1425685399
41	26	628	1425685404
8	31	145	1425685413
38	20	979	1425685422
11	8	831	1425685430
38	7	811	1425685436
14	15	709	1425685443
21	45	316	1425685453
42	5	273	1425685462
41	4	682	1425685472
17	25	680	1425685478
10	17	552	1425685487
13	29	277	1425685494
44	16	584	1425685506
20	8	324	1425685514
24	0	387	1425685522
26	14	262	1425685529
33	20	653	1425685534
26	23	673	1425685542
27	6	397	1425685549
43	15	365	1425685555
40	19	727	1425685561
12	6	631	1425685566
4	46	463	1425685595
12	15	596	1425685602
7	42	902	1425685610
44	28	677	1425685619
4	19	307	1425685626
35	43	609	1425685636
13	21	369	1425685653
20	36	695	1425685660
31	12	715	1425685667
35	31	542	1425685682
35	6	599	1425685688
36	34	380	1425685694
12	32	352	1425685700
44	14	666	1425685709
7	2	975	1425685715
42	26	264	1425685722
15	7	975	1425685727
39	18	296	1425685735
41	19	726	1425685741
27	30	664	1425685747
17	12	732	1425685752
13	10	311	1425685758
46	37	605	1425685767
45	33	626	1425685775
7	27	998	1425685782
27	33	603	1425685788
11	30	589	1425685798
3	33	252	1425685804
0	40	316	1425685810
6	34	342	1425685817
26	16	332	1425685824
15	19	758	1425685829
-2	-2	5	1425685837
19	21	798	1425685843
3	37	727	1425685848
36	30	607	1425685855
19	18	712	1425685860
19	33	734	1425685867
28	37	271	1425685874
31	30	138	1425685883
46	27	747	1425685889
-3	-3	0	1425685897
25	35	701	1425685903
4	33	714	1425685909
2	6	279	1425685921
15	16	718	1425685929
39	43	316	1425685936
9	5	782	1425685942
18	33	178	1425685947
18	41	730	1425685956
16	9	778	1425685964
23	43	337	1425685972
12	34	826	1425685977
3	23	323	1425685984
13	40	840	1425685990
19	6	780	1425685996
7	12	1000	1425686003
2	37	824	1425686008
38	14	928	1425686014
14	42	310	1425686022
46	35	688	1425686027
20	1	402	1425686040
9	8	245	1425686048
44	30	699	1425686054
34	42	746	1425686059
42	9	852	1425686065
38	24	951	1425686070
26	32	328	1425686076
13	4	654	1425686081
20	29	732	1425686087
19	35	690	1425686096
13	17	655	1425686104
47	25	673	1425686109
37	6	649	1425686114
31	36	688	1425686125
2	1	275	1425686131
42	15	628	1425686136
18	34	273	1425686140
33	7	1000	1425686146
2	15	404	1425686154
45	2	711	1425686160
23	36	770	1425686165
14	3	206	1425686170
6	26	243	1425686175
38	3	896	1425686180
28	3	684	1425686185
19	29	668	1425686191
29	4	675	1425686196
2H4R7v718