151	R	0.0.0.0	1425594558
-1	-2	757	1425594653
-3	-4	141	1425594663
-6	-5	621	1425594673
-7	-7	0	1425594678
-9	-8	525	1425594689
-10	-11	203	1425594699
35	33	653	1425594713
34	38	undefined	1425594719
44	18	553	1425594727
16	7	undefined	1425594732
10	3	673	1425594741
39	12	925	1425594747
14	26	709	1425594752
33	30	281	1425594759
8	11	599	1425594763
1	5	904	1425594767
33	8	294	1425594776
45	9	300	1425594787
31	15	647	1425594792
39	43	805	1425594797
31	20	463	1425594804
39	30	718	1425594809
37	25	719	1425594814
26	23	713	1425594819
0	42	793	1425594823
5	44	undefined	1425594827
-1	-1	0	1425594840
37	24	undefined	1425594845
13	22	802	1425594851
44	32	784	1425594857
2	30	328	1425594862
37	2	702	1425594867
46	1	252	1425594873
27	18	713	1425594878
2	10	704	1425594883
7	44	undefined	1425594889
43	34	791	1425594893
15	1	548	1425594899
32	3	713	1425594904
10	22	636	1425594910
42	8	687	1425594915
39	13	675	1425594920
25	43	690	1425594925
19	13	707	1425594930
35	11	856	1425594934
23	19	341	1425594958
1	14	623	1425594962
31	12	783	1425594967
20	30	265	1425594971
8	27	955	1425594975
21	47	620	1425594983
33	9	631	1425594988
25	29	646	1425594993
29	39	187	1425594998
13	0	561	1425595004
31	34	363	1425595019
41	27	784	1425595024
44	11	572	1425595029
29	12	734	1425595033
6	33	566	1425595041
31	10	367	1425595046
32	18	689	1425595051
29	14	685	1425595055
14	22	641	1425595064
38	45	undefined	1425595069
32	10	782	1425595075
32	35	541	1425595082
11	20	698	1425595095
-2	-2	0	1425595100
3	14	0	1425595105
20	35	0	1425595109
39	2	425	1425595116
28	31	0	1425595120
4	47	547	1425595125
41	4	301	1425595130
30	38	undefined	1425595135
40	8	undefined	1425595139
22	29	826	1425595145
29	11	797	1425595152
24	39	808	1425595158
46	34	272	1425595163
7	47	undefined	1425595168
0	8	771	1425595173
26	11	880	1425595178
46	29	331	1425595183
2	4	764	1425595187
5	42	undefined	1425595191
27	46	undefined	1425595195
43	3	358	1425595200
40	23	undefined	1425595204
27	19	827	1425595221
35	45	420	1425595238
12	24	555	1425595248
9	46	709	1425595255
46	28	351	1425595261
28	6	728	1425595267
2	33	673	1425595274
2	31	725	1425595280
14	20	735	1425595286
29	8	169	1425595292
8	47	435	1425595309
29	1	432	1425595315
27	34	880	1425595319
15	10	431	1425595326
14	40	925	1425595331
26	15	842	1425595335
20	1	418	1425595340
36	30	878	1425595345
27	36	837	1425595361
20	32	399	1425595366
14	7	undefined	1425595371
43	21	777	1425595380
21	41	624	1425595384
45	19	479	1425595389
9	3	772	1425595395
8	22	809	1425595400
23	38	undefined	1425595405
19	10	411	1425595411
30	47	552	1425595415
27	33	891	1425595420
39	31	572	1425595426
21	17	654	1425595432
8	7	undefined	1425595437
47	18	706	1425595444
7	5	undefined	1425595450
6	14	590	1425595455
18	3	445	1425595460
2	3	470	1425595466
-3	-3	0	1425595471
36	45	852	1425595475
28	27	848	1425595479
24	44	797	1425595492
23	45	290	1425595498
40	11	900	1425595503
45	26	727	1425595509
6	16	861	1425595513
0	40	966	1425595518
18	24	793	1425595522
32	22	7	1425595527
9	4	406	1425595531
35	42	712	1425595535
39	6	694	1425595540
10	7	undefined	1425595545
21	23	326	1425595550
0	44	677	1425595561
7	12	undefined	1425595565
9	23	723	1425595570
7	1	undefined	1425595574
36	23	913	1425595579
41	38	undefined	1425595584
1H7N9v854