151	L	0.0.0.0	1425592757
-2	-1	1000	1425592849
-4	-3	214	1425592859
-5	-6	780	1425592877
-7	-7	0	1425592883
-8	-9	106	1425592891
-11	-10	44	1425592909
25	16	678	1425592916
7	16	1000	1425592924
10	41	409	1425592934
40	7	466	1425592941
3	12	915	1425592948
39	35	273	1425592957
15	33	781	1425592964
27	8	877	1425592971
6	23	903	1425592979
34	13	767	1425592986
11	42	109	1425592993
8	40	787	1425593008
15	32	99	1425593022
25	36	390	1425593031
14	8	598	1425593043
39	16	736	1425593049
38	36	885	1425593057
32	36	912	1425593066
35	24	133	1425593071
34	30	333	1425593076
35	2	75	1425593080
10	26	616	1425593086
6	0	175	1425593091
35	20	76	1425593096
29	37	179	1425593102
37	40	767	1425593107
34	38	949	1425593113
6	45	975	1425593120
4	23	68	1425593126
16	35	630	1425593132
41	5	918	1425593138
35	47	192	1425593144
32	27	986	1425593152
39	26	665	1425593166
4	0	904	1425593175
15	3	184	1425593181
30	39	917	1425593187
43	10	891	1425593193
19	22	313	1425593198
13	2	340	1425593203
12	46	1000	1425593208
40	31	186	1425593216
6	31	377	1425593221
9	22	320	1425593226
39	11	387	1425593231
-1	-1	9	1425593239
14	18	231	1425593245
5	32	136	1425593254
43	38	1000	1425593261
29	10	89	1425593267
45	4	98	1425593272
16	33	180	1425593277
43	13	673	1425593285
36	10	844	1425593290
16	37	251	1425593295
41	16	undefined	1425593300
43	26	289	1425593308
3	22	447	1425593316
12	23	714	1425593321
41	11	346	1425593328
38	15	1000	1425593332
14	22	918	1425593343
47	2	207	1425593347
23	9	46	1425593352
47	7	1000	1425593359
9	40	878	1425593363
46	38	1000	1425593369
0	43	195	1425593374
15	37	748	1425593381
2	33	103	1425593385
32	47	171	1425593391
33	8	643	1425593399
21	39	22	1425593407
12	20	308	1425593419
38	6	1000	1425593424
37	35	842	1425593429
22	6	903	1425593433
3	27	229	1425593439
44	23	110	1425593444
4	34	867	1425593449
25	38	1000	1425593455
20	17	809	1425593461
46	23	382	1425593468
33	14	341	1425593474
40	33	188	1425593480
19	47	343	1425593487
11	45	727	1425593492
15	18	969	1425593501
13	6	981	1425593509
-2	-2	0	1425593516
35	3	152	1425593523
3	13	398	1425593528
18	10	411	1425593535
0	1	139	1425593543
32	34	930	1425593548
35	4	181	1425593568
27	2	293	1425593574
8	30	285	1425593578
42	16	181	1425593586
36	3	674	1425593592
29	30	377	1425593606
22	4	379	1425593610
0	34	664	1425593615
3	46	473	1425593621
17	15	630	1425593629
2	32	156	1425593638
17	32	731	1425593643
26	17	702	1425593647
14	9	798	1425593651
40	15	468	1425593657
41	20	786	1425593662
8	24	409	1425593667
8	6	788	1425593673
2	3	118	1425593679
34	27	388	1425593685
6	21	110	1425593690
34	1	593	1425593696
21	35	775	1425593701
45	36	938	1425593705
28	38	989	1425593711
13	33	760	1425593716
22	46	887	1425593725
1	41	391	1425593730
47	29	undefined	1425593735
30	45	173	1425593740
10	15	311	1425593744
28	33	183	1425593751
22	24	85	1425593755
8	26	404	1425593760
21	32	124	1425593767
37	42	231	1425593777
19	13	162	1425593781
17	22	347	1425593786
30	9	63	1425593790
-3	-3	4	1425593795
42	1	397	1425593800
34	14	640	1425593805
28	15	888	1425593810
41	39	undefined	1425593815
4	44	164	1425593822
30	41	860	1425593826
41	7	1000	1425593830
15	25	199	1425593834
40	18	168	1425593838
5H3P6t309