151	R	0.0.0.0	1425596359
-2	-1	undefined	1425596443
-4	-3	682	1425596454
-5	-6	917	1425596471
-7	-7	0	1425596481
-8	-9	602	1425596492
-10	-11	541	1425596503
22	19	876	1425596512
43	12	979	1425596524
26	0	564	1425596542
12	38	undefined	1425596550
40	37	undefined	1425596559
0	18	390	1425596578
15	24	577	1425596589
4	32	654	1425596604
22	40	916	1425596609
13	32	914	1425596621
1	20	931	1425596632
24	40	427	1425596645
26	44	709	1425596659
25	9	381	1425596673
36	31	964	1425596683
32	5	852	1425596693
41	23	597	1425596705
13	24	928	1425596719
33	12	967	1425596726
15	7	undefined	1425596732
6	37	616	1425596744
35	7	997	1425596750
22	42	898	1425596758
33	39	590	1425596768
16	19	774	1425596781
47	41	811	1425596790
19	20	362	1425596799
7	1	undefined	1425596805
47	5	undefined	1425596813
41	20	700	1425596821
7	45	991	1425596829
12	20	647	1425596840
8	27	undefined	1425596857
47	4	862	1425596869
25	30	417	1425596877
10	16	418	1425596891
27	22	undefined	1425596952
37	5	undefined	1425596959
19	27	915	1425596965
37	9	577	1425596992
-1	-1	53	1425597000
25	40	913	1425597008
21	34	731	1425597024
27	47	837	1425597037
5	38	817	1425597045
41	36	936	1425597051
7	17	undefined	1425597058
16	35	980	1425597064
8	2	829	1425597078
24	27	966	1425597082
7	28	undefined	1425597089
35	12	865	1425597094
12	29	989	1425597100
8	16	595	1425597109
2	4	753	1425597118
39	9	584	1425597128
22	36	839	1425597141
25	26	696	1425597153
35	10	475	1425597160
26	45	597	1425597168
47	1	862	1425597175
34	46	423	1425597183
11	26	685	1425597193
46	29	398	1425597199
-2	-2	0	1425597206
11	17	391	1425597212
5	14	884	1425597218
6	14	908	1425597223
8	1	689	1425597230
25	47	undefined	1425597235
4	20	784	1425597241
23	4	926	1425597245
23	6	946	1425597250
25	1	676	1425597255
40	34	986	1425597261
15	2	849	1425597266
13	30	339	1425597271
0	11	663	1425597275
6	30	865	1425597279
28	39	404	1425597283
11	4	443	1425597288
25	15	305	1425597295
12	42	700	1425597303
10	36	958	1425597308
29	14	626	1425597313
25	31	452	1425597317
46	41	312	1425597322
18	21	472	1425597327
19	45	716	1425597332
13	21	654	1425597336
1	39	440	1425597342
33	40	947	1425597347
3	34	699	1425597352
14	26	362	1425597357
8	15	410	1425597361
14	20	566	1425597365
9	27	888	1425597373
6	10	609	1425597379
43	46	536	1425597384
24	9	677	1425597390
44	25	364	1425597395
40	5	211	1425597406
22	25	753	1425597411
20	28	643	1425597415
18	43	685	1425597421
43	26	375	1425597426
4	45	407	1425597432
26	36	688	1425597437
37	10	329	1425597448
39	13	603	1425597454
27	30	835	1425597468
-3	-3	0	1425597473
26	18	435	1425597478
29	16	472	1425597484
47	36	undefined	1425597488
36	15	810	1425597496
32	16	891	1425597501
9	20	342	1425597507
20	13	335	1425597511
17	43	710	1425597518
40	0	931	1425597523
21	43	987	1425597528
32	45	826	1425597533
22	44	908	1425597540
36	44	929	1425597546
26	5	974	1425597551
39	20	832	1425597557
20	47	439	1425597564
41	1	418	1425597570
31	46	380	1425597577
34	41	382	1425597582
9	6	555	1425597588
46	0	377	1425597593
22	26	420	1425597597
0	10	387	1425597602
6	1	872	1425597608
41	13	830	1425597613
42	19	572	1425597618
34	18	592	1425597623
10	30	367	1425597628
31	24	834	1425597634
7	2	994	1425597638
44	33	624	1425597643
38	46	988	1425597647
1F4L9t209