151	L	0.0.0.0	1425596358
-2	-1	1000	1425596472
-3	-4	348	1425596480
-6	-5	935	1425596489
-7	-7	50	1425596502
-8	-9	707	1425596515
-10	-11	912	1425596537
11	1	698	1425596549
2	31	757	1425596692
44	24	949	1425596698
37	4	606	1425596705
4	46	202	1425596734
45	20	589	1425596741
36	1	672	1425596745
9	41	572	1425596750
30	24	970	1425596755
8	43	757	1425596760
9	13	224	1425596765
17	0	952	1425596770
44	9	301	1425596774
30	28	933	1425596780
8	40	813	1425596785
13	12	964	1425596789
2	12	841	1425596793
10	45	207	1425596798
35	11	736	1425596804
15	17	903	1425596809
27	20	695	1425596814
3	20	978	1425596820
26	28	979	1425596825
30	31	698	1425596830
28	2	626	1425596836
10	19	324	1425596840
8	17	38	1425596845
10	17	239	1425596853
46	28	61	1425596864
36	43	648	1425596888
44	3	961	1425596893
-1	-1	55	1425596899
46	11	681	1425596903
12	25	914	1425596908
44	21	713	1425596913
46	12	950	1425596920
0	24	934	1425596924
40	21	960	1425596930
14	37	932	1425596935
31	21	805	1425596940
22	9	618	1425596945
4	21	777	1425596951
29	47	944	1425596955
11	41	697	1425596961
41	3	940	1425596966
3	30	954	1425596970
44	39	765	1425596976
34	9	642	1425596984
37	43	886	1425596991
19	25	610	1425596997
46	47	969	1425597003
4	6	635	1425597007
35	14	908	1425597013
34	6	948	1425597018
29	5	938	1425597025
5	15	950	1425597030
1	28	629	1425597037
21	36	951	1425597041
45	34	956	1425597047
40	16	974	1425597052
44	17	784	1425597058
17	18	818	1425597063
9	38	955	1425597071
44	27	791	1425597083
5	2	684	1425597089
12	31	883	1425597094
42	35	895	1425597102
-2	-2	0	1425597115
22	14	738	1425597120
4	25	744	1425597144
38	27	963	1425597159
28	33	759	1425597164
0	19	754	1425597169
22	24	966	1425597175
20	46	657	1425597180
16	2	902	1425597188
28	29	301	1425597194
22	28	817	1425597199
23	15	373	1425597228
29	45	844	1425597234
16	13	863	1425597238
41	14	1000	1425597243
23	27	809	1425597247
43	24	723	1425597252
27	11	1000	1425597256
17	24	860	1425597260
39	43	879	1425597267
19	18	650	1425597272
27	42	836	1425597276
36	40	871	1425597280
24	33	899	1425597285
6	18	627	1425597291
40	47	788	1425597295
15	14	885	1425597300
7	44	1000	1425597304
28	9	696	1425597309
1	12	902	1425597314
31	44	357	1425597320
20	10	328	1425597324
38	24	769	1425597329
45	42	1000	1425597333
26	13	740	1425597338
27	17	933	1425597361
13	37	392	1425597366
14	34	826	1425597371
3	2	713	1425597378
2	26	892	1425597383
10	23	270	1425597387
8	26	676	1425597392
7	23	1000	1425597397
13	31	375	1425597401
42	37	824	1425597406
40	46	1000	1425597411
32	20	779	1425597415
17	19	687	1425597421
41	37	233	1425597428
7	11	1000	1425597433
1	42	771	1425597449
28	36	866	1425597454
44	46	368	1425597458
13	36	745	1425597463
24	37	882	1425597468
39	46	331	1425597474
10	34	363	1425597479
15	3	667	1425597486
23	18	639	1425597494
47	19	732	1425597499
31	26	735	1425597504
23	3	649	1425597508
3	16	805	1425597513
36	46	1000	1425597518
3	1	757	1425597522
24	7	971	1425597528
4	36	766	1425597533
42	2	847	1425597539
40	38	1000	1425597544
21	16	325	1425597551
31	27	832	1425597556
1	46	323	1425597561
-3	-3	0	1425597566
37	30	684	1425597571
27	46	876	1425597576
13	5	932	1425597587
38	42	879	1425597593
4D5M9z272