151	R	0.0.0.0	1425592748
-1	-2	929	1425592831
-3	-4	174	1425592861
-5	-6	595	1425592873
-7	-7	0	1425592878
-8	-9	440	1425592887
-11	-10	91	1425592899
34	22	975	1425592911
22	37	740	1425592918
43	3	223	1425592926
26	43	723	1425592931
6	7	undefined	1425592936
47	23	301	1425592944
10	23	433	1425592950
20	42	938	1425592956
6	41	844	1425592961
34	13	690	1425592967
0	19	558	1425592978
43	41	897	1425592982
7	11	undefined	1425592989
1	35	779	1425592995
12	37	538	1425593002
37	40	947	1425593007
46	44	475	1425593024
6	30	644	1425593032
12	26	542	1425593036
13	7	926	1425593064
29	0	713	1425593070
44	41	451	1425593076
47	4	709	1425593083
47	5	undefined	1425593088
28	24	974	1425593092
11	9	625	1425593097
-1	-1	0	1425593102
24	45	878	1425593107
5	28	969	1425593112
10	11	605	1425593118
46	14	866	1425593123
29	33	854	1425593127
19	15	775	1425593133
0	45	695	1425593138
47	21	759	1425593144
29	37	375	1425593149
46	41	380	1425593154
6	15	684	1425593158
9	45	667	1425593176
12	34	754	1425593182
47	45	943	1425593204
17	13	768	1425593210
25	10	720	1425593215
11	8	760	1425593219
39	27	998	1425593225
31	0	680	1425593230
5	30	969	1425593235
37	42	796	1425593239
39	21	305	1425593244
15	31	708	1425593268
20	44	682	1425593272
31	38	undefined	1425593277
33	10	656	1425593281
24	31	953	1425593286
31	23	428	1425593307
31	28	466	1425593312
46	21	375	1425593319
14	23	731	1425593324
22	17	756	1425593328
9	27	902	1425593334
2	7	undefined	1425593338
41	20	744	1425593343
4	8	428	1425593350
32	3	433	1425593355
6	13	634	1425593360
39	2	666	1425593368
1	29	482	1425593373
12	45	890	1425593377
29	44	467	1425593382
1	44	616	1425593387
21	16	365	1425593391
37	18	651	1425593397
30	10	667	1425593412
11	6	773	1425593416
33	42	821	1425593421
29	16	348	1425593426
39	13	708	1425593431
28	44	635	1425593435
38	18	undefined	1425593440
29	38	undefined	1425593444
36	21	undefined	1425593465
23	4	662	1425593470
0	36	undefined	1425593474
28	34	422	1425593480
17	15	760	1425593484
36	12	465	1425593492
28	9	582	1425593496
37	25	740	1425593502
-2	-2	0	1425593508
17	46	346	1425593513
42	29	867	1425593518
13	40	919	1425593522
30	2	634	1425593526
18	28	687	1425593532
0	23	732	1425593540
22	25	401	1425593545
36	1	undefined	1425593551
10	12	749	1425593565
17	21	632	1425593569
45	11	868	1425593573
39	20	652	1425593578
0	42	undefined	1425593583
10	27	undefined	1425593587
25	41	724	1425593592
40	1	undefined	1425593597
39	9	899	1425593601
34	24	872	1425593606
41	34	887	1425593610
1	45	741	1425593616
47	39	877	1425593620
31	7	undefined	1425593625
17	1	423	1425593630
5	34	959	1425593634
37	11	450	1425593651
0	10	624	1425593656
18	45	785	1425593660
2	20	846	1425593667
26	4	653	1425593675
16	46	370	1425593680
37	1	718	1425593685
38	15	undefined	1425593689
22	30	403	1425593695
47	15	750	1425593699
19	9	352	1425593704
0	34	612	1425593709
8	32	802	1425593745
3	40	155	1425593750
24	42	230	1425593754
47	46	397	1425593760
9	30	251	1425593764
19	44	278	1425593768
7	26	undefined	1425593773
21	7	undefined	1425593777
35	42	399	1425593782
33	41	455	1425593799
26	35	629	1425593803
2	24	214	1425593809
1	8	585	1425593814
42	7	undefined	1425593819
40	20	778	1425593823
41	45	640	1425593843
-3	-3	0	1425593848
44	40	878	1425593853
47	42	614	1425593857
2D4M6w474