151	L	0.0.0.0	1425594545
-1	-2	1000	1425594619
-4	-3	484	1425594628
-5	-6	971	1425594635
-7	-7	0	1425594641
-8	-9	951	1425594649
-10	-11	468	1425594660
20	18	122	1425594666
15	32	473	1425594676
30	40	1000	1425594682
45	22	586	1425594690
47	40	1000	1425594695
30	26	664	1425594701
4	38	1000	1425594706
15	34	899	1425594714
44	38	1000	1425594719
20	46	999	1425594726
1	35	657	1425594733
0	27	1000	1425594738
44	36	1000	1425594744
14	24	707	1425594752
43	0	958	1425594757
29	32	1000	1425594763
17	8	451	1425594769
15	29	849	1425594778
21	40	1000	1425594785
20	37	980	1425594790
24	32	683	1425594798
11	13	999	1425594804
2	38	1000	1425594808
11	27	1000	1425594813
14	4	767	1425594821
46	35	871	1425594828
5	9	1000	1425594834
41	2	998	1425594840
14	5	831	1425594848
34	45	987	1425594853
34	19	992	1425594858
24	42	926	1425594865
26	10	616	1425594872
33	0	451	1425594879
20	2	972	1425594885
-1	-1	0	1425594890
19	35	411	1425594896
24	11	997	1425594902
25	15	562	1425594908
1	39	476	1425594914
22	12	469	1425594920
1	38	1000	1425594925
29	4	557	1425594930
1	19	973	1425594938
37	7	1000	1425594943
13	5	944	1425594951
16	4	907	1425594956
26	4	576	1425594961
17	18	872	1425594968
0	35	583	1425594974
5	35	994	1425594980
20	8	520	1425594989
42	30	613	1425594996
11	4	760	1425595000
31	19	828	1425595006
33	47	533	1425595016
5	31	1000	1425595022
26	8	467	1425595030
45	28	710	1425595035
44	1	998	1425595040
10	44	437	1425595048
41	8	924	1425595054
3	11	997	1425595059
45	3	573	1425595067
27	17	998	1425595071
22	20	417	1425595080
33	41	393	1425595088
33	38	1000	1425595093
6	40	969	1425595100
35	12	888	1425595108
43	22	664	1425595114
38	19	1000	1425595119
46	15	1000	1425595124
2	5	1000	1425595131
47	3	460	1425595138
5	4	1000	1425595143
32	33	1000	1425595148
16	31	686	1425595155
47	20	832	1425595160
-2	-2	0	1425595166
29	27	991	1425595173
16	39	641	1425595179
37	23	551	1425595186
1	42	785	1425595197
19	43	971	1425595203
47	39	472	1425595209
13	6	746	1425595215
12	16	985	1425595221
22	6	982	1425595226
42	41	455	1425595233
27	38	1000	1425595239
45	11	995	1425595246
9	34	743	1425595255
33	45	470	1425595263
28	0	954	1425595269
8	46	880	1425595276
14	12	955	1425595282
39	5	983	1425595288
-3	-3	0	1425595294
27	6	471	1425595302
19	30	988	1425595307
34	14	563	1425595315
23	8	230	1425595322
46	24	840	1425595327
43	23	911	1425595334
28	20	468	1425595341
6	47	208	1425595348
1	40	465	1425595356
2	7	1000	1425595361
41	47	886	1425595367
2	12	911	1425595372
12	44	425	1425595378
0	12	855	1425595383
15	21	898	1425595390
11	18	920	1425595395
4	12	428	1425595400
33	22	419	1425595407
18	25	398	1425595413
25	5	811	1425595419
44	19	79	1425595430
34	0	859	1425595436
8	1	316	1425595443
26	43	347	1425595449
31	23	162	1425595454
12	27	930	1425595462
4	33	78	1425595468
3	28	416	1425595473
28	4	748	1425595480
42	26	693	1425595485
9	30	107	1425595490
5	12	280	1425595495
24	29	808	1425595500
5	27	949	1425595507
6	41	401	1425595516
20	41	918	1425595521
46	0	873	1425595526
7	46	1000	1425595531
37	18	907	1425595536
14	42	337	1425595541
21	4	442	1425595548
40	12	999	1425595552
34	13	839	1425595557
47	15	408	1425595563
36	11	980	1425595571
4C3R5v158