151	R	0.0.0.0	1425592755
-2	-1	711	1425592917
-4	-3	622	1425592925
-6	-5	756	1425592932
-7	-7	91	1425592942
-8	-9	563	1425592948
-10	-11	780	1425592955
44	10	547	1425592962
25	9	709	1425592968
5	1	814	1425592974
7	18	905	1425592981
35	27	855	1425592987
29	7	841	1425592994
32	40	863	1425593000
36	9	850	1425593006
42	36	840	1425593011
37	34	707	1425593018
19	36	873	1425593025
21	40	889	1425593030
1	39	906	1425593036
32	19	794	1425593042
7	44	877	1425593053
5	31	886	1425593059
19	24	909	1425593065
46	18	undefined	1425593072
32	46	858	1425593078
36	11	771	1425593084
28	39	916	1425593093
12	5	788	1425593099
25	7	863	1425593106
7	14	884	1425593112
5	38	883	1425593117
45	44	833	1425593126
6	47	692	1425593133
-1	-1	301	1425593139
37	44	557	1425593145
28	19	602	1425593151
45	39	642	1425593156
41	25	554	1425593179
11	13	624	1425593184
16	23	577	1425593190
9	18	619	1425593195
24	1	659	1425593200
36	21	908	1425593207
35	36	689	1425593213
17	2	676	1425593227
46	6	746	1425593232
14	45	641	1425593240
26	5	620	1425593247
4	16	675	1425593254
6	24	663	1425593260
8	25	686	1425593265
9	3	undefined	1425593271
46	16	726	1425593277
1	33	738	1425593282
46	40	763	1425593288
32	14	792	1425593294
34	43	856	1425593299
14	30	828	1425593305
2	46	879	1425593309
1	17	undefined	1425593314
22	25	932	1425593320
1	46	undefined	1425593326
43	22	859	1425593331
2	22	832	1425593336
46	24	941	1425593341
24	20	876	1425593346
21	5	912	1425593351
2	28	undefined	1425593357
33	42	919	1425593363
31	18	922	1425593367
47	22	899	1425593373
35	34	905	1425593379
20	27	924	1425593385
24	3	903	1425593390
-2	-2	undefined	1425593397
40	38	undefined	1425593403
7	5	undefined	1425593408
8	2	908	1425593413
8	35	954	1425593418
29	8	948	1425593423
27	39	953	1425593429
4	26	undefined	1425593434
31	23	627	1425593441
12	11	undefined	1425593447
44	18	910	1425593452
40	4	937	1425593458
17	39	901	1425593463
23	0	undefined	1425593470
7	1	undefined	1425593476
19	45	971	1425593481
23	30	931	1425593488
1	8	911	1425593503
35	40	undefined	1425593508
33	47	931	1425593513
18	24	957	1425593518
38	21	976	1425593524
10	21	undefined	1425593530
22	7	947	1425593536
47	15	undefined	1425593541
39	22	949	1425593546
4	28	926	1425593552
37	4	954	1425593558
12	16	972	1425593564
46	42	undefined	1425593570
34	25	937	1425593575
5	46	948	1425593581
13	7	undefined	1425593586
20	42	941	1425593591
47	12	undefined	1425593596
7	8	979	1425593602
17	37	937	1425593608
22	1	965	1425593614
-3	-3	undefined	1425593619
19	34	undefined	1425593625
18	22	959	1425593630
20	43	925	1425593636
15	4	undefined	1425593643
0	29	915	1425593648
27	38	undefined	1425593654
33	5	undefined	1425593660
45	3	887	1425593665
43	40	912	1425593670
25	44	undefined	1425593677
47	18	922	1425593683
22	29	945	1425593688
38	13	980	1425593694
45	42	977	1425593699
12	41	983	1425593704
19	0	948	1425593709
16	36	886	1425593714
25	10	976	1425593719
42	18	907	1425593724
37	39	undefined	1425593729
28	23	undefined	1425593735
28	12	823	1425593741
25	19	828	1425593746
3	0	754	1425593754
3	16	764	1425593759
30	28	805	1425593766
22	28	758	1425593771
5	17	688	1425593777
36	28	733	1425593782
18	29	746	1425593788
18	45	787	1425593793
27	10	undefined	1425593799
22	23	846	1425593804
28	43	undefined	1425593811
23	8	865	1425593816
38	8	undefined	1425593821
34	29	undefined	1425593827
1D3M6y727