151	R	0.0.0.0	1425684940
-2	-1	610	1425685038
-3	-4	8	1425685056
-5	-6	951	1425685085
-7	-7	0	1425685095
-8	-9	24	1425685108
-11	-10	77	1425685129
29	37	78	1425685148
35	23	67	1425685160
22	40	966	1425685176
17	30	48	1425685194
37	34	326	1425685218
33	34	90	1425685235
31	18	906	1425685250
17	8	0	1425685269
23	32	891	1425685284
38	0	969	1425685296
25	26	4	1425685310
18	37	931	1425685325
13	39	126	1425685346
35	2	663	1425685372
46	43	0	1425685385
28	19	826	1425685394
2	7	876	1425685404
40	31	837	1425685418
41	12	955	1425685431
13	24	729	1425685439
10	14	1000	1425685449
5	44	51	1425685460
33	41	282	1425685470
30	5	46	1425685481
32	21	345	1425685491
1	30	0	1425685500
12	36	624	1425685510
13	37	753	1425685518
46	19	98	1425685532
40	16	749	1425685542
21	16	912	1425685555
42	27	488	1425685569
22	21	884	1425685578
25	11	674	1425685588
38	32	951	1425685594
43	45	953	1425685607
-1	-1	0	1425685615
8	9	0	1425685623
4	19	46	1425685632
21	19	774	1425685642
5	36	359	1425685653
24	19	109	1425685668
21	33	694	1425685677
17	46	33	1425685686
32	28	872	1425685695
30	43	600	1425685712
32	43	157	1425685729
37	27	726	1425685739
5	22	70	1425685776
36	26	53	1425685795
34	19	763	1425685811
19	23	675	1425685823
8	10	535	1425685835
46	26	238	1425685848
37	45	661	1425685856
1	16	173	1425685869
5	3	52	1425685878
6	24	426	1425685886
22	0	463	1425685895
26	23	595	1425685909
36	37	863	1425685917
26	37	832	1425685924
20	7	939	1425685932
33	2	14	1425685945
10	1	205	1425685968
45	15	229	1425685977
24	33	415	1425685985
22	26	778	1425685992
11	2	346	1425686001
14	37	876	1425686007
46	15	623	1425686015
33	45	704	1425686022
29	27	924	1425686029
10	20	793	1425686036
13	10	48	1425686049
9	12	955	1425686060
47	45	734	1425686069
44	9	610	1425686075
27	46	557	1425686081
41	17	317	1425686086
24	34	790	1425686099
19	3	856	1425686106
4	23	280	1425686112
3	15	907	1425686119
-2	-2	0	1425686124
34	6	750	1425686129
44	43	901	1425686135
43	9	959	1425686140
29	35	140	1425686148
33	12	895	1425686156
31	17	149	1425686163
20	11	449	1425686172
14	47	187	1425686178
46	41	0	1425686185
40	21	929	1425686191
47	30	185	1425686198
31	32	753	1425686205
22	13	928	1425686211
34	26	475	1425686220
31	3	460	1425686233
35	1	644	1425686239
16	47	261	1425686247
2	32	538	1425686252
35	4	532	1425686258
24	16	332	1425686269
15	25	388	1425686278
3	39	723	1425686283
14	43	0	1425686288
14	31	803	1425686297
0	16	343	1425686306
33	3	169	1425686323
25	21	602	1425686328
6	14	88	1425686333
9	47	369	1425686341
32	42	280	1425686347
3	28	645	1425686353
39	29	78	1425686361
45	8	203	1425686369
21	42	429	1425686375
23	43	426	1425686382
6	41	408	1425686387
35	27	382	1425686392
47	28	408	1425686398
41	38	419	1425686402
18	42	421	1425686410
36	16	441	1425686416
5	0	408	1425686421
35	41	611	1425686426
16	4	449	1425686433
34	7	745	1425686439
11	41	638	1425686445
12	21	680	1425686453
15	6	418	1425686461
11	27	388	1425686473
-3	-3	47	1425686480
0	40	551	1425686489
32	45	646	1425686497
22	36	424	1425686503
23	27	538	1425686509
36	23	446	1425686513
29	6	420	1425686518
5	21	474	1425686523
10	34	390	1425686528
14	30	531	1425686534
2E7M9y845