151	L	0.0.0.0	1425685286
-1	-2	25	1425685581
-3	-4	407	1425685679
-5	-6	569	1425685690
-7	-7	115	1425685699
-8	-9	703	1425685711
-11	-10	357	1425685719
42	13	794	1425685726
30	9	584	1425685736
44	31	407	1425685764
20	38	1000	1425685825
32	27	770	1425685831
16	20	681	1425685837
42	5	734	1425685844
38	19	1000	1425685854
33	35	797	1425685862
41	26	766	1425685869
3	36	772	1425685876
9	18	748	1425685886
12	18	660	1425685894
8	4	198	1425685906
43	17	721	1425685976
11	21	606	1425685982
38	8	888	1425685988
25	26	557	1425685995
1	12	741	1425686002
5	2	774	1425686008
41	0	592	1425686019
26	23	633	1425686080
26	44	641	1425686085
32	42	608	1425686092
12	8	636	1425686097
9	41	686	1425686103
32	10	710	1425686109
18	41	666	1425686116
40	28	699	1425686121
5	26	656	1425686128
30	12	668	1425686133
6	47	635	1425686138
47	38	1000	1425686143
34	16	0	1425686148
43	38	1000	1425686155
22	35	419	1425686162
38	14	682	1425686167
13	22	460	1425686173
7	5	1000	1425686177
16	33	647	1425686185
12	5	391	1425686191
3	25	379	1425686196
29	17	0	1425686202
3	4	628	1425686207
-1	-1	0	1425686212
36	34	604	1425686217
44	33	623	1425686222
33	11	644	1425686227
5	31	591	1425686232
11	24	648	1425686238
22	4	608	1425686244
30	34	637	1425686249
8	35	737	1425686254
41	3	683	1425686260
12	14	701	1425686265
4	38	783	1425686270
15	42	773	1425686275
22	17	456	1425686283
34	9	709	1425686289
36	12	653	1425686295
-2	-2	0	1425686299
6	1	669	1425686305
1	27	706	1425686310
29	15	648	1425686315
42	35	665	1425686320
46	40	693	1425686326
1	13	685	1425686331
14	19	604	1425686336
1	18	672	1425686341
7	32	733	1425686348
45	44	740	1425686353
30	4	674	1425686358
39	22	630	1425686363
36	39	673	1425686368
22	11	715	1425686373
40	24	664	1425686378
44	12	690	1425686383
4	17	204	1425686389
22	47	605	1425686394
42	23	676	1425686400
45	21	236	1425686405
12	43	186	1425686410
38	26	645	1425686415
17	2	709	1425686421
14	43	46	1425686431
32	1	601	1425686436
47	2	296	1425686440
4	31	4	1425686448
11	7	761	1425686453
35	16	735	1425686458
46	6	629	1425686463
44	1	743	1425686469
39	43	719	1425686474
13	9	237	1425686480
24	22	688	1425686485
13	36	643	1425686490
40	6	662	1425686496
12	39	648	1425686501
25	40	682	1425686506
29	21	310	1425686511
28	7	764	1425686516
46	14	711	1425686522
4	42	742	1425686527
39	6	715	1425686532
0	3	729	1425686536
-3	-3	2	1425686542
2	39	586	1425686547
45	18	639	1425686552
0	27	852	1425686557
23	11	780	1425686562
7	3	763	1425686567
4	19	183	1425686572
13	7	883	1425686577
21	3	735	1425686583
9	6	608	1425686587
0	39	126	1425686593
14	8	656	1425686599
28	30	707	1425686603
0	2	694	1425686608
29	46	182	1425686614
23	34	677	1425686623
8	33	606	1425688452
28	21	546	1425688461
15	40	733	1425688466
5	36	654	1425688471
46	10	317	1425688476
6	26	634	1425688482
35	23	626	1425688487
31	1	288	1425688492
6	28	605	1425688497
13	40	695	1425688501
6	43	573	1425688506
17	33	363	1425688511
21	19	598	1425688516
32	14	612	1425688521
16	39	584	1425688526
38	1	702	1425688531
0	5	599	1425688536
35	29	755	1425688541
42	30	718	1425688546
42	27	645	1425688622
27	39	622	1425688627
15	4	339	1425688632
36	10	604	1425688637
4D5L5t569