151	R	0.0.0.0	1425685230
-2	-1	1000	1425685344
-4	-3	376	1425685404
-6	-5	819	1425685420
-7	-7	0	1425685431
-8	-9	703	1425685479
-10	-11	712	1425685500
11	10	744	1425685514
43	33	967	1425685539
46	12	1000	1425685551
7	21	1000	1425685560
31	10	390	1425685578
21	4	427	1425685616
7	17	1000	1425685623
5	47	1000	1425685630
8	17	440	1425685644
1	20	847	1425685681
8	7	1000	1425685687
44	20	444	1425685695
2	9	1000	1425685702
8	5	1000	1425685726
24	28	1000	1425685735
1	26	604	1425685747
39	11	414	1425685781
23	1	643	1425685791
25	21	595	1425685799
27	5	1000	1425685807
-1	-1	29	1425685819
16	13	604	1425685827
47	41	1000	1425685833
1	15	765	1425685846
47	45	1000	1425685853
1	42	1000	1425685858
41	21	291	1425685864
24	29	1000	1425685870
1	28	575	1425685889
18	16	698	1425685898
8	42	1000	1425685904
38	18	1000	1425685910
33	23	334	1425685919
38	3	1000	1425685924
35	34	814	1425685944
6	8	1000	1425685952
5	38	162	1425685962
29	37	198	1425685973
30	16	713	1425685980
33	42	929	1425685986
7	20	1000	1425685993
19	17	813	1425686000
10	40	1000	1425686012
12	6	1000	1425686018
21	0	738	1425686026
43	44	923	1425686037
43	40	359	1425686060
17	5	1000	1425686139
16	12	1000	1425686144
16	31	413	1425686151
38	40	727	1425686157
15	3	146	1425686163
17	31	26	1425686168
45	36	1000	1425686175
31	47	924	1425686183
15	38	1000	1425686188
10	20	783	1425686196
5	16	1000	1425686203
40	14	996	1425686210
22	38	1000	1425686216
39	28	401	1425686226
19	20	109	1425686234
10	21	0	1425686241
24	31	1000	1425686248
35	43	654	1425686255
18	31	744	1425686263
15	21	802	1425686270
4	35	949	1425686277
19	16	864	1425686287
5	1	1000	1425686293
39	37	698	1425686302
18	39	792	1425686322
32	19	847	1425686329
40	0	1000	1425686335
23	44	356	1425686341
21	30	776	1425686349
26	8	643	1425686358
19	6	396	1425686367
19	13	684	1425686375
6	20	437	1425686385
24	26	1000	1425686390
2	37	1000	1425686397
39	24	960	1425686405
37	40	1000	1425686411
46	39	355	1425686416
37	3	717	1425686424
18	4	756	1425686435
32	15	267	1425686444
26	17	893	1425686449
37	10	330	1425686454
20	4	669	1425686460
12	23	940	1425686465
-2	-2	0	1425686470
47	14	1000	1425686476
28	37	253	1425686483
26	29	698	1425686497
16	1	905	1425686504
42	38	983	1425686516
27	11	1000	1425686527
20	22	412	1425686544
36	6	836	1425686552
4	10	428	1425686565
46	3	611	1425686574
45	46	555	1425686583
2	27	216	1425686592
45	39	711	1425686600
39	13	375	1425686609
0	32	317	1425686617
11	3	887	1425686624
10	33	332	1425686631
41	29	152	1425686638
29	31	280	1425686644
31	19	631	1425686654
8	28	265	1425686661
40	39	1000	1425686666
21	16	600	1425686674
13	41	588	1425686683
19	46	835	1425686689
44	38	1000	1425686696
16	37	239	1425686701
46	16	359	1425686706
38	28	1000	1425686712
29	1	355	1425686717
14	1	875	1425686723
7	4	1000	1425686727
17	16	347	1425686732
24	19	636	1425686738
2	20	860	1425686743
14	21	942	1425686748
12	24	679	1425686755
-3	-3	0	1425686760
26	34	775	1425686765
1	17	635	1425686770
13	12	448	1425686777
13	18	627	1425686782
18	8	740	1425686788
43	31	879	1425686793
42	6	368	1425686798
6	41	1000	1425686803
17	41	201	1425686808
24	36	288	1425686813
26	33	635	1425686818
31	8	0	1425686823
35	10	904	1425686828
4B3L5y229