151	R	0.0.0.0	1425684939
-2	-1	1000	1425685031
-3	-4	751	1425685044
-5	-6	765	1425685081
-7	-7	0	1425685114
-9	-8	591	1425685127
-11	-10	439	1425685137
44	37	627	1425685148
14	45	888	1425685156
31	37	220	1425685166
36	23	1000	1425685173
29	17	0	1425685184
3	41	1000	1425685191
20	21	609	1425685201
12	24	262	1425685211
13	16	960	1425685220
2	47	819	1425685228
30	21	422	1425685237
19	41	949	1425685245
15	35	305	1425685252
40	27	583	1425685260
16	9	826	1425685267
46	41	596	1425685275
-1	-1	0	1425685283
18	44	390	1425685289
5	3	593	1425685299
44	12	839	1425685304
21	42	458	1425685311
5	29	902	1425685316
18	0	139	1425685326
6	13	658	1425685334
21	46	169	1425685340
21	43	637	1425685347
18	38	1000	1425685353
2	10	808	1425685360
46	27	900	1425685366
15	31	854	1425685374
39	6	664	1425685381
6	33	47	1425685389
19	8	354	1425685395
39	10	150	1425685402
31	21	170	1425685411
23	4	236	1425685421
5	17	1000	1425685428
27	11	999	1425685445
25	27	983	1425685451
6	43	996	1425685457
11	18	992	1425685464
3	17	971	1425685469
43	5	577	1425685477
25	33	650	1425685483
21	35	984	1425685492
32	13	859	1425685504
6	28	715	1425685513
19	17	647	1425685518
21	23	631	1425685527
31	41	861	1425685535
46	47	879	1425685543
35	29	889	1425685549
3	16	1000	1425685557
32	7	1000	1425685562
2	31	1000	1425685568
13	28	368	1425685578
45	35	372	1425685586
43	39	911	1425685625
26	14	423	1425685631
5	9	1000	1425685694
10	19	951	1425685715
13	17	425	1425685722
19	44	341	1425685727
20	16	949	1425685735
41	26	998	1425685742
33	39	827	1425685748
10	22	1000	1425685753
18	41	929	1425685758
29	10	165	1425685768
27	6	823	1425685773
40	13	1000	1425685780
19	24	940	1425685788
28	42	883	1425685800
41	40	948	1425685806
2	40	955	1425685814
19	31	587	1425685821
11	14	1000	1425685826
38	4	1000	1425685832
11	24	1000	1425685846
-2	-2	0	1425685889
9	29	651	1425685900
8	39	886	1425685906
47	10	917	1425685912
29	25	951	1425685917
7	2	1000	1425685924
23	42	1000	1425685933
6	46	1000	1425685939
14	24	912	1425685945
31	23	641	1425685952
40	9	1000	1425685958
44	8	650	1425685963
44	32	726	1425685968
2	6	687	1425685974
34	38	1000	1425685979
4	6	992	1425685986
22	2	628	1425685995
-3	-3	0	1425686001
28	39	434	1425686006
11	22	1000	1425686013
5	18	998	1425686018
39	34	943	1425686025
3	39	1000	1425686030
30	22	580	1425686040
18	28	765	1425686046
14	4	998	1425686052
3	24	676	1425686059
8	29	415	1425686067
43	29	1000	1425686074
13	29	614	1425686079
26	27	937	1425686084
7	44	999	1425686091
7	22	1000	1425686096
18	14	960	1425686101
39	27	795	1425686109
18	34	917	1425686119
1	29	894	1425686125
22	46	919	1425686131
44	28	919	1425686137
44	22	937	1425686142
37	26	933	1425686147
3	35	929	1425686153
33	22	915	1425686158
41	27	910	1425686163
9	43	1000	1425686168
19	27	938	1425686173
45	31	929	1425686179
44	17	866	1425686184
2	5	1000	1425686189
32	24	881	1425686196
2	28	1000	1425686203
47	28	759	1425686211
20	11	947	1425686215
0	19	948	1425686221
39	32	937	1425686226
21	0	912	1425686231
1	19	724	1425686240
7	8	1000	1425686246
39	4	824	1425686251
1	39	839	1425686259
15	3	995	1425686266
35	36	1000	1425686272
8	3	982	1425686277
8	26	963	1425686282
30	28	950	1425686288
4F5Q6x723