151	L	0.0.0.0	1425594630
-2	-1	595	1425594734
-4	-3	81	1425594754
-6	-5	532	1425594765
-7	-7	0	1425594775
-9	-8	55	1425594784
-11	-10	400	1425594798
6	12	646	1425594807
46	33	89	1425594832
17	32	805	1425594844
-1	-1	2	1425594857
14	36	944	1425594871
3	22	234	1425594881
28	44	425	1425594890
12	41	910	1425594899
3	39	552	1425594911
12	1	629	1425594919
47	17	450	1425594937
10	0	448	1425594948
25	45	594	1425594958
16	3	846	1425594965
37	0	665	1425594973
21	24	947	1425594980
22	19	433	1425594990
15	22	159	1425594996
26	16	576	1425595004
2	45	675	1425595021
33	42	613	1425595030
25	36	955	1425595037
28	16	512	1425595051
36	37	926	1425595067
6	24	580	1425595077
42	12	808	1425595084
15	5	849	1425595091
33	31	255	1425595107
2	15	658	1425595138
15	7	997	1425595150
0	26	383	1425595162
41	46	541	1425595172
19	32	458	1425595185
2	22	397	1425595191
1	16	561	1425595197
42	22	565	1425595234
2	36	626	1425595251
26	47	670	1425595259
6	44	625	1425595267
38	26	998	1425595273
37	6	771	1425595281
42	9	669	1425595318
28	9	537	1425595328
22	35	295	1425595336
43	1	829	1425595343
30	15	327	1425595351
24	28	822	1425595359
10	6	729	1425595366
17	15	595	1425595377
11	37	225	1425595383
37	28	345	1425595396
39	20	603	1425595407
16	5	857	1425595413
1	26	716	1425595422
20	4	760	1425595442
36	4	963	1425595459
20	34	821	1425595465
42	25	600	1425595476
12	28	861	1425595486
13	16	540	1425595494
15	27	975	1425595501
39	9	454	1425595510
22	16	862	1425595521
40	26	933	1425595532
14	13	579	1425595564
46	4	438	1425595573
19	16	346	1425595579
16	0	787	1425595586
12	30	816	1425595592
36	35	860	1425595599
17	16	433	1425595606
33	28	383	1425595613
33	12	920	1425595620
15	42	871	1425595629
47	34	691	1425595637
38	16	999	1425595648
21	44	621	1425595658
14	16	774	1425595664
43	18	692	1425595671
14	17	743	1425595687
-2	-2	0	1425595693
21	1	442	1425595699
23	13	318	1425595705
41	10	350	1425595713
32	14	634	1425595781
27	7	984	1425595792
0	4	900	1425595797
17	34	438	1425595804
39	26	822	1425595810
32	34	919	1425595817
31	44	313	1425595824
22	47	678	1425595831
0	1	640	1425595840
35	10	447	1425595849
6	18	607	1425595861
3	6	675	1425595871
16	45	690	1425595878
4	42	781	1425595890
41	17	639	1425595896
47	1	704	1425595902
45	20	307	1425595909
41	40	988	1425595920
31	1	652	1425595932
37	43	918	1425595947
23	2	804	1425595953
10	28	388	1425595961
44	30	632	1425595966
7	23	988	1425595973
45	7	995	1425595984
46	39	761	1425595991
-3	-3	0	1425595998
13	31	821	1425596004
0	41	777	1425596011
30	37	812	1425596017
34	8	638	1425596025
31	26	716	1425596032
8	44	826	1425596038
33	36	896	1425596046
35	14	949	1425596052
16	32	964	1425596062
27	43	995	1425596069
24	40	undefined	1425596076
26	18	350	1425596088
39	19	780	1425596094
15	28	612	1425596100
10	8	338	1425596106
6	26	427	1425596111
13	7	992	1425596117
12	32	undefined	1425596123
16	10	855	1425596128
44	4	40	1425596135
45	17	787	1425596140
16	18	767	1425596146
28	41	280	1425596154
36	13	878	1425596162
19	21	941	1425596168
36	39	undefined	1425596176
39	10	342	1425596185
30	27	undefined	1425596189
31	17	295	1425596196
39	15	627	1425596207
13	1	579	1425596213
2	46	undefined	1425596219
43	32	791	1425596224
4G3K8t488