151	R	0.0.0.0	1425592741
-1	-2	345	1425592830
-3	-4	469	1425592853
-6	-5	519	1425592863
-7	-7	83	1425592871
-8	-9	342	1425592878
-10	-11	512	1425592886
44	36	728	1425592892
-1	-1	141	1425592897
47	31	625	1425592903
13	26	585	1425592909
42	38	816	1425592914
7	35	964	1425592921
32	35	536	1425592926
43	17	582	1425592931
4	30	533	1425592940
7	20	865	1425592945
37	47	618	1425592951
34	8	550	1425592957
15	27	893	1425592964
45	10	547	1425592970
44	46	537	1425592976
20	45	388	1425592982
21	44	530	1425592987
47	45	543	1425592992
21	30	543	1425592996
16	11	236	1425593001
30	6	614	1425593005
36	4	787	1425593010
31	1	543	1425593015
44	39	547	1425593019
9	32	554	1425593024
30	3	632	1425593032
38	37	960	1425593038
46	20	536	1425593042
47	38	964	1425593047
3	39	667	1425593053
38	19	936	1425593059
4	3	561	1425593063
41	38	912	1425593068
23	45	537	1425593073
24	2	427	1425593082
43	32	480	1425593091
47	40	710	1425593096
45	32	522	1425593104
20	47	536	1425593109
25	33	561	1425593115
9	29	543	1425593119
17	33	544	1425593124
3	1	561	1425593130
23	25	611	1425593135
15	20	398	1425593144
36	15	847	1425593149
5	10	933	1425593155
38	1	967	1425593159
41	47	614	1425593166
32	4	614	1425593170
18	36	868	1425593174
16	5	936	1425593179
10	38	968	1425593185
46	47	459	1425593192
24	9	611	1425593196
37	22	632	1425593201
7	24	922	1425593210
24	34	667	1425593214
20	22	554	1425593227
8	22	604	1425593234
6	7	964	1425593238
47	30	618	1425593243
5	27	929	1425593247
6	44	575	1425593256
18	35	536	1425593261
26	28	589	1425593265
5	19	904	1425593270
45	41	604	1425593274
5	2	896	1425593280
10	22	649	1425593288
36	22	738	1425593293
8	5	830	1425593298
12	45	571	1425593302
39	20	536	1425593306
28	40	706	1425593311
43	24	352	1425593319
10	34	448	1425593323
-2	-2	31	1425593332
15	23	406	1425593337
34	9	462	1425593342
9	1	466	1425593347
5	14	608	1425593353
36	0	698	1425593359
45	0	469	1425593366
11	0	519	1425593371
26	0	335	1425593379
13	25	473	1425593384
46	21	466	1425593389
42	22	568	1425593393
47	43	674	1425593403
23	34	469	1425593408
39	12	550	1425593413
36	40	133	1425593425
38	9	981	1425593432
17	23	236	1425593438
24	41	717	1425593442
9	11	437	1425593447
23	14	649	1425593452
20	9	384	1425593458
44	43	632	1425593463
34	3	646	1425593467
46	8	417	1425593471
24	39	663	1425593478
27	45	879	1425593482
19	17	476	1425593488
10	46	417	1425593493
45	46	381	1425593497
2	16	564	1425593502
25	28	391	1425593507
6	43	288	1425593513
6	10	540	1425593520
44	13	335	1425593524
43	25	547	1425593529
18	25	406	1425593533
16	17	325	1425593538
44	34	304	1425593544
14	2	282	1425593552
2	30	543	1425593559
24	28	731	1425593565
31	45	317	1425593572
26	22	540	1425593576
45	24	628	1425593581
36	33	727	1425593587
0	38	929	1425593592
27	28	946	1425593597
4	43	727	1425593602
0	39	592	1425593607
16	32	691	1425593612
6	40	455	1425593617
13	15	328	1425593623
37	25	540	1425593628
35	15	398	1425593636
37	33	424	1425593640
21	43	614	1425593645
43	36	193	1425593655
29	41	363	1425593659
25	0	349	1425593664
3	42	240	1425593670
-3	-3	14	1425593678
22	30	328	1425593684
31	33	304	1425593688
42	6	274	1425593696
31	22	526	1425593700
1	25	550	1425593704
3E3M6y358