151	R	0.0.0.0	1425596630
-2	-1	753	1425596734
-3	-4	204	1425596742
-5	-6	397	1425596749
-7	-7	0	1425596756
-9	-8	301	1425596763
-11	-10	462	1425596770
6	38	883	1425596776
0	38	980	1425596785
21	14	622	1425596792
8	47	545	1425596798
8	14	501	1425596807
35	43	507	1425596813
29	42	488	1425596823
39	6	469	1425596830
42	13	483	1425596836
29	22	453	1425596842
41	2	493	1425596851
11	43	506	1425596859
2	40	504	1425596868
12	19	263	1425596881
20	26	442	1425596886
11	14	421	1425596893
10	29	395	1425596898
14	23	480	1425596903
19	15	512	1425596910
32	24	397	1425596918
2	1	492	1425596923
46	8	419	1425596928
22	7	956	1425596934
13	3	491	1425596938
16	47	481	1425596943
33	29	433	1425596947
-1	-1	0	1425596953
7	8	992	1425596959
9	42	509	1425596965
46	43	472	1425596969
30	22	459	1425596973
4	47	507	1425596978
16	21	471	1425596983
34	22	508	1425596987
39	4	515	1425596991
39	36	588	1425596996
6	33	483	1425597001
28	24	493	1425597006
14	35	515	1425597011
27	20	514	1425597016
40	21	648	1425597021
41	43	518	1425597031
0	23	487	1425597036
34	33	472	1425597040
30	1	486	1425597045
41	15	508	1425597050
23	22	439	1425597058
35	29	533	1425597063
39	30	521	1425597068
4	0	448	1425597073
4	28	520	1425597077
47	6	456	1425597082
3	16	435	1425597088
18	23	379	1425597094
9	16	482	1425597100
5	27	653	1425597104
28	19	520	1425597108
36	24	387	1425597113
21	10	233	1425597121
15	36	485	1425597130
1	33	364	1425597141
45	41	511	1425597150
3	17	512	1425597156
23	10	393	1425597160
-2	-2	0	1425597166
44	11	375	1425597171
2	27	471	1425597175
43	32	543	1425597184
17	46	336	1425597188
13	1	487	1425597195
27	32	630	1425597199
26	23	339	1425597204
9	21	327	1425597210
28	7	975	1425597215
5	29	924	1425597221
16	0	518	1425597227
47	0	471	1425597231
38	24	884	1425597237
5	2	604	1425597242
45	14	521	1425597246
1	19	453	1425597251
0	1	433	1425597255
3	21	520	1425597259
42	1	465	1425597264
35	16	492	1425597268
15	24	512	1425597273
16	19	459	1425597281
42	12	523	1425597286
7	24	942	1425597295
13	6	530	1425597301
1	47	468	1425597307
40	41	712	1425597314
20	30	353	1425597319
45	25	492	1425597323
10	11	403	1425597328
31	34	459	1425597333
31	24	510	1425597339
27	25	518	1425597344
23	19	484	1425597349
20	39	514	1425597354
3	33	467	1425597359
36	9	514	1425597363
46	26	508	1425597367
4	37	472	1425597371
0	45	411	1425597377
7	14	961	1425597383
47	25	444	1425597388
30	12	507	1425597396
11	33	486	1425597400
7	5	889	1425597407
11	8	467	1425597411
40	17	513	1425597416
9	44	348	1425597421
37	19	473	1425597425
45	35	463	1425597430
5	15	690	1425597438
1	34	481	1425597442
11	18	486	1425597446
11	1	473	1425597451
13	24	507	1425597458
47	43	486	1425597462
37	27	504	1425597469
21	5	536	1425597475
5	18	525	1425597479
37	2	503	1425597485
30	10	495	1425597489
28	20	475	1425597494
32	23	484	1425597499
45	43	492	1425597504
0	37	479	1425597508
4	42	493	1425597512
24	34	511	1425597516
26	1	512	1425597521
13	44	459	1425597526
37	38	990	1425597532
44	27	509	1425597537
34	2	514	1425597542
30	29	503	1425597547
20	10	510	1425597551
-3	-3	0	1425597556
32	20	479	1425597560
36	42	395	1425597564
28	37	241	1425597569
36	17	488	1425597573
4E5P5t871