151	R	0.0.0.0	1425592740
-1	-2	undefined	1425592823
-4	-3	453	1425592834
-6	-5	719	1425592846
-7	-7	0	1425592855
-9	-8	289	1425592865
-11	-10	930	1425592878
-1	-1	0	1425592885
33	0	976	1425592896
20	34	931	1425592903
23	39	747	1425592910
17	6	undefined	1425592921
15	17	830	1425592929
19	39	935	1425592939
35	40	945	1425592946
44	47	undefined	1425592953
35	26	926	1425592960
36	1	undefined	1425592967
42	17	677	1425592975
19	29	880	1425592982
18	10	797	1425592988
16	10	758	1425592996
35	20	717	1425593002
6	7	undefined	1425593008
41	20	849	1425593015
19	30	766	1425593021
39	38	undefined	1425593026
22	10	902	1425593033
35	47	851	1425593040
29	23	784	1425593048
7	32	undefined	1425593054
46	33	391	1425593067
38	27	undefined	1425593100
1	20	undefined	1425593107
11	19	undefined	1425593114
28	27	undefined	1425593119
36	27	573	1425593126
28	16	567	1425593131
13	38	undefined	1425593136
17	23	461	1425593215
11	13	595	1425593220
6	4	937	1425593226
38	29	undefined	1425593231
34	42	undefined	1425593246
33	27	undefined	1425593251
22	39	undefined	1425593256
26	16	916	1425593261
22	45	625	1425593265
22	44	651	1425593270
24	41	952	1425593275
35	13	641	1425593282
47	22	undefined	1425593288
22	17	926	1425593295
18	45	undefined	1425593300
5	25	undefined	1425593310
8	41	585	1425593317
-2	-2	0	1425593323
17	38	undefined	1425593327
26	18	undefined	1425593334
5	20	undefined	1425593571
39	46	821	1425593577
44	33	688	1425593591
30	23	793	1425593596
8	1	741	1425593600
14	41	899	1425593605
7	30	undefined	1425593609
40	24	359	1425593619
18	32	569	1425593624
4	18	582	1425593628
18	22	673	1425593632
23	5	966	1425593636
24	12	922	1425593641
33	11	574	1425593650
1	25	undefined	1425593655
44	29	562	1425593660
47	15	555	1425593665
47	40	709	1425593671
23	24	880	1425593676
5	47	undefined	1425593681
42	7	undefined	1425593686
42	45	885	1425593690
9	5	undefined	1425593697
29	5	undefined	1425593701
40	13	undefined	1425593706
22	12	727	1425593712
12	23	834	1425593717
25	34	432	1425593725
13	44	431	1425593730
16	17	446	1425593737
20	39	598	1425593742
40	14	582	1425593746
3	30	864	1425593750
33	18	935	1425593754
28	37	141	1425593758
41	26	737	1425593763
32	30	792	1425593767
26	32	311	1425593772
23	31	574	1425593776
16	38	undefined	1425593781
9	19	441	1425593785
5	33	undefined	1425593790
47	37	635	1425593799
10	26	420	1425593804
26	13	undefined	1425593809
8	44	621	1425593814
31	8	678	1425593819
-3	-3	0	1425593825
33	30	609	1425593830
35	31	745	1425593834
41	37	448	1425593840
37	12	993	1425593844
9	38	undefined	1425593848
35	42	840	1425593853
37	8	630	1425593858
42	37	undefined	1425593862
38	14	833	1425593866
28	10	865	1425593871
34	44	415	1425593875
33	19	472	1425593880
32	47	851	1425593885
4	38	undefined	1425593889
26	11	469	1425593893
1	26	392	1425593898
32	35	594	1425593903
34	45	457	1425593908
6	23	913	1425593912
38	20	undefined	1425593924
10	21	undefined	1425593928
19	13	452	1425593934
43	2	562	1425593939
37	20	399	1425593943
27	17	989	1425593948
36	42	378	1425593954
46	20	451	1425593958
23	25	465	1425593962
24	43	911	1425593967
41	22	614	1425593971
2	9	422	1425593979
17	43	487	1425593984
14	25	545	1425593988
45	6	479	1425593993
34	38	undefined	1425593997
2	29	973	1425594001
2	31	544	1425594006
46	2	919	1425594010
17	20	621	1425594016
31	46	611	1425594020
46	36	undefined	1425594024
9	40	undefined	1425594028
7	12	undefined	1425594035
0	43	688	1425594039
3D5K6z784