151	R	0.0.0.0	1425685017
-1	-2	1000	1425685139
-3	-4	374	1425685150
-5	-6	700	1425685159
-7	-7	52	1425685176
-8	-9	912	1425685184
-11	-10	306	1425685196
28	19	837	1425685204
22	4	640	1425685283
-1	-1	252	1425685290
43	23	958	1425685300
34	25	608	1425685324
44	25	784	1425685330
12	39	1000	1425685336
18	2	622	1425685343
10	38	1000	1425685348
23	14	820	1425685360
38	40	105	1425685369
33	15	620	1425685378
41	17	369	1425685384
24	18	803	1425685389
8	40	918	1425685411
21	22	730	1425685416
5	30	974	1425685437
28	36	827	1425685443
43	4	787	1425685449
34	10	545	1425685454
44	16	637	1425685461
14	1	364	1425685467
40	12	794	1425685473
20	46	646	1425685483
44	26	614	1425685489
10	12	800	1425685494
2	3	232	1425685499
11	7	1000	1425685505
38	28	1000	1425685509
1	47	604	1425685515
41	22	696	1425685520
32	31	745	1425685526
33	9	729	1425685531
32	29	631	1425685582
29	44	644	1425685586
3	42	671	1425685597
3	32	707	1425685613
26	22	376	1425685628
29	30	652	1425685633
20	23	202	1425685639
11	16	113	1425685646
34	16	83	1425685651
5	1	899	1425685656
1	15	718	1425685662
15	21	682	1425685669
4	30	169	1425685674
8	30	345	1425685679
32	1	776	1425685685
47	15	812	1425685690
27	7	1000	1425685695
17	6	590	1425685700
36	39	1000	1425685705
2	37	768	1425685719
15	16	711	1425685723
3	4	700	1425685728
23	27	753	1425685733
17	38	1000	1425685745
11	26	756	1425685750
33	5	895	1425685755
13	0	654	1425685760
46	26	388	1425685765
36	45	775	1425685770
29	2	812	1425685777
36	47	985	1425685781
24	47	931	1425685787
11	45	1000	1425685794
-2	-2	32	1425685803
45	41	949	1425685812
41	0	794	1425685819
5	28	935	1425685827
39	18	131	1425685842
36	27	391	1425685850
40	44	958	1425685855
19	46	946	1425685872
27	29	943	1425685881
39	0	881	1425685887
36	38	853	1425685899
37	32	880	1425685904
5	11	962	1425685909
14	16	784	1425685914
0	31	762	1425685927
21	13	454	1425685932
47	17	361	1425685937
2	25	279	1425685942
15	8	315	1425685949
40	32	775	1425685954
16	26	734	1425685958
36	1	895	1425685963
20	0	749	1425685967
3	11	894	1425685972
2	34	878	1425685980
38	27	895	1425685985
5	25	869	1425685990
4	33	834	1425686004
43	34	877	1425686010
6	34	913	1425686015
26	10	719	1425686019
10	21	456	1425686026
2	13	761	1425686031
40	45	954	1425686038
31	27	936	1425686047
46	38	999	1425686053
28	43	927	1425686058
34	21	909	1425686063
45	46	827	1425686068
46	8	385	1425686072
23	9	319	1425686078
14	32	720	1425686083
47	31	846	1425686088
22	29	839	1425686093
29	16	771	1425686098
17	0	793	1425686110
29	23	775	1425686116
5	46	939	1425686121
5	26	963	1425686125
43	2	915	1425686130
39	41	253	1425686135
26	47	570	1425686150
30	6	682	1425686154
44	30	319	1425686160
24	22	261	1425686166
17	14	877	1425686174
25	42	831	1425686178
22	36	905	1425686183
10	16	285	1425686189
34	15	834	1425686193
5	8	949	1425686198
30	3	853	1425686205
32	43	825	1425686211
16	6	815	1425686215
16	0	874	1425686221
14	29	817	1425686237
25	8	679	1425686243
31	20	765	1425686249
-3	-3	3	1425686256
3	19	877	1425686262
11	31	695	1425686268
29	4	868	1425686280
35	38	999	1425686287
9	46	979	1425686295
20	7	1000	1425686302
8	34	343	1425686310
46	25	283	1425686329
2	1	297	1425686336
4E3L6t678