151	R	0.0.0.0	1425592802
-2	-1	953	1425592922
-3	-4	117	1425592940
-6	-5	306	1425592960
-7	-7	37	1425592975
-8	-9	710	1425592990
-10	-11	208	1425593007
44	37	362	1425593017
14	45	887	1425593027
37	31	104	1425593039
23	36	951	1425593049
17	29	102	1425593058
3	41	876	1425593064
20	21	442	1425593078
12	24	402	1425593089
16	13	620	1425593116
2	47	481	1425593127
30	21	452	1425593134
41	19	718	1425593144
35	15	547	1425593153
40	27	833	1425593162
16	9	478	1425593174
41	46	559	1425593185
-1	-1	27	1425593194
18	44	292	1425593201
3	5	876	1425593208
12	44	360	1425593217
21	42	733	1425593222
29	5	955	1425593230
18	0	419	1425593237
13	6	458	1425593244
21	46	189	1425593256
43	21	680	1425593265
18	38	988	1425593274
2	10	622	1425593280
46	27	911	1425593288
15	31	360	1425593295
39	6	453	1425593306
33	6	457	1425593315
19	8	330	1425593324
39	10	397	1425593337
21	31	334	1425593345
4	23	101	1425593354
17	5	993	1425593364
11	27	871	1425593372
25	27	889	1425593378
6	43	431	1425593387
11	18	487	1425593393
17	3	571	1425593401
5	43	936	1425593409
25	33	251	1425593415
21	35	395	1425593422
13	32	299	1425593432
6	28	402	1425593440
19	17	391	1425593447
23	21	415	1425593457
41	31	137	1425593466
46	47	360	1425593473
29	35	373	1425593479
3	16	697	1425593485
32	7	undefined	1425593492
2	31	857	1425593500
28	13	226	1425593507
35	45	441	1425593515
43	39	644	1425593523
14	26	573	1425593552
9	5	953	1425593559
19	10	272	1425593569
17	13	478	1425593578
19	44	154	1425593586
20	16	431	1425593592
26	41	578	1425593603
33	39	329	1425593609
22	10	376	1425593621
41	18	745	1425593628
10	29	536	1425593635
27	6	821	1425593641
40	13	977	1425593652
19	24	863	1425593660
28	42	948	1425593680
41	40	962	1425593685
2	40	861	1425593692
19	31	338	1425593699
11	14	816	1425593707
38	4	992	1425593714
11	24	828	1425593721
-2	-2	104	1425593729
9	29	427	1425593735
8	39	323	1425593744
47	10	447	1425593751
29	25	622	1425593758
2	7	981	1425593764
23	42	834	1425593772
46	6	411	1425593780
24	14	548	1425593788
31	23	251	1425593797
9	40	969	1425593806
44	8	221	1425593811
32	44	467	1425593818
6	2	329	1425593827
34	38	992	1425593835
6	4	537	1425593841
2	22	467	1425593850
-3	-3	59	1425593856
39	28	181	1425593862
11	22	823	1425593870
18	5	924	1425593877
39	34	431	1425593883
3	39	611	1425593889
30	22	458	1425593896
18	28	313	1425593914
14	4	711	1425593919
3	24	898	1425593926
8	29	342	1425593932
43	29	896	1425593939
29	13	686	1425593945
27	26	966	1425593951
7	44	968	1425593958
22	7	975	1425593968
18	14	453	1425593975
39	27	849	1425593999
34	18	553	1425594005
29	1	598	1425594010
22	46	355	1425594017
28	44	562	1425594022
44	22	463	1425594029
37	26	475	1425594040
3	35	586	1425594046
33	22	545	1425594053
27	41	972	1425594061
9	43	821	1425594067
19	27	862	1425594073
45	31	631	1425594093
44	17	241	1425594099
2	5	907	1425594111
24	32	657	1425594117
28	2	630	1425594124
47	28	267	1425594137
20	11	461	1425594144
0	19	573	1425594150
32	39	625	1425594156
0	21	457	1425594166
19	1	600	1425594171
8	7	984	1425594178
4	39	245	1425594185
1	39	473	1425594191
3	15	528	1425594197
36	35	871	1425594205
8	3	582	1425594212
26	8	280	1425594220
30	28	434	1425594227
2B5R8v921