151	R	0.0.0.0	1425592746
-1	-2	873	1425592863
-3	-4	140	1425592873
-6	-5	739	1425592884
-7	-7	0	1425592891
-8	-9	592	1425592899
-10	-11	127	1425592906
29	41	351	1425592911
32	20	715	1425592931
0	43	308	1425592937
31	20	756	1425592947
38	15	975	1425592954
36	11	725	1425592967
9	3	758	1425592977
30	17	366	1425592995
35	26	356	1425593001
13	15	155	1425593011
15	46	912	1425593015
39	9	769	1425593020
40	21	562	1425593025
13	26	754	1425593034
-1	-1	19	1425593040
16	5	857	1425593045
3	14	68	1425593051
35	27	753	1425593055
24	45	708	1425593068
0	41	686	1425593088
34	47	836	1425593094
25	20	452	1425593104
38	5	957	1425593120
32	4	269	1425593130
16	41	177	1425593135
46	16	417	1425593139
32	33	638	1425593144
0	6	789	1425593148
30	39	712	1425593158
11	3	809	1425593163
14	28	367	1425593172
30	36	534	1425593177
18	40	186	1425593182
1	27	895	1425593188
6	8	788	1425593195
16	7	989	1425593200
1	45	876	1425593208
10	21	101	1425593216
18	5	394	1425593223
10	28	211	1425593230
22	42	858	1425593236
22	47	934	1425593240
43	14	205	1425593245
12	15	947	1425593253
36	45	830	1425593259
27	46	837	1425593264
33	3	413	1425593269
25	27	748	1425593285
34	30	832	1425593290
27	42	410	1425593295
45	7	133	1425593302
9	41	877	1425593314
25	9	731	1425593320
41	40	846	1425593325
21	18	82	1425593332
34	11	210	1425593337
8	21	395	1425593342
35	29	273	1425593349
34	43	684	1425593353
33	44	673	1425593371
42	39	658	1425593380
-2	-2	37	1425593384
11	14	689	1425593388
21	47	394	1425593393
3	1	152	1425593400
46	18	188	1425593408
46	13	894	1425593414
11	27	772	1425593418
25	34	879	1425593423
30	41	982	1425593433
2	16	973	1425593439
37	42	441	1425593444
31	45	908	1425593450
7	46	2	1425593454
34	4	6	1425593459
23	18	108	1425593466
25	24	860	1425593474
1	42	852	1425593482
29	44	951	1425593487
39	16	445	1425593493
3	27	814	1425593499
29	43	830	1425593504
44	10	996	1425593511
22	3	784	1425593517
42	40	386	1425593522
32	44	819	1425593527
26	20	865	1425593532
8	19	291	1425593538
2	14	381	1425593542
30	44	951	1425593547
9	30	452	1425593551
20	24	696	1425593556
34	31	444	1425593561
15	32	691	1425593566
40	24	552	1425593574
9	43	643	1425593578
38	10	874	1425593584
14	31	659	1425593593
13	22	260	1425593599
43	12	627	1425593607
23	43	322	1425593612
6	18	63	1425593617
41	1	624	1425593622
27	28	673	1425593626
31	5	780	1425593631
45	33	770	1425593635
24	7	840	1425593640
-3	-3	0	1425593644
34	29	777	1425593649
21	25	724	1425593654
11	1	655	1425593664
8	7	980	1425593670
27	16	753	1425593674
47	32	830	1425593679
25	32	710	1425593683
43	26	670	1425593687
0	12	764	1425593691
36	32	454	1425593696
28	44	677	1425593700
21	43	305	1425593712
25	22	695	1425593717
23	15	663	1425593721
16	20	866	1425593725
37	13	624	1425593731
31	9	414	1425593737
45	20	15	1425593744
46	8	177	1425593749
8	41	706	1425593753
25	29	undefined	1425593757
6	26	435	1425593761
2	17	798	1425593765
16	28	362	1425593769
36	28	629	1425593773
38	45	961	1425593778
37	17	766	1425593782
13	31	805	1425593786
16	4	645	1425593791
27	45	904	1425593795
26	47	814	1425593799
4	0	318	1425593803
40	37	481	1425593808
19	2	115	1425593812
16	47	405	1425593816
1	19	719	1425593820
3F3N8t568