151	L	0.0.0.0	1425592787
-2	-1	956	1425592916
-3	-4	261	1425592936
-6	-5	873	1425592944
-7	-7	0	1425592951
-8	-9	243	1425592963
-10	-11	315	1425592971
25	33	344	1425592978
37	32	758	1425592987
27	32	855	1425592994
2	41	undefined	1425593001
8	13	432	1425593007
32	45	545	1425593016
18	35	349	1425593025
11	12	758	1425593031
1	43	undefined	1425593040
47	12	798	1425593048
-1	-1	0	1425593060
24	33	702	1425593067
29	16	238	1425593076
7	21	1000	1425593081
3	13	339	1425593087
10	16	290	1425593093
22	12	297	1425593109
1	16	428	1425593117
12	20	409	1425593124
28	8	93	1425593130
10	17	0	1425593142
23	11	268	1425593148
39	2	565	1425593154
46	41	552	1425593160
6	15	594	1425593166
42	35	undefined	1425593174
19	10	undefined	1425593181
14	42	371	1425593188
3	19	486	1425593193
32	31	567	1425593200
41	28	191	1425593209
11	37	342	1425593214
20	7	1000	1425593220
44	4	426	1425593227
15	39	479	1425593231
28	15	470	1425593237
15	9	349	1425593243
10	40	undefined	1425593251
46	25	474	1425593288
4	35	522	1425593294
44	36	undefined	1425593300
0	33	undefined	1425593305
17	26	434	1425593318
47	23	undefined	1425593323
14	9	248	1425593329
28	3	588	1425593335
26	29	undefined	1425593340
42	28	666	1425593347
33	37	351	1425593353
44	22	undefined	1425593359
21	17	238	1425593381
21	14	613	1425593387
16	19	302	1425593393
7	12	1000	1425593399
9	10	262	1425593405
40	38	1000	1425593413
-2	-2	0	1425593420
38	22	1000	1425593425
22	5	undefined	1425593429
42	29	921	1425593434
15	25	347	1425593439
42	43	161	1425593445
29	6	373	1425593451
3	36	undefined	1425593459
21	41	180	1425593464
45	44	217	1425593469
9	16	386	1425593474
44	12	undefined	1425593481
22	30	undefined	1425593487
38	25	1000	1425593492
45	6	602	1425593500
8	27	757	1425593510
8	25	549	1425593518
29	20	undefined	1425593524
35	20	272	1425593533
28	9	undefined	1425593542
26	8	324	1425593548
15	4	278	1425593556
44	38	962	1425593562
33	21	undefined	1425593568
27	36	303	1425593573
25	4	undefined	1425593578
42	20	297	1425593583
43	47	337	1425593588
36	41	694	1425593595
37	46	undefined	1425593600
44	14	undefined	1425593605
40	19	undefined	1425593610
9	46	undefined	1425593615
1	37	258	1425593620
11	22	undefined	1425593625
5	39	undefined	1425593629
28	37	undefined	1425593634
18	25	281	1425593639
10	13	209	1425593644
45	18	648	1425593654
26	37	undefined	1425593668
5	14	undefined	1425593673
37	14	undefined	1425593678
30	38	undefined	1425593684
32	23	undefined	1425593690
43	2	undefined	1425593696
22	39	undefined	1425593700
8	43	undefined	1425593705
3	25	undefined	1425593710
14	23	undefined	1425593715
13	36	undefined	1425593720
7	13	987	1425593724
6	27	342	1425593730
47	46	undefined	1425593735
12	46	undefined	1425593740
40	32	undefined	1425593745
44	39	undefined	1425593750
5	9	886	1425593755
36	9	undefined	1425593760
0	8	undefined	1425593764
0	19	undefined	1425593769
11	21	undefined	1425593774
17	28	undefined	1425593780
1	24	undefined	1425593785
2	30	undefined	1425593792
27	41	undefined	1425593799
22	7	undefined	1425593805
17	18	undefined	1425593809
35	46	undefined	1425593815
42	41	846	1425593819
31	4	undefined	1425593824
15	19	undefined	1425593830
19	18	undefined	1425593836
22	46	undefined	1425593843
25	36	665	1425593847
35	21	undefined	1425593853
26	7	858	1425593858
34	7	undefined	1425593863
20	30	undefined	1425593868
37	0	undefined	1425593873
31	12	undefined	1425593882
27	17	798	1425593888
10	33	undefined	1425593914
15	17	undefined	1425593919
29	38	undefined	1425593925
42	44	undefined	1425593957
-3	-3	undefined	1425593965
20	27	undefined	1425593971
2C6M5w919