151	R	0.0.0.0	1425688579
-1	-2	1000	1425688713
-3	-4	271	1425688726
-5	-6	919	1425688732
-7	-7	0	1425688740
-8	-9	419	1425688745
-10	-11	632	1425688752
34	1	712	1425688763
4	18	861	1425688777
10	26	558	1425688784
18	42	890	1425688794
19	37	478	1425688801
42	46	727	1425688806
44	28	388	1425688812
5	25	993	1425688820
42	8	682	1425688826
18	37	697	1425688836
22	34	882	1425688846
32	28	798	1425688856
21	32	649	1425688861
15	47	1000	1425688866
3	19	619	1425688871
16	46	720	1425688880
43	19	1000	1425688892
36	29	950	1425688898
11	19	265	1425688907
17	2	767	1425688915
23	25	566	1425688923
35	30	354	1425688929
0	4	414	1425688937
-1	-1	0	1425688944
11	21	330	1425688950
28	19	669	1425688955
17	41	342	1425688960
10	9	231	1425688965
8	28	285	1425688975
33	30	699	1425688980
5	28	996	1425688985
39	4	433	1425688990
2	38	981	1425688995
4	3	661	1425689003
43	6	573	1425689008
0	47	459	1425689021
47	17	586	1425689025
31	16	326	1425689030
17	21	442	1425689037
40	9	1000	1425689042
27	45	1000	1425689047
40	45	1000	1425689052
33	18	207	1425689061
36	5	384	1425689069
45	2	716	1425689079
38	10	997	1425689085
38	25	989	1425689095
30	23	348	1425689101
25	34	327	1425689108
-2	-2	1	1425689114
28	17	242	1425689120
29	35	452	1425689124
11	22	559	1425689129
44	43	959	1425689134
0	29	327	1425689141
29	41	226	1425689150
17	23	287	1425689157
34	28	431	1425689162
22	4	364	1425689175
31	45	564	1425689183
14	43	309	1425689193
47	39	125	1425689210
7	21	1000	1425689218
8	23	99	1425689224
16	33	388	1425689229
4	27	956	1425689235
15	10	624	1425689258
20	38	1000	1425689270
36	39	835	1425689279
5	27	563	1425689290
34	11	241	1425689297
4	26	787	1425689309
3	28	799	1425689317
7	22	992	1425689322
36	18	994	1425689329
45	44	292	1425689343
25	6	623	1425689352
46	9	634	1425689357
1	30	569	1425689375
12	39	768	1425689381
24	6	387	1425689388
15	35	327	1425689393
8	14	716	1425689404
17	38	1000	1425689410
1	32	936	1425689420
38	36	911	1425689442
21	39	113	1425689450
26	19	721	1425689457
2	30	353	1425689464
5	46	928	1425689470
25	35	417	1425689479
38	15	1000	1425689485
29	40	944	1425689490
27	43	991	1425689495
27	1	1000	1425689500
21	9	424	1425689504
26	35	552	1425689514
7	37	988	1425689524
33	38	995	1425689531
26	29	747	1425689536
20	2	457	1425689541
13	28	388	1425689548
-3	-3	28	1425689557
36	14	440	1425689567
32	12	425	1425689574
3	18	405	1425689582
37	11	151	1425689588
23	36	900	1425689594
10	41	381	1425689599
23	9	363	1425689605
7	42	991	1425689610
14	45	940	1425689615
31	43	971	1425689621
26	12	945	1425689626
42	11	468	1425689632
12	7	700	1425689637
6	17	859	1425689644
30	40	630	1425689648
6	29	657	1425689653
40	15	778	1425689657
25	39	409	1425689662
10	28	424	1425689666
28	35	920	1425689673
16	36	970	1425689678
24	34	828	1425689683
45	5	446	1425689687
37	31	227	1425689692
19	4	397	1425689700
15	22	51	1425689708
35	3	349	1425689714
34	13	436	1425689718
24	8	577	1425689722
2	44	766	1425689729
9	0	527	1425689736
23	45	150	1425689740
24	46	916	1425689745
23	20	163	1425689752
5	23	713	1425689756
42	44	795	1425689761
8	6	324	1425689765
1	18	349	1425689771
9	31	312	1425689775
15	30	207	1425689779
26	32	754	1425689784
4B5N8v892