151	R	0.0.0.0	1425687633
-2	-1	892	1425687758
-4	-3	149	1425687770
-5	-6	852	1425687802
-7	-7	0	1425687821
-9	-8	426	1425687830
-10	-11	466	1425687843
21	15	848	1425687862
8	5	1000	1425687874
19	1	397	1425687890
3	6	472	1425687901
37	38	1000	1425687912
0	2	345	1425687927
25	20	278	1425687954
43	47	663	1425687965
23	24	923	1425687982
4	30	400	1425687997
21	23	472	1425688014
44	16	549	1425688021
4	34	529	1425688027
43	10	943	1425688035
35	0	753	1425688047
18	40	991	1425688055
5	24	764	1425688067
32	35	365	1425688083
27	2	438	1425688091
37	45	771	1425688101
14	30	809	1425688111
47	31	354	1425688127
1	24	858	1425688137
1	26	568	1425688151
23	1	288	1425688173
21	3	727	1425688187
46	14	816	1425688195
16	23	561	1425688204
42	20	694	1425688211
17	30	456	1425688223
20	16	746	1425688231
30	19	321	1425688239
47	14	459	1425688246
0	21	478	1425688255
13	19	318	1425688268
39	23	445	1425688274
-1	-1	0	1425688283
36	17	735	1425688290
47	23	175	1425688298
6	35	686	1425688308
27	14	881	1425688314
5	33	1000	1425688321
18	30	660	1425688331
13	40	1000	1425688336
33	46	666	1425688341
44	11	762	1425688349
7	19	1000	1425688355
30	43	914	1425688361
24	21	991	1425688372
11	25	564	1425688384
4	16	521	1425688413
35	37	935	1425688430
34	19	625	1425688440
9	12	803	1425688446
47	34	539	1425688458
31	10	465	1425688466
28	45	683	1425688476
10	2	633	1425688483
23	13	204	1425688492
12	17	922	1425688500
26	3	255	1425688509
47	21	602	1425688522
13	25	368	1425688530
26	16	748	1425688560
5	16	1000	1425688566
4	43	968	1425688573
13	42	849	1425688581
41	40	987	1425688591
11	16	92	1425688600
39	30	310	1425688606
9	16	473	1425688614
16	25	471	1425688622
43	28	592	1425688629
-2	-2	5	1425688638
42	23	707	1425688646
27	7	804	1425688658
32	42	701	1425688666
25	24	358	1425688675
22	29	615	1425688694
12	30	634	1425688701
38	41	1000	1425688706
14	17	755	1425688710
17	16	229	1425688715
25	14	338	1425688720
33	1	294	1425688725
40	12	997	1425688732
5	44	1000	1425688739
35	38	996	1425688744
12	3	799	1425688751
8	34	451	1425688758
30	46	485	1425688763
6	46	447	1425688768
8	3	576	1425688776
37	25	604	1425688780
34	29	281	1425688786
23	35	596	1425688797
21	35	625	1425688802
23	2	879	1425688809
32	7	1000	1425688815
7	14	1000	1425688820
44	34	699	1425688824
39	11	376	1425688829
18	38	1000	1425688834
15	28	671	1425688841
42	34	959	1425688846
0	3	405	1425688851
10	8	116	1425688858
34	17	358	1425688863
9	7	1000	1425688868
32	41	943	1425688875
39	45	887	1425688888
29	3	575	1425688895
27	26	799	1425688900
-3	-3	0	1425688905
26	17	559	1425688915
32	33	706	1425688921
0	42	600	1425688926
10	7	1000	1425688931
18	24	794	1425688935
41	16	339	1425688941
22	18	686	1425688946
39	7	1000	1425688950
43	13	871	1425688955
6	20	616	1425688962
17	25	470	1425688973
6	13	683	1425688992
8	4	135	1425688997
3	11	714	1425689007
12	19	306	1425689015
18	27	429	1425689021
39	22	722	1425689025
36	0	593	1425689029
40	7	165	1425689038
13	35	336	1425689044
43	15	630	1425689049
29	8	317	1425689054
17	42	680	1425689060
32	2	670	1425689064
33	29	289	1425689069
8	36	712	1425689077
24	45	906	1425689084
3	42	296	1425689090
41	43	868	1425689095
31	11	342	1425689099
4H4P7u239