151	L	0.0.0.0	1425592726
-2	-1	698	1425592854
-3	-4	38	1425592864
-6	-5	766	1425592877
-7	-7	0	1425592885
-9	-8	371	1425592904
-10	-11	128	1425592911
33	30	77	1425592924
18	0	301	1425592931
33	24	619	1425592938
45	14	821	1425592948
44	39	190	1425592957
38	23	884	1425592964
38	14	200	1425592971
30	38	779	1425592978
6	38	950	1425592985
35	17	362	1425592993
38	28	856	1425592999
38	3	827	1425593005
12	24	407	1425593012
13	33	210	1425593019
33	26	379	1425593025
0	33	52	1425593030
46	9	346	1425593035
37	34	145	1425593045
0	38	650	1425593054
30	42	254	1425593060
-1	-1	0	1425593067
32	38	668	1425593072
6	39	638	1425593078
40	30	726	1425593082
37	21	365	1425593087
12	25	695	1425593093
29	10	24	1425593099
16	23	107	1425593105
30	47	409	1425593117
31	29	263	1425593122
42	3	411	1425593127
1	33	439	1425593133
29	21	98	1425593138
43	44	802	1425593145
30	13	436	1425593151
2	18	145	1425593157
29	8	116	1425593162
33	40	799	1425593168
6	34	621	1425593175
13	35	336	1425593181
16	2	322	1425593187
5	20	854	1425593193
17	2	765	1425593197
42	13	undefined	1425593205
6	23	823	1425593220
19	35	200	1425593226
35	7	1000	1425593235
45	25	448	1425593242
20	28	467	1425593250
1	11	557	1425593257
14	34	561	1425593263
20	47	182	1425593269
11	41	383	1425593274
28	22	580	1425593279
24	16	605	1425593284
30	0	147	1425593290
17	0	187	1425593295
19	41	684	1425593301
14	11	613	1425593307
6	25	149	1425593313
41	30	613	1425593321
8	16	383	1425593328
0	37	403	1425593342
16	13	564	1425593348
47	38	965	1425593354
35	44	558	1425593365
28	17	58	1425593371
22	16	567	1425593379
32	26	243	1425593388
38	34	1000	1425593396
43	16	410	1425593408
13	26	419	1425593414
17	41	264	1425593419
15	5	458	1425593425
2	12	475	1425593431
36	40	0	1425593442
32	29	626	1425593448
36	22	611	1425593456
18	47	6	1425593464
40	7	872	1425593470
6	24	326	1425593478
3	12	249	1425593483
36	29	853	1425593488
15	1	419	1425593493
24	23	898	1425593499
44	6	774	1425593505
-2	-2	0	1425593511
18	31	393	1425593516
46	24	666	1425593521
4	42	678	1425593526
16	44	356	1425593531
25	46	67	1425593543
2	31	885	1425593548
0	47	177	1425593554
27	4	941	1425593559
17	26	810	1425593565
36	34	853	1425593570
6	21	839	1425593580
18	35	26	1425593585
12	4	580	1425593593
41	5	900	1425593599
22	14	621	1425593604
28	4	395	1425593610
2	11	853	1425593616
14	26	97	1425593621
8	6	829	1425593627
43	21	851	1425593634
11	25	676	1425593638
22	41	748	1425593643
16	34	0	1425593649
45	38	1000	1425593655
22	45	681	1425593660
8	43	597	1425593666
18	23	42	1425593672
3	22	333	1425593677
1	21	141	1425593683
41	8	113	1425593709
19	3	661	1425593715
28	3	649	1425593720
26	16	588	1425593724
18	41	530	1425593730
12	33	586	1425593736
-3	-3	0	1425593742
42	45	614	1425593747
34	3	675	1425593752
37	38	977	1425593763
34	29	183	1425593767
13	22	833	1425593772
28	33	138	1425593777
46	31	126	1425593783
22	12	415	1425593789
43	18	443	1425593794
33	47	654	1425593799
32	47	634	1425593804
24	9	760	1425593811
17	47	139	1425593817
19	26	610	1425593823
44	32	268	1425593829
47	41	720	1425593834
22	4	645	1425593839
1	0	133	1425593843
4	21	633	1425593848
24	5	266	1425593855
10	35	395	1425593860
5C7R5y274