151	R	0.0.0.0	1425592731
-2	-1	863	1425592854
-3	-4	200	1425592862
-6	-5	584	1425592920
-7	-7	3	1425592926
-9	-8	undefined	1425592933
-11	-10	380	1425592939
31	43	742	1425592945
23	42	911	1425592951
11	31	335	1425592959
7	32	536	1425592984
31	4	461	1425592991
16	8	419	1425592997
2	34	828	1425593003
25	2	454	1425593010
8	47	435	1425593018
27	22	932	1425593024
45	37	835	1425593030
36	8	956	1425593038
1	23	639	1425593046
22	33	753	1425593052
23	7	931	1425593057
47	5	909	1425593063
7	26	770	1425593069
41	21	433	1425593077
0	41	606	1425593082
29	15	692	1425593088
14	46	753	1425593094
32	1	847	1425593100
36	14	623	1425593106
41	33	457	1425593112
5	25	582	1425593119
20	28	578	1425593124
37	11	328	1425593130
3	17	656	1425593136
9	4	588	1425593141
22	13	440	1425593148
1	12	851	1425593154
27	9	964	1425593159
30	32	933	1425593165
46	39	364	1425593171
16	22	862	1425593176
8	41	459	1425593182
15	26	701	1425593187
29	28	309	1425593192
39	36	904	1425593198
41	23	762	1425593204
9	7	960	1425593211
45	40	936	1425593217
12	0	936	1425593223
-1	-1	109	1425593231
2	41	965	1425593236
14	12	747	1425593244
11	46	583	1425593250
16	28	336	1425593255
42	24	329	1425593260
28	0	296	1425593265
18	43	408	1425593272
27	44	939	1425593277
47	36	942	1425593283
26	46	386	1425593288
36	46	921	1425593294
10	47	430	1425593303
34	7	958	1425593308
29	24	911	1425593313
23	29	270	1425593319
24	10	916	1425593324
21	3	851	1425593332
15	11	909	1425593337
11	28	877	1425593342
5	6	undefined	1425593348
22	0	undefined	1425593353
35	10	undefined	1425593358
3	41	undefined	1425593362
43	29	undefined	1425593366
40	16	undefined	1425593371
17	40	undefined	1425593376
13	8	undefined	1425593381
39	33	undefined	1425593385
7	10	undefined	1425593389
14	43	undefined	1425593394
31	41	undefined	1425593398
23	37	undefined	1425593402
1	4	undefined	1425593406
47	28	undefined	1425593412
17	18	undefined	1425593418
1	21	undefined	1425593423
6	9	undefined	1425593427
1	35	undefined	1425593431
30	40	undefined	1425593442
-2	-2	undefined	1425593448
16	30	undefined	1425593469
1	15	undefined	1425593474
29	17	undefined	1425593479
1	29	undefined	1425593483
8	4	undefined	1425593488
28	6	undefined	1425593493
15	31	undefined	1425593497
39	31	undefined	1425593501
11	25	undefined	1425593506
44	29	undefined	1425593510
21	25	undefined	1425593517
39	40	undefined	1425593529
6	20	undefined	1425593535
43	3	undefined	1425593540
27	0	undefined	1425593544
25	3	undefined	1425593549
40	23	undefined	1425593554
34	17	undefined	1425593559
0	47	undefined	1425593564
31	20	undefined	1425593569
42	32	undefined	1425593573
5	43	undefined	1425593578
24	40	undefined	1425593583
1	47	undefined	1425593587
30	33	undefined	1425593591
20	26	undefined	1425593595
18	37	undefined	1425593600
26	34	undefined	1425593656
6	29	undefined	1425593661
11	43	undefined	1425593667
7	36	undefined	1425593673
32	38	undefined	1425593683
20	14	undefined	1425593689
41	6	undefined	1425593704
30	38	undefined	1425593708
27	11	undefined	1425593714
42	47	undefined	1425593719
2	26	undefined	1425593723
0	13	undefined	1425593729
5	36	undefined	1425593755
30	12	undefined	1425593763
-3	-3	undefined	1425593768
5	39	undefined	1425593772
1	11	undefined	1425593777
14	25	undefined	1425593783
15	22	undefined	1425593793
18	2	undefined	1425593804
27	37	undefined	1425593809
21	15	undefined	1425593814
9	21	undefined	1425593818
14	21	undefined	1425593822
27	25	undefined	1425593828
29	5	undefined	1425593832
18	20	undefined	1425593837
26	18	undefined	1425593841
8	39	undefined	1425593847
24	37	undefined	1425593853
14	13	undefined	1425593857
28	13	undefined	1425593861
35	11	undefined	1425593869
3C5Q9y449