151	L	0.0.0.0	1425684893
-2	-1	924	1425684975
-4	-3	212	1425684984
-6	-5	455	1425684990
-7	-7	0	1425684998
-9	-8	404	1425685045
-11	-10	92	1425685052
25	38	621	1425685058
37	30	423	1425685065
7	28	933	1425685070
44	47	690	1425685076
2	42	367	1425685080
43	13	387	1425685085
6	14	426	1425685089
13	29	417	1425685093
46	38	1000	1425685099
11	13	644	1425685104
38	10	1000	1425685108
23	11	395	1425685115
17	38	1000	1425685120
6	40	835	1425685125
15	45	154	1425685132
35	22	185	1425685136
44	23	39	1425685141
36	37	713	1425685146
9	15	204	1425685150
32	28	637	1425685155
31	3	728	1425685160
39	16	93	1425685165
32	0	562	1425685169
18	9	570	1425685174
44	4	304	1425685178
44	10	432	1425685182
8	45	40	1425685188
-1	-1	29	1425685192
8	40	661	1425685198
33	2	397	1425685203
5	45	920	1425685207
44	27	913	1425685211
18	36	710	1425685218
13	31	375	1425685222
36	26	752	1425685226
15	27	723	1425685230
37	45	570	1425685234
34	19	617	1425685239
35	16	748	1425685243
9	23	365	1425685250
3	15	367	1425685255
38	13	1000	1425685264
41	1	219	1425685269
1	31	238	1425685296
34	15	570	1425685300
31	39	274	1425685304
41	3	567	1425685308
35	14	341	1425685313
9	31	173	1425685317
33	5	857	1425685322
40	15	911	1425685327
20	11	635	1425685332
45	40	1000	1425685336
46	23	131	1425685341
9	5	931	1425685345
22	38	1000	1425685350
6	20	389	1425685355
36	35	662	1425685359
26	3	221	1425685364
19	46	387	1425685369
18	5	712	1425685374
30	1	149	1425685380
40	12	811	1425685385
41	28	95	1425685389
35	37	351	1425685393
22	19	691	1425685400
3	18	326	1425685404
-2	-2	0	1425685409
31	35	644	1425685474
4	7	981	1425685480
33	35	681	1425685484
42	31	430	1425685488
38	5	432	1425685495
42	15	414	1425685499
10	37	245	1425685503
35	43	314	1425685507
20	38	912	1425685517
25	20	685	1425685523
46	1	165	1425685528
12	6	440	1425685539
24	35	863	1425685544
13	47	256	1425685549
10	45	316	1425685553
4	38	991	1425685558
0	6	182	1425685562
38	9	1000	1425685568
21	10	39	1425685574
14	5	396	1425685578
44	30	900	1425685582
10	16	655	1425685587
28	12	737	1425685592
40	16	857	1425685596
17	25	783	1425685600
27	47	831	1425685604
13	32	734	1425685612
9	6	881	1425685617
25	15	951	1425685621
33	9	234	1425685625
1	26	282	1425685630
3	36	124	1425685635
29	14	394	1425685639
20	36	622	1425685643
29	15	823	1425685647
6	46	646	1425685653
46	2	275	1425685657
22	42	201	1425685661
37	9	68	1425685666
9	44	668	1425685671
-3	-3	0	1425685676
15	28	633	1425685683
23	36	370	1425685688
41	23	852	1425685692
1	38	1000	1425685697
17	14	682	1425685702
24	0	253	1425685707
13	12	755	1425685712
15	16	668	1425685718
30	46	718	1425685722
33	34	590	1425685730
28	42	590	1425685734
11	12	393	1425685739
43	40	91	1425685744
18	25	111	1425685748
28	45	653	1425685753
20	1	154	1425685757
3	46	157	1425685761
42	41	694	1425685767
29	46	231	1425685774
24	20	563	1425685782
44	15	553	1425685786
43	32	549	1425685792
18	4	411	1425685802
23	33	603	1425685810
33	3	327	1425685816
19	14	561	1425685820
31	12	628	1425685825
3	2	648	1425685831
47	12	813	1425685837
31	47	398	1425685842
29	4	680	1425685848
24	8	929	1425685853
7	30	1000	1425685858
27	20	1000	1425685863
25	39	710	1425685867
1E6P5t149