151	L	0.0.0.0	1425684915
-2	-1	737	1425685007
-3	-4	130	1425685030
-6	-5	654	1425685041
-7	-7	1	1425685049
-8	-9	430	1425685055
-10	-11	139	1425685069
5	19	969	1425685076
27	15	886	1425685081
13	31	253	1425685087
6	21	791	1425685094
4	9	244	1425685100
24	37	944	1425685105
13	7	1000	1425685110
3	46	674	1425685117
-1	-1	0	1425685123
41	9	711	1425685128
38	40	975	1425685134
17	28	416	1425685139
45	4	278	1425685144
5	46	872	1425685149
1	9	829	1425685156
9	11	595	1425685161
35	22	331	1425685168
36	19	837	1425685172
25	45	592	1425685178
32	16	702	1425685183
19	2	716	1425685188
24	44	880	1425685194
39	36	915	1425685199
43	1	794	1425685203
4	30	548	1425685208
36	7	1000	1425685213
24	3	389	1425685227
37	11	236	1425685232
32	17	632	1425685240
10	9	325	1425685248
44	41	449	1425685255
5	37	706	1425685260
13	32	615	1425685266
16	15	652	1425685271
38	30	997	1425685277
22	6	794	1425685282
25	39	228	1425685287
42	30	735	1425685293
44	17	305	1425685298
5	34	834	1425685303
22	24	320	1425685312
44	2	269	1425685317
15	7	1000	1425685322
7	5	963	1425685326
18	17	670	1425685338
8	28	460	1425685344
27	40	624	1425685350
11	1	596	1425685369
15	42	642	1425685373
16	23	329	1425685379
15	5	807	1425685384
4	47	767	1425685390
7	1	999	1425685395
39	27	708	1425685404
13	8	287	1425685412
14	9	635	1425685419
33	29	614	1425685424
18	41	680	1425685430
18	40	865	1425685441
45	14	729	1425685446
0	14	338	1425685453
27	34	866	1425685458
41	34	279	1425685463
32	37	709	1425685468
20	29	165	1425685488
44	1	717	1425685493
3	35	660	1425685498
41	29	119	1425685503
30	40	844	1425685507
15	28	709	1425685512
6	33	360	1425685517
45	38	980	1425685522
0	26	777	1425685526
3	43	290	1425685531
33	10	315	1425685536
28	13	368	1425685541
33	26	646	1425685546
33	23	444	1425685551
26	3	340	1425685556
23	2	383	1425685561
14	35	631	1425685566
5	27	588	1425685578
6	32	841	1425685583
44	30	369	1425685588
23	0	395	1425685593
20	30	105	1425685598
-2	-2	0	1425685602
31	39	208	1425685607
9	36	806	1425685611
46	25	720	1425685616
15	44	168	1425685621
3	37	665	1425685627
42	8	719	1425685631
36	25	756	1425685636
22	23	232	1425685641
21	17	128	1425685647
7	33	1000	1425685651
38	8	1000	1425685656
26	19	689	1425685661
24	29	814	1425685666
12	28	728	1425685671
18	46	275	1425685675
27	1	888	1425685679
14	39	702	1425685684
21	26	366	1425685690
24	14	470	1425685695
27	19	784	1425685699
10	15	421	1425685705
2	20	394	1425685744
19	45	227	1425685748
24	28	726	1425685756
39	10	303	1425685766
37	39	189	1425685770
20	45	14	1425685775
1	19	681	1425685780
3	13	586	1425685831
25	47	435	1425685835
47	13	634	1425685840
20	23	418	1425685847
19	0	620	1425685854
7	27	1000	1425685859
10	4	634	1425685865
21	45	628	1425685872
36	10	819	1425685877
18	9	671	1425685882
12	43	701	1425685886
44	40	601	1425685893
35	5	386	1425685907
15	41	627	1425685912
8	39	626	1425685917
18	13	810	1425685922
-3	-3	0	1425685927
0	37	201	1425685934
10	44	348	1425685939
16	35	813	1425685943
27	22	391	1425685949
1	31	908	1425685954
26	28	824	1425685958
11	28	810	1425685963
34	31	435	1425685969
5	1	321	1425685975
14	17	789	1425685980
14	32	692	1425686008
32	15	664	1425686013
4F6N6x951