151	L	0.0.0.0	1425684882
-2	-1	927	1425684961
-4	-3	89	1425684967
-5	-6	921	1425684976
-7	-7	0	1425684983
-8	-9	237	1425684990
-10	-11	326	1425684997
24	30	533	1425685006
-1	-1	0	1425685015
38	19	1000	1425685021
46	45	518	1425685027
5	8	1000	1425685042
8	33	286	1425685048
7	46	1000	1425685053
6	36	992	1425685059
14	42	645	1425685067
0	28	512	1425685072
8	44	179	1425685077
0	26	260	1425685083
11	0	549	1425685089
36	33	1000	1425685097
44	0	427	1425685104
28	11	551	1425685109
18	32	811	1425685115
8	30	619	1425685120
2	10	1000	1425685126
29	39	130	1425685130
8	28	142	1425685136
6	33	878	1425685143
38	39	1000	1425685148
2	26	1000	1425685153
13	8	89	1425685159
4	17	112	1425685168
47	24	844	1425685174
17	23	85	1425685179
44	24	832	1425685185
37	41	130	1425685190
1	10	360	1425685195
14	28	884	1425685200
18	26	614	1425685205
29	3	770	1425685218
12	39	933	1425685224
47	26	916	1425685228
27	18	989	1425685234
2	32	922	1425685239
27	5	933	1425685244
3	1	715	1425685251
33	25	620	1425685256
19	12	551	1425685261
26	30	558	1425685266
20	8	690	1425685271
26	44	541	1425685277
41	35	920	1425685283
32	9	804	1425685289
32	17	693	1425685295
38	35	957	1425685300
30	12	616	1425685305
27	29	973	1425685311
31	14	582	1425685316
44	36	703	1425685323
28	30	667	1425685327
41	16	345	1425685332
22	7	1000	1425685337
18	13	407	1425685342
7	43	923	1425685396
5	26	809	1425685400
47	6	107	1425685406
2	8	739	1425685411
15	39	470	1425685418
11	47	942	1425685423
5	10	992	1425685431
8	26	811	1425685445
9	13	364	1425685450
35	3	733	1425685456
30	3	378	1425685467
27	13	869	1425685472
0	9	341	1425685481
0	12	455	1425685486
23	7	996	1425685491
15	8	435	1425685500
45	39	536	1425685506
29	45	482	1425685511
24	27	564	1425685516
10	47	752	1425685523
-2	-2	0	1425685528
9	1	736	1425685532
12	23	712	1425685537
9	21	724	1425685546
1	28	782	1425685550
29	26	697	1425685555
7	29	1000	1425685560
25	9	484	1425685565
3	37	555	1425685570
37	20	622	1425685575
20	3	452	1425685580
26	38	1000	1425685593
3	27	1000	1425685598
0	7	1000	1425685607
38	33	1000	1425685612
2	45	902	1425685618
14	39	345	1425685623
30	31	699	1425685629
4	36	848	1425685633
30	23	752	1425685644
11	35	621	1425685648
22	15	245	1425685653
38	16	998	1425685658
4	39	693	1425685665
31	36	990	1425685670
32	5	911	1425685675
28	29	378	1425685682
11	18	491	1425685687
35	8	809	1425685696
34	43	826	1425685701
2	21	924	1425685706
5	31	999	1425685711
13	0	415	1425685718
45	19	801	1425685725
34	4	570	1425685729
29	17	0	1425685734
25	5	960	1425685739
11	29	388	1425685744
0	25	385	1425685749
17	44	398	1425685756
7	34	995	1425685761
21	13	469	1425685765
42	8	865	1425685770
13	2	867	1425685776
25	35	643	1425685781
26	42	876	1425685786
0	46	623	1425685790
17	16	458	1425685795
15	32	360	1425685800
16	9	454	1425685805
19	40	918	1425685813
12	38	1000	1425685818
34	45	801	1425685823
16	42	773	1425685827
40	42	546	1425685832
4	5	882	1425685837
-3	-3	0	1425685841
39	11	239	1425685847
21	41	221	1425685851
26	25	679	1425685859
36	27	759	1425685864
36	17	651	1425685881
4	13	288	1425685886
37	5	894	1425685891
25	28	602	1425685895
45	26	639	1425685900
24	41	846	1425685905
3F4M9y614