zuma	184,16	48,351	432,357	13:38:07
moliki	205,212	229,94	424,364	13:38:20
zuma	309,286	287,84	159,384	13:38:29
fakiki	46,391	43,305	153,454	13:38:41
momiki	205,297	150,134	395,177	13:38:52
fukiki	478,89	183,36	429,125	13:39:02
momiki	383,144	326,121	227,260	13:39:11
malaka	474,45	55,271	119,204	13:39:25
fakiki	164,155	105,197	449,248	13:39:35
zuma	161,164	54,300	287,439	13:39:45
mohaka	466,275	37,159	300,455	13:39:52
mohiki	274,192	108,109	303,325	13:39:58
momiki	359,287	359,404	67,467	13:40:09
fakiki	117,221	132,212	408,90	13:40:30
dush	449,78	243,12	367,40	13:40:44
malaka	441,343	304,467	12,114	13:40:50
duma	432,275	296,49	374,108	13:41:05
molaka	363,242	385,232	155,442	13:41:13
dush	209,262	172,330	463,89	13:41:19
momaka	410,422	157,162	424,33	13:41:26
fokiki	192,374	366,485	350,367	13:41:37
mamiki	109,291	151,394	330,34	13:41:46
dush	12,203	265,386	424,410	13:42:01
fokiki	337,142	182,18	462,154	13:42:22
maliki	211,440	420,448	263,155	13:42:40
miliki	175,78	140,471	359,129	13:42:50
maliki	169,390	413,233	312,188	13:43:12
malaka	362,300	141,97	447,214	13:43:19
fokaki	310,462	215,469	476,429	13:43:35
mimikie	240,197	378,169	154,151	13:43:49
malaki	314,319	218,443	300,87	13:44:03
fokaki	82,458	467,484	200,288	13:44:15
momeki	182,71	97,312	158,54	13:44:29
makiki	36,457	25,240	435,11	13:44:41
mimikie	178,185	197,66	343,341	13:44:51
malaki	206,167	169,414	119,459	13:45:10
trapezi	11,191	426,467	184,135	13:45:26
trapeka	265,356	196,352	177,343	13:45:36
trapeki	395,203	309,409	432,254	13:45:51
mamiki	409,120	428,115	176,281	13:45:59
trapaki	445,372	437,124	296,66	13:46:13
momika	93,296	246,28	273,420	13:46:35
mohaka	97,381	86,244	53,19	13:46:40
mimoki	266,234	382,141	229,241	13:47:01
trapiki	17,327	42,158	230,361	13:47:10
mamiki	181,231	73,436	126,487	13:47:23
fukiki	355,453	139,46	461,110	13:47:35
mohaka	190,67	480,265	301,42	13:47:58