fiki	391,41	216,359	395,193	13:46:20	41
makiki	486,420	466,135	48,26	13:47:42	47
makiki	77,378	218,284	101,337	13:45:15	36
trapeki	17,46	151,56	365,187	13:46:49	43
malaka	451,398	119,210	123,346	13:48:00	48
mimikie	480,200	18,58	163,93	13:44:25	32
dush	115,72	67,147	76,253	13:40:15	13
mokiki	23,28	369,459	24,30	13:39:41	9
momiki	154,238	467,70	310,310	13:41:29	20
trapeka	47,391	148,373	38,126	13:45:53	39
maliki	281,293	134,442	28,68	13:43:56	30
falkikio	196,412	444,339	304,208	13:40:58	16
maliki	14,381	248,59	194,65	13:40:41	14
molaka	302,153	253,50	22,320	13:42:47	25
fakiki	254,421	291,307	450,150	13:40:05	12
malaka	76,358	489,417	96,438	13:41:16	18
fokaki	94,322	203,172	357,266	13:47:31	46
trapeka	472,215	100,255	419,377	13:47:15	45
trapeka	83,486	84,230	32,399	13:45:29	37
fakiki	35,425	89,233	175,236	13:39:06	6
mohaka	44,216	18,283	221,415	13:39:54	11
dush	264,426	482,179	18,329	13:41:08	17
mimikie	50,230	454,95	53,165	13:46:04	40
malaka	67,215	473,407	217,122	13:44:46	34
dush	428,58	228,125	188,159	13:43:23	28
mamiki	27,166	224,232	336,184	13:46:38	42
moliki	436,397	257,297	167,38	13:42:28	24
zuma	237,152	242,200	252,74	13:41:22	19
malaka	348,115	438,274	26,142	13:44:32	33
moloki	163,62	52,204	431,228	13:44:07	31
malaka	361,351	363,67	427,305	13:45:40	38
moleka	434,46	256,333	263,59	13:45:02	35
momika	328,478	105,100	94,196	13:47:04	44
momiki	43,236	379,412	248,230	13:42:06	23
duma	347,119	193,213	98,56	13:41:40	21
zuma	437,319	434,366	263,222	13:39:20	7
fokaki	340,30	42,217	206,132	13:43:01	26
momoki	367,14	142,80	418,272	13:43:39	29
fokaki	288,255	363,115	201,424	13:41:55	22
dush	165,353	21,269	375,230	13:38:31	3
momiki	309,341	144,310	36,277	13:38:48	4
momaka	149,207	426,247	34,439	13:39:30	8
zuma	426,423	260,418	118,450	13:40:46	15
fakiki	89,154	125,240	275,406	13:39:49	10
molaki	430,321	167,177	252,84	13:43:16	27
fakiki	106,64	466,431	23,193	13:38:14	1
mohaka	215,192	480,472	474,272	13:38:26	2
dush	76,347	113,369	99,460	13:38:55	5