zomimi	432,288	383,265	26,139	10:20:47
dukoka	310,225	234,487	416,427	10:21:07
zupo	129,221	342,325	69,87	10:21:51
mukafi	185,58	425,457	55,418	10:22:03
zukoda	299,465	415,172	422,59	10:22:31
doza	314,68	280,57	379,22	10:23:07
zomimi	176,237	444,437	351,310	10:24:11
mokafi	33,321	299,406	95,314	10:24:28
zofikodu	24,292	176,86	238,480	10:24:56
daku	54,394	49,278	391,454	10:25:30
duzo	406,346	343,315	468,183	10:26:29
zomakapu	452,205	61,478	409,411	10:26:50
zomimi	359,48	142,211	362,200	10:27:27
momokafu	215,85	22,149	52,66	10:27:52
zozozu	288,47	426,241	474,286	10:28:54
moza	60,488	87,226	84,315	10:29:30
fazo	77,340	41,482	21,452	10:30:14
momakazu	215,479	171,68	304,148	10:30:42
zokadu	50,325	30,320	372,398	10:31:30
mimikafu	331,394	229,140	309,313	10:32:06
mukafi	443,352	217,482	140,118	10:32:21
zopakafu	445,344	193,456	483,234	10:32:55
fapipopi	32,69	84,62	61,95	10:33:38
mukafi	24,101	409,43	410,290	10:34:17
momuka	240,265	343,290	253,262	10:34:47
zozima	431,251	193,169	380,12	10:35:17
fopikazu	471,333	354,198	324,483	10:35:42
zopa	305,278	336,487	244,328	10:36:14
zizoma	231,265	387,304	316,438	10:36:43
zafipo	388,329	48,307	362,447	10:37:30
zofamaku	211,122	299,342	322,170	10:37:57
zizoma	52,119	207,467	350,191	10:38:41
kikipuda	263,400	188,340	135,262	10:39:26
zodu	107,302	207,290	460,96	10:39:43
fimozi	165,340	250,325	398,64	10:40:20
pomafudo	463,148	319,315	428,81	10:41:06
dukafi	291,441	418,154	148,252	10:41:25
fazu	86,149	192,375	480,24	10:41:51
popipo	54,41	132,251	18,472	10:42:26
mozuko	431,270	381,129	119,26	10:43:04
mafipo	146,443	40,472	440,273	10:43:42
dapo	380,274	356,140	108,264	10:44:24
momazu	194,80	401,22	385,338	10:44:59
fukamimi	92,461	476,274	345,466	10:45:34
mimokadu	310,180	48,206	474,354	10:45:53
dukafi	288,389	17,409	149,24	10:46:16
mikapadu	154,372	193,191	188,64	10:47:12
mimikofa	391,90	284,281	208,393	10:47:39