zokafadu	391,41	216,359	395,193	10:47:27	47
zomafoku	486,420	466,135	48,26	10:43:59	41
daku	77,378	218,284	101,337	10:32:17	20
mufapipo	17,46	151,56	365,187	10:45:16	43
fiku	451,398	119,210	123,346	10:23:45	6
zomima	480,200	18,58	163,93	10:33:22	22
zopikafu	115,72	67,147	76,253	10:44:41	42
zomimi	23,28	369,459	24,30	10:42:00	38
zoziku	154,238	467,70	310,310	10:35:06	25
momofaku	47,391	148,373	38,126	10:29:09	15
fapipo	281,293	134,442	28,68	10:20:54	1
mafikodu	196,412	444,339	304,208	10:37:01	29
kimozapu	14,381	248,59	194,65	10:36:04	27
mofikodu	302,153	253,50	22,320	10:24:48	8
momazu	254,421	291,307	450,150	10:45:42	44
dukafi	76,358	489,417	96,438	10:32:26	21
fuzoka	94,322	203,172	357,266	10:31:52	19
dukafi	472,215	100,255	419,377	10:35:27	26
fapipo	83,486	84,230	32,399	10:42:53	39
maziku	35,425	89,233	175,236	10:36:28	28
fafipipo	44,216	18,283	221,415	10:28:20	14
dupa	264,426	482,179	18,329	10:38:07	31
mufakiki	50,230	454,95	53,165	10:39:37	33
mokafi	67,215	473,407	217,122	10:26:20	10
fozazizo	428,58	228,125	188,159	10:46:12	45
fapikudo	27,166	224,232	336,184	10:34:35	24
mukoza	436,397	257,297	167,38	10:39:03	32
zomakipo	237,152	242,200	252,74	10:41:16	36
mukafi	348,115	438,274	26,142	10:37:42	30
fapu	163,62	52,204	431,228	10:26:39	11
momizi	361,351	363,67	427,305	10:25:21	9
zokamip	434,46	256,333	263,59	10:34:10	23
zomimi	328,478	105,100	94,196	10:30:53	18
mofakupo	43,236	379,412	248,230	10:39:59	34
zokadofu	347,119	193,213	98,56	10:40:48	35
zoda	437,319	434,366	263,222	10:30:25	17
fazu	340,30	42,217	206,132	10:24:23	7
zofumaki	367,14	142,80	418,272	10:43:24	40
dofa	288,255	363,115	201,424	10:27:39	13
mafikudo	165,353	21,269	375,230	10:22:00	3
zimimi	309,341	144,310	36,277	10:22:07	4
mapikoza	149,207	426,247	34,439	10:46:56	46
zokapumo	426,423	260,418	118,450	10:41:44	37
mofaku	89,154	125,240	275,406	10:29:42	16
zokafu	430,321	167,177	252,84	10:27:03	12
mafikudo	106,64	466,431	23,193	10:21:26	2
fapikuda	215,192	480,472	474,272	10:23:03	5
zokikoza	76,347	113,369	99,460	10:48:03	48