mukafi	225,184	487,245	199,396	11:27:28
fazo	292,232	182,391	432,166	11:27:49
pomipipi	353,413	426,386	91,425	11:28:17
mafiko	85,299	388,91	452,286	11:28:25
daho	103,48	84,317	90,252	11:29:05
zipopo	204,253	481,102	24,96	11:29:14
mikaki	483,176	380,40	92,177	11:29:42
fumidaho	176,24	178,444	310,185	11:30:01
popipi	243,174	367,311	312,295	11:30:14
fumika	272,174	217,208	69,298	11:30:44
zopipo	483,135	352,487	88,406	11:31:08
fazu	46,303	99,43	57,288	11:31:35
fumazo	429,338	30,120	238,451	11:31:52
zado	275,432	213,265	44,227	11:32:05
popika	142,143	106,39	224,67	11:32:37
mafazi	350,36	392,240	66,474	11:33:05
fumimazo	315,316	105,388	143,185	11:33:35
famado	406,58	118,268	55,196	11:34:08
fumimazo	183,90	488,271	122,55	11:34:27
kopipo	150,308	199,318	262,18	11:34:57
zafido	12,15	181,369	315,483	11:35:19
fizuna	69,60	383,88	170,131	11:35:36
fumuzo	48,435	72,251	210,105	11:36:06
kapizo	174,97	166,380	295,225	11:36:22
daho	187,426	358,283	455,91	11:36:42
daho	340,280	397,434	178,50	11:36:48
zado	467,70	131,369	299,187	11:37:19
dukafi	353,215	234,460	472,279	11:37:44
momikafa	129,317	347,317	145,119	11:38:00
doha	325,147	123,15	25,427	11:38:15
fomazo	488,189	34,163	78,318	11:38:33
mumofada	166,164	358,163	425,470	11:39:16
fazo	377,255	254,245	48,218	11:39:36
zopa	325,377	487,232	321,175	11:39:53
mukafi	271,439	481,128	266,135	11:40:20
kopipi	208,483	40,100	80,200	11:40:26
zipudo	221,117	144,282	358,343	11:40:53
dazo	236,100	272,348	105,287	11:41:37
kamazu	377,334	403,18	213,211	11:41:48
fazikopi	194,75	415,418	45,396	11:42:16
dopikako	206,200	70,74	352,484	11:43:00
topikazu	285,102	465,309	255,52	11:43:14
doha	137,142	297,380	376,334	11:43:32
mumiza	108,211	221,105	433,51	11:43:42
mumika	269,213	480,260	331,256	11:43:48
zuha	53,70	476,83	160,66	11:44:16
fuzo	272,370	173,406	161,40	11:44:32
fizuno	259,48	364,171	55,86	11:44:46