kopipo	296,223	123,486	138,289	14:18:53
daho	172,265	244,150	166,280	14:19:07
popika	322,482	423,425	284,470	14:19:21
fuzipopi	161,274	61,485	108,326	14:20:21
doha	415,91	142,16	171,21	14:21:13
kopipo	454,405	404,76	298,199	14:22:01
dazo	228,418	41,29	239,383	14:22:16
mifido	43,228	275,480	382,296	14:22:30
mikaki	131,181	276,25	474,291	14:22:58
mikaki	350,280	23,462	275,151	14:23:17
popika	260,437	405,14	96,81	14:23:37
momiza	283,408	72,216	343,346	14:24:14
kopipi	474,391	298,62	368,290	14:24:55
daho	195,306	260,108	372,68	14:25:17
fazo	297,12	238,83	26,222	14:25:38
mikaki	363,365	11,375	337,275	14:25:53
zifuma	228,38	73,279	33,171	14:26:41
daho	36,107	221,430	110,307	14:27:18
fumiza	114,437	252,246	443,412	14:27:59
doha	257,181	339,288	199,88	14:28:26
popika	20,383	224,82	108,76	14:28:50
zado	417,292	372,187	390,253	14:29:08
zufada	244,197	254,472	269,270	14:29:24
kopipo	180,231	305,445	221,196	14:29:47
zadi	203,141	145,204	26,471	14:30:41
momikafi	251,205	96,58	256,453	14:31:19
dukafi	338,474	481,400	262,23	14:31:51
doha	81,366	450,322	122,402	14:32:17
zufida	243,368	93,92	166,282	14:32:52
mikika	469,51	88,199	471,187	14:33:22
zufar	169,336	23,463	291,233	14:33:45
fazu	15,480	79,229	71,176	14:34:15
muzaho	294,478	458,176	175,357	14:35:01
zoha	168,51	427,254	99,193	14:35:51
damizo	418,409	63,182	391,321	14:36:17
mikafi	217,426	176,207	336,428	14:36:43
duha	219,406	303,178	237,414	14:37:11
kopipi	90,469	292,173	70,448	14:37:28
fuzima	444,229	293,456	201,93	14:37:50
zuha	442,103	452,96	297,468	14:38:43
mifazu	199,359	134,136	123,223	14:39:40
fumika	77,275	29,155	464,489	14:41:21
dozimi	318,329	159,483	45,484	14:41:47
fazo	331,469	478,399	207,59	14:42:07
mazu	85,11	47,52	176,212	14:42:55
zuma	420,254	400,233	421,146	14:43:14
faliki	399,103	131,452	275,31	14:44:06
momiza	283,226	124,245	312,410	14:44:29