dukafi	391,41	216,359	395,193	14:39:20	40
fuzipoki	486,420	466,135	48,26	14:36:27	35
mifuma	77,378	218,284	101,337	14:37:03	36
mifadi	17,46	151,56	365,187	14:33:07	29
fuzimado	451,398	119,210	123,346	14:19:48	3
doha	480,200	18,58	163,93	14:35:56	34
fazo	115,72	67,147	76,253	14:22:07	6
fazo	23,28	369,459	24,30	14:23:27	10
zimomi	154,238	467,70	310,310	14:27:13	17
zimuda	47,391	148,373	38,126	14:44:21	47
mifaza	281,293	134,442	28,68	14:42:21	44
mokafi	196,412	444,339	304,208	14:25:32	14
muzofadi	14,381	248,59	194,65	14:22:47	8
mikaki	302,153	253,50	22,320	14:29:15	22
momifi	254,421	291,307	450,150	14:39:48	41
kopipi	76,358	489,417	96,438	14:43:08	45
makihi	94,322	203,172	357,266	14:32:43	28
momifi	472,215	100,255	419,377	14:29:43	23
momikali	83,486	84,230	32,399	14:28:22	19
mahiki	35,425	89,233	175,236	14:43:35	46
kopopi	44,216	18,283	221,415	14:37:21	37
kopipi	264,426	482,179	18,329	14:23:12	9
mazo	50,230	454,95	53,165	14:44:49	48
mikaki	67,215	473,407	217,122	14:19:15	2
fimuma	428,58	228,125	188,159	14:27:39	18
zufumi	27,166	224,232	336,184	14:29:00	21
mufada	436,397	257,297	167,38	14:21:37	5
mukafi	237,152	242,200	252,74	14:19:03	1
fuzikopi	348,115	438,274	26,142	14:30:49	25
zimomi	163,62	52,204	431,228	14:24:20	12
zimami	361,351	363,67	427,305	14:28:46	20
mifido	434,46	256,333	263,59	14:34:05	31
momikafa	328,478	105,100	94,196	14:33:41	30
fuzikopi	43,236	379,412	248,230	14:25:07	13
dazo	347,119	193,213	98,56	14:21:10	4
doha	437,319	434,366	263,222	14:23:43	11
zimufa	340,30	42,217	206,132	14:34:21	32
dukafi	367,14	142,80	418,272	14:30:16	24
fazu	288,255	363,115	201,424	14:37:41	38
zifadi	165,353	21,269	375,230	14:31:45	26
doha	309,341	144,310	36,277	14:35:10	33
fuzipipo	149,207	426,247	34,439	14:31:55	27
doha	426,423	260,418	118,450	14:25:41	15
doha	89,154	125,240	275,406	14:22:20	7
kopipo	430,321	167,177	252,84	14:41:28	42
kalimuzo	106,64	466,431	23,193	14:38:34	39
mukafi	215,192	480,472	474,272	14:41:52	43
dopizuma	76,347	113,369	99,460	14:26:29	16