kopipi	199,355	213,403	167,358	08:20:56
faliki	402,404	29,36	322,448	08:21:17
momikofi	345,475	397,87	226,40	08:21:30
zuma	481,14	70,308	329,475	08:21:35
malikofi	206,38	358,368	426,99	08:21:54
zuma	48,135	444,250	47,120	08:22:06
zado	118,439	34,136	465,346	08:22:11
mikofi	93,319	331,480	396,66	08:22:22
daho	29,386	69,88	204,388	08:22:28
kopipi	73,400	415,421	277,351	08:22:40
zado	45,96	133,380	442,210	08:23:03
daho	119,30	198,109	310,94	08:23:13
momikofi	123,310	35,184	209,135	08:23:30
kapipi	162,156	335,428	120,421	08:23:54
wamimi	17,337	312,451	51,151	08:24:10
doha	183,85	237,306	455,189	08:24:16
kopipi	25,83	208,213	182,28	08:24:24
zuma	296,295	327,321	468,46	08:24:37
yolandi	30,314	475,463	73,32	08:25:09
doha	445,140	191,289	77,301	08:25:36
zado	220,84	148,42	45,188	08:25:45
momikofi	183,218	263,409	33,227	08:26:06
doha	93,181	461,117	307,435	08:26:15
momiki	452,389	264,292	379,169	08:26:30
zafida	347,397	65,406	475,259	08:27:07
mikofi	107,48	300,304	250,472	08:27:13
zomida	321,55	276,158	365,254	08:27:19
zufado	194,320	383,374	119,450	08:27:28
duha	185,329	44,322	361,79	08:27:33
zadiki	20,53	286,273	451,309	08:27:45
mikofi	489,68	346,299	361,105	08:28:01
zamiki	304,57	168,229	468,434	08:29:02
dufaki	90,487	257,74	460,320	08:29:07
womaki	96,62	11,66	169,307	08:29:16
popika	11,130	206,264	412,94	08:29:28
kopika	423,269	480,477	184,464	08:29:37
kopika	246,478	31,403	217,489	08:29:51
domiki	347,296	485,114	360,455	08:30:04
doha	423,445	27,423	21,185	08:30:09
duha	240,21	304,435	275,225	08:30:16
dumaki	38,207	483,28	193,177	08:30:47
kiki	281,192	150,66	340,25	08:30:53
popika	310,43	335,203	407,444	08:31:02
zudafo	162,101	283,196	412,153	08:31:15
fadiki	264,422	196,59	204,157	08:31:21
dumiki	357,203	214,213	11,85	08:31:31
duza	308,281	266,447	337,115	08:31:42
momika	462,157	147,307	349,63	08:31:55