mikofi	391,41	216,359	395,193	08:23:26	12
daho	486,420	466,135	48,26	08:21:59	5
kopipo	77,378	218,284	101,337	08:27:51	30
fodaho	17,46	151,56	365,187	08:31:18	44
zufaki	451,398	119,210	123,346	08:30:51	41
doha	480,200	18,58	163,93	08:30:12	39
faliki	115,72	67,147	76,253	08:25:30	19
zaho	23,28	369,459	24,30	08:31:47	47
wamiki	154,238	467,70	310,310	08:29:00	31
momikofi	47,391	148,373	38,126	08:22:25	8
zuma	281,293	134,442	28,68	08:22:34	9
zamida	196,412	444,339	304,208	08:23:59	14
duza	14,381	248,59	194,65	08:27:38	29
doha	302,153	253,50	22,320	08:21:24	2
popika	254,421	291,307	450,150	08:29:32	35
mikaki	76,358	489,417	96,438	08:23:40	13
kopipi	94,322	203,172	357,266	08:31:33	46
daho	472,215	100,255	419,377	08:27:31	28
dufado	83,486	84,230	32,399	08:29:04	32
famiki	35,425	89,233	175,236	08:29:47	36
duza	44,216	18,283	221,415	08:22:59	10
duza	264,426	482,179	18,329	08:25:49	21
duha	50,230	454,95	53,165	08:21:33	3
kopika	67,215	473,407	217,122	08:29:21	34
duha	428,58	228,125	188,159	08:25:38	20
momikofi	27,166	224,232	336,184	08:27:16	26
kopipo	436,397	257,297	167,38	08:21:09	1
mikofi	237,152	242,200	252,74	08:30:07	38
domiki	348,115	438,274	26,142	08:27:10	25
faliki	163,62	52,204	431,228	08:22:16	7
dimiki	361,351	363,67	427,305	08:27:23	27
zufaki	434,46	256,333	263,59	08:30:21	40
fakiki	328,478	105,100	94,196	08:29:10	33
zufado	43,236	379,412	248,230	08:30:02	37
damiki	347,119	193,213	98,56	08:31:08	43
faliki	437,319	434,366	263,222	08:23:06	11
duza	340,30	42,217	206,132	08:24:32	17
duha	367,14	142,80	418,272	08:24:17	16
zafida	288,255	363,115	201,424	08:26:24	23
damiki	165,353	21,269	375,230	08:31:57	48
duza	309,341	144,310	36,277	08:22:08	6
mikofi	149,207	426,247	34,439	08:21:48	4
kopika	426,423	260,418	118,450	08:30:59	42
zado	89,154	125,240	275,406	08:24:14	15
wafiki	430,321	167,177	252,84	08:25:02	18
doha	106,64	466,431	23,193	08:31:25	45
kofi	215,192	480,472	474,272	08:26:36	24
mikofi	76,347	113,369	99,460	08:26:09	22