zomida	413,404	248,482	52,123	09:25:43
zomiki	53,217	160,116	362,26	09:25:54
duha	255,240	419,137	65,362	09:26:05
yolandi	261,57	25,48	474,121	09:26:19
duza	55,64	200,127	466,483	09:26:30
duza	378,388	396,135	379,437	09:26:38
zuma	247,421	164,397	47,36	09:26:58
kiki	413,292	265,341	418,319	09:27:10
zado	213,188	365,227	226,349	09:27:24
popika	338,271	403,48	387,378	09:27:43
daho	40,274	276,425	399,164	09:27:57
kamimi	372,156	95,46	62,132	09:28:20
zuma	481,429	165,22	341,371	09:28:32
momika	20,197	176,15	300,45	09:28:54
kopipi	71,464	413,325	315,340	09:29:16
daho	153,37	38,28	254,253	09:29:38
zuma	367,101	33,279	138,410	09:30:05
daho	460,233	480,476	166,490	09:30:24
zofado	170,395	20,464	339,284	09:30:41
kopika	198,367	481,191	384,183	09:31:04
kopipi	358,375	122,32	387,452	09:31:28
momikofi	393,396	159,78	401,449	09:32:05
faliki	167,167	193,432	102,101	09:32:37
doha	113,370	192,102	356,348	09:33:08
faliki	106,464	247,190	19,298	09:33:16
kopika	311,79	272,233	393,96	09:33:38
maliki	83,56	123,110	74,366	09:33:58
duha	353,430	456,376	218,104	09:34:18
zuha	295,374	260,478	315,352	09:34:42
zufado	101,35	252,111	488,101	09:35:24
faliki	385,196	458,375	377,351	09:35:35
kiki	68,244	236,179	266,132	09:36:03
kamimi	141,168	37,289	236,428	09:36:36
duhs	89,410	325,325	110,333	09:36:47
kopipi	248,338	308,430	429,173	09:37:11
kiki	287,40	198,49	140,195	09:37:21
momikofi	140,34	381,107	399,267	09:37:32
mamimi	132,411	402,394	154,304	09:38:02
kopika	480,226	350,112	326,413	09:38:24
duha	468,188	352,434	73,80	09:38:41
momikofi	47,358	443,297	345,268	09:38:54
momiki	158,423	188,473	258,288	09:39:34
zufado	448,456	21,193	144,276	09:40:09
fado	316,379	208,227	282,351	09:40:48
kamimi	41,271	86,380	373,401	09:41:20
momiki	302,351	99,164	294,162	09:41:47
fado	314,274	434,341	73,180	09:42:06
momika	278,311	28,96	250,447	09:42:15