momikofi	391,41	216,359	395,193	09:36:14	32
duha	486,420	466,135	48,26	09:33:13	24
kimomi	77,378	218,284	101,337	09:41:58	46
kapipi	17,46	151,56	365,187	09:32:50	23
daho	451,398	119,210	123,346	09:37:27	36
zaho	480,200	18,58	163,93	09:31:09	20
yolandi	115,72	67,147	76,253	09:32:12	22
duha	23,28	369,459	24,30	09:35:48	31
zado	154,238	467,70	310,310	09:33:24	25
doha	47,391	148,373	38,126	09:27:01	7
zufado	281,293	134,442	28,68	09:38:11	38
kopipi	196,412	444,339	304,208	09:26:24	4
daho	14,381	248,59	194,65	09:39:43	42
momifofi	302,153	253,50	22,320	09:29:28	15
mamika	254,421	291,307	450,150	09:37:04	34
mimi	76,358	489,417	96,438	09:41:06	44
kiki	94,322	203,172	357,266	09:28:41	13
pika	472,215	100,255	419,377	09:40:24	43
kiki	83,486	84,230	32,399	09:30:36	18
kiki	35,425	89,233	175,236	09:34:05	27
komika	44,216	18,283	221,415	09:26:13	3
yolandi	264,426	482,179	18,329	09:28:02	11
kopipi	50,230	454,95	53,165	09:42:32	48
zudafo	67,215	473,407	217,122	09:27:32	9
yolandi	428,58	228,125	188,159	09:37:18	35
zuha	27,166	224,232	336,184	09:26:00	2
momikofi	436,397	257,297	167,38	09:26:34	5
momiki	237,152	242,200	252,74	09:26:51	6
duh	348,115	438,274	26,142	09:25:47	1
doha	163,62	52,204	431,228	09:35:29	30
faliki	361,351	363,67	427,305	09:34:28	28
momikofi	434,46	256,333	263,59	09:27:19	8
komika	328,478	105,100	94,196	09:30:17	17
kamimi	43,236	379,412	248,230	09:30:51	19
kiki	347,119	193,213	98,56	09:27:49	10
zufado	437,319	434,366	263,222	09:37:48	37
kamimi	340,30	42,217	206,132	09:39:02	41
zomida	367,14	142,80	418,272	09:29:48	16
daho	288,255	363,115	201,424	09:28:27	12
kopipi	165,353	21,269	375,230	09:35:15	29
kopika	309,341	144,310	36,277	09:38:46	40
zaho	149,207	426,247	34,439	09:42:10	47
zaho	426,423	260,418	118,450	09:38:32	39
daho	89,154	125,240	275,406	09:31:50	21
zuma	430,321	167,177	252,84	09:29:09	14
fado	106,64	466,431	23,193	09:33:48	26
daho	215,192	480,472	474,272	09:36:44	33
doha	76,347	113,369	99,460	09:41:28	45