duha	339,151	16,103	313,115	12:28:36
duha	349,461	437,111	192,455	12:28:43
momikofi	269,76	289,378	152,415	12:28:55
duha	468,429	292,411	137,123	12:29:01
kiki	72,348	92,361	214,111	12:29:09
kiki	171,63	251,177	155,74	12:29:14
faliki	281,14	45,228	114,226	12:29:25
kiki	192,372	291,471	259,432	12:29:31
zuma	395,237	371,197	158,18	12:29:46
doha	309,219	355,390	89,79	12:30:02
momikofi	490,250	131,251	416,275	12:30:17
kopipi	315,207	278,349	424,382	12:30:36
faliki	84,126	263,365	106,32	12:30:47
momikofi	307,490	259,187	197,406	12:30:57
kafiki	194,15	135,58	395,214	12:31:05
zuma	143,350	127,462	358,15	12:31:24
kofiki	435,240	437,241	296,394	12:31:44
kopiki	29,309	214,361	86,51	12:32:04
kopipi	134,287	104,252	295,272	12:32:22
zuma	326,427	363,99	179,263	12:32:27
zufado	151,311	123,268	283,470	12:32:48
doha	272,228	220,218	458,26	12:33:04
kopipi	127,395	454,247	155,379	12:33:37
doha	32,459	96,300	318,29	12:33:48
fokido	191,392	144,444	266,239	12:34:13
momiki	466,82	239,234	259,425	12:34:41
duhs	122,476	324,325	346,399	12:34:53
momiki	366,470	196,460	232,481	12:35:05
yolandi	241,68	418,113	157,106	12:35:13
zofada	366,298	407,478	75,200	12:35:38
popiki	150,442	430,275	490,334	12:35:57
zuda	478,127	238,441	363,382	12:36:04
fokiki	458,336	417,188	63,384	12:36:47
pikiki	330,385	351,415	194,179	12:37:11
folaki	203,174	370,37	489,225	12:37:24
momiki	426,364	205,132	334,426	12:37:42
foliki	123,84	484,50	187,150	12:37:57
kopika	146,63	437,63	50,22	12:38:08
momika	252,18	347,178	195,400	12:38:22
zuha	72,387	84,431	414,82	12:38:30
folanda	165,349	436,360	470,279	12:38:48
zufada	296,102	353,289	142,50	12:39:00
dush	429,278	102,376	330,142	12:39:07
zuha	387,91	149,244	259,334	12:39:21
kikia	153,320	231,226	260,154	12:39:38
zuha	298,415	13,244	284,472	12:39:44
kipoki	33,89	84,376	368,216	12:40:00
kofiki	415,307	483,27	192,323	12:40:20