kopiki	391,41	216,359	395,193	12:28:41	1
duha	486,420	466,135	48,26	12:39:23	44
kika	77,378	218,284	101,337	12:37:14	34
zuma	17,46	151,56	365,187	12:29:18	6
kopiki	451,398	119,210	123,346	12:29:07	4
yolandi	480,200	18,58	163,93	12:30:23	11
duha	115,72	67,147	76,253	12:40:07	47
zuma	23,28	369,459	24,30	12:38:00	37
duha	154,238	467,70	310,310	12:32:24	19
pika	47,391	148,373	38,126	12:40:25	48
kofifi	281,293	134,442	28,68	12:36:51	33
fokiki	196,412	444,339	304,208	12:39:16	43
kopipi	14,381	248,59	194,65	12:38:35	40
duha	302,153	253,50	22,320	12:36:00	31
zuha	254,421	291,307	450,150	12:38:27	39
zufado	76,358	489,417	96,438	12:32:40	20
popiki	94,322	203,172	357,266	12:37:51	36
faliki	472,215	100,255	419,377	12:34:03	24
kiki	83,486	84,230	32,399	12:28:46	2
duhs	35,425	89,233	175,236	12:33:41	23
kofiki	44,216	18,283	221,415	12:31:20	15
duha	264,426	482,179	18,329	12:30:51	13
duha	50,230	454,95	53,165	12:29:29	7
zohiki	67,215	473,407	217,122	12:38:54	41
zuma	428,58	228,125	188,159	12:28:59	3
kopiki	27,166	224,232	336,184	12:29:51	9
duha	436,397	257,297	167,38	12:34:44	26
kiki	237,152	242,200	252,74	12:39:40	45
duha	348,115	438,274	26,142	12:32:09	18
momiki	163,62	52,204	431,228	12:30:07	10
duha	361,351	363,67	427,305	12:35:17	29
duha	434,46	256,333	263,59	12:30:38	12
duhs	328,478	105,100	94,196	12:32:52	21
kopipi	43,236	379,412	248,230	12:34:58	27
duha	347,119	193,213	98,56	12:29:12	5
duha	437,319	434,366	263,222	12:31:52	17
yolandi	340,30	42,217	206,132	12:31:02	14
popiko	367,14	142,80	418,272	12:35:50	30
zuha	288,255	363,115	201,424	12:34:16	25
momiki	165,353	21,269	375,230	12:29:42	8
fodaki	309,341	144,310	36,277	12:33:27	22
duha	149,207	426,247	34,439	12:39:03	42
fakiki	426,423	260,418	118,450	12:36:24	32
pokika	89,154	125,240	275,406	12:38:15	38
duha	430,321	167,177	252,84	12:39:46	46
momikofi	106,64	466,431	23,193	12:31:31	16
duha	215,192	480,472	474,272	12:37:26	35
kiki	76,347	113,369	99,460	12:35:09	28