zuha	114,46	19,406	155,165	13:24:04
momaki	13,35	95,356	450,323	13:24:16
zuha	81,389	351,236	309,117	13:24:47
zuki	434,374	80,87	328,336	13:25:17
duha	316,303	408,65	46,176	13:25:40
zuda	480,186	128,419	450,128	13:25:56
momiki	222,471	62,122	437,286	13:26:24
duha	20,390	167,397	140,228	13:26:52
pokiki	262,438	244,490	389,117	13:27:04
momiki	381,229	11,242	153,194	13:27:21
kiki	410,97	78,479	173,395	13:27:33
zuki	325,479	207,242	54,242	13:27:45
poki	408,43	418,45	452,377	13:28:04
fokiki	162,223	324,396	222,223	13:28:25
zuma	22,113	441,22	345,104	13:28:36
kiki	205,264	190,272	253,352	13:28:45
fokiki	176,88	341,372	319,384	13:29:01
momiki	124,236	416,51	271,377	13:29:11
doha	418,422	110,252	328,322	13:29:21
foliki	464,339	425,414	350,279	13:29:34
zuma	27,64	53,206	326,296	13:29:45
foliki	68,12	373,398	373,202	13:29:58
momfiki	292,487	427,218	48,207	13:30:13
zuma	105,456	139,204	217,456	13:30:31
pokiki	36,190	305,451	114,164	13:30:40
dosh	239,130	218,282	326,53	13:31:11
kiki	299,244	263,307	159,408	13:31:26
pokiki	461,161	432,66	27,392	13:31:40
zuha	378,97	290,239	323,108	13:32:05
dopiki	87,383	54,450	291,417	13:32:27
mompiki	346,54	88,398	165,35	13:32:39
pokihi	193,174	415,350	81,64	13:32:54
zupa	88,369	298,340	186,446	13:33:00
motiki	258,157	117,199	212,133	13:33:16
zula	101,100	220,380	328,52	13:33:38
foliki	478,183	96,76	90,251	13:33:55
zum	101,273	415,25	133,485	13:34:07
doha	79,210	364,366	60,59	13:34:21
toliki	321,307	205,428	15,407	13:34:33
moliki	71,106	16,280	475,334	13:35:08
momfiki	161,93	414,97	300,452	13:35:29
duma	321,463	27,407	49,107	13:35:39
fotiki	167,140	369,91	154,12	13:35:53
mokiki	85,222	212,439	98,261	13:36:19
doha	294,394	417,423	108,143	13:36:32
dokiki	389,134	323,203	94,426	13:36:51
moduma	357,323	66,84	114,381	13:37:07
fuka	127,191	274,171	150,75	13:37:17