fotiki	391,41	216,359	395,193	13:33:08	33
momiki	486,420	466,135	48,26	13:29:14	18
kiki	77,378	218,284	101,337	13:24:09	1
popiki	17,46	151,56	365,187	13:25:48	5
fomiki	451,398	119,210	123,346	13:31:23	26
pokiki	480,200	18,58	163,93	13:29:06	17
kiki	115,72	67,147	76,253	13:32:30	30
pokiki	23,28	369,459	24,30	13:28:43	15
zuha	154,238	467,70	310,310	13:31:36	27
doha	47,391	148,373	38,126	13:29:53	21
zuha	281,293	134,442	28,68	13:34:12	37
poki	196,412	444,339	304,208	13:26:14	6
pokihi	14,381	248,59	194,65	13:33:27	34
zuma	302,153	253,50	22,320	13:28:55	16
zuki	254,421	291,307	450,150	13:26:29	7
doha	76,358	489,417	96,438	13:35:59	43
duha	94,322	203,172	357,266	13:30:26	23
doma	472,215	100,255	419,377	13:32:11	29
zukiki	83,486	84,230	32,399	13:30:49	25
doma	35,425	89,233	175,236	13:30:04	22
duha	44,216	18,283	221,415	13:36:59	46
momiki	264,426	482,179	18,329	13:27:39	11
zuma	50,230	454,95	53,165	13:36:25	44
zukiki	67,215	473,407	217,122	13:35:12	40
kiki	428,58	228,125	188,159	13:35:34	41
doha	27,166	224,232	336,184	13:28:15	13
duha	436,397	257,297	167,38	13:29:40	20
pokiki	237,152	242,200	252,74	13:26:55	8
momiki	348,115	438,274	26,142	13:25:34	4
momiki	163,62	52,204	431,228	13:36:36	45
fokiki	361,351	363,67	427,305	13:31:47	28
fokiki	434,46	256,333	263,59	13:27:28	10
fokiki	328,478	105,100	94,196	13:24:57	3
dush	43,236	379,412	248,230	13:27:16	9
zuma	347,119	193,213	98,56	13:35:45	42
pokiki	437,319	434,366	263,222	13:34:03	36
kiki	340,30	42,217	206,132	13:34:24	38
doha	367,14	142,80	418,272	13:27:56	12
pokiki	288,255	363,115	201,424	13:34:36	39
duma	165,353	21,269	375,230	13:32:57	32
kiki	309,341	144,310	36,277	13:24:20	2
foliki	149,207	426,247	34,439	13:30:36	24
doha	426,423	260,418	118,450	13:28:30	14
kiki	89,154	125,240	275,406	13:37:21	48
doma	430,321	167,177	252,84	13:32:43	31
zokiki	106,64	466,431	23,193	13:37:13	47
foliki	215,192	480,472	474,272	13:33:43	35
poki	76,347	113,369	99,460	13:29:27	19