zuma	242,381	316,280	266,149	14:23:05
zuma	487,408	77,202	346,82	14:23:36
pokiki	119,406	177,125	195,162	14:23:57
zuliki	448,26	135,464	422,174	14:24:11
duma	80,98	303,439	178,446	14:24:25
fatiki	441,253	178,162	201,265	14:24:40
zupa	412,198	183,479	390,38	14:24:51
potiki	71,18	434,237	132,139	14:25:14
dush	389,90	154,34	64,86	14:25:27
potiki	197,133	174,489	82,342	14:25:43
fatiki	445,33	105,133	184,295	14:25:55
potiki	387,106	483,80	94,382	14:26:07
pokiki	107,154	390,51	381,32	14:26:17
kiki	179,280	111,323	303,165	14:26:28
zuma	398,489	288,82	488,359	14:26:42
momiki	413,442	381,28	84,75	14:26:55
pokiki	312,461	170,305	50,254	14:27:09
duma	197,147	398,96	188,288	14:27:19
kiki	118,356	77,219	188,370	14:27:28
zakiki	373,96	368,170	167,365	14:27:38
zupa	39,90	317,410	107,391	14:27:45
mohaki	474,409	361,154	223,401	14:28:00
fokiki	397,410	58,305	16,235	14:28:28
momaki	321,454	30,119	469,316	14:28:37
kiki	354,118	381,227	267,74	14:28:45
zupa	420,483	90,460	323,298	14:29:03
momhaki	50,32	461,74	253,248	14:29:20
dush	230,485	138,56	274,394	14:29:52
dupaki	102,123	100,169	332,278	14:29:59
dush	49,214	363,406	374,40	14:30:15
zush	281,402	120,107	322,217	14:30:25
topaki	488,305	135,358	449,348	14:30:38
fukiki	269,356	267,317	170,272	14:30:55
fulaki	62,262	385,152	421,226	14:31:02
dupa	419,459	429,292	374,313	14:31:17
topaki	322,165	224,431	261,55	14:31:40
zuliki	157,258	350,282	126,309	14:31:51
koliki	140,385	174,396	212,333	14:32:00
momiki	178,263	104,72	404,34	14:32:09
fohiki	288,333	483,227	134,366	14:32:21
momaki	49,445	40,263	386,291	14:32:29
zuliki	307,53	59,167	324,175	14:32:34
duma	465,453	69,148	359,270	14:32:52
liki	471,47	43,85	109,436	14:33:04
pohiki	109,386	278,101	122,402	14:33:13
pohaliki	457,160	357,487	412,252	14:33:28
dupa	287,229	295,336	385,128	14:33:50
foliki	20,360	91,78	18,440	14:34:00