fuki	391,41	216,359	395,193	14:30:48	32
momiki	486,420	466,135	48,26	14:25:21	8
kiki	77,378	218,284	101,337	14:33:52	47
fuk	17,46	151,56	365,187	14:25:36	9
fatiki	451,398	119,210	123,346	14:27:05	16
pokiki	480,200	18,58	163,93	14:27:31	19
liki	115,72	67,147	76,253	14:33:09	44
pontiki	23,28	369,459	24,30	14:31:06	34
zuma	154,238	467,70	310,310	14:32:31	41
fokiki	47,391	148,373	38,126	14:30:59	33
mohalifi	281,293	134,442	28,68	14:33:43	46
momiki	196,412	444,339	304,208	14:34:05	48
fatiki	14,381	248,59	194,65	14:27:50	21
zuma	302,153	253,50	22,320	14:28:33	23
pokiki	254,421	291,307	450,150	14:26:35	14
pofiki	76,358	489,417	96,438	14:23:42	2
momahiki	94,322	203,172	357,266	14:32:26	40
momaki	472,215	100,255	419,377	14:29:24	27
pohaki	83,486	84,230	32,399	14:28:43	24
poliki	35,425	89,233	175,236	14:24:45	6
zupa	44,216	18,283	221,415	14:27:12	17
momaki	264,426	482,179	18,329	14:29:55	28
zokiki	50,230	454,95	53,165	14:26:24	13
tokiki	67,215	473,407	217,122	14:26:50	15
kiki	428,58	228,125	188,159	14:27:41	20
datiki	27,166	224,232	336,184	14:27:24	18
falihki	436,397	257,297	167,38	14:25:03	7
zuma	237,152	242,200	252,74	14:32:04	38
duh	348,115	438,274	26,142	14:32:59	43
mohaki	163,62	52,204	431,228	14:28:52	25
mahiki	361,351	363,67	427,305	14:33:19	45
folaki	434,46	256,333	263,59	14:28:08	22
folihki	328,478	105,100	94,196	14:31:44	36
polihki	43,236	379,412	248,230	14:31:55	37
dupa	347,119	193,213	98,56	14:30:04	29
kiki	437,319	434,366	263,222	14:30:18	30
potiki	340,30	42,217	206,132	14:24:14	4
momiki	367,14	142,80	418,272	14:26:12	12
tiki	288,255	363,115	201,424	14:31:28	35
mofiki	165,353	21,269	375,230	14:23:22	1
fotiki	309,341	144,310	36,277	14:24:03	3
fokaki	149,207	426,247	34,439	14:29:11	26
fahliki	426,423	260,418	118,450	14:32:41	42
zukiki	89,154	125,240	275,406	14:30:31	31
zuma	430,321	167,177	252,84	14:25:49	10
dush	106,64	466,431	23,193	14:24:29	5
taliki	215,192	480,472	474,272	14:32:17	39
kiki	76,347	113,369	99,460	14:26:04	11