momiki	81,14	409,233	66,286	11:18:51
kokiki	201,247	291,208	85,128	11:19:03
kiki	210,193	36,445	35,477	11:19:08
trapeki	472,36	28,455	279,446	11:19:19
trapiki	393,437	185,130	294,79	11:19:26
fokiki	239,364	83,158	106,138	11:19:38
trapeki	433,296	375,234	14,449	11:19:47
trapeki	352,213	152,377	168,177	11:19:56
fokiki	364,150	203,381	115,471	11:20:05
zuma	336,17	418,31	137,221	11:20:16
dush	100,365	95,172	33,190	11:20:25
fokiki	300,455	476,185	199,479	11:20:31
moliki	144,60	202,285	426,360	11:20:43
dush	452,300	19,164	190,124	11:20:51
line	145,36	130,72	57,257	11:20:57	[Replaced with 'dumu']
kiki	283,146	132,367	308,154	11:21:14
mohaki	66,118	119,52	292,307	11:21:26
kiki	40,425	356,232	220,292	11:21:33
fokaki	101,182	101,110	336,281	11:21:42
dush	223,470	306,343	52,352	11:21:48
momiki	109,324	488,231	200,305	11:22:06
fokaki	374,256	413,483	298,214	11:22:12
zuma	299,327	149,165	68,359	11:22:16
mohaki	447,159	50,58	258,376	11:22:23
fokaki	328,470	355,144	322,397	11:22:32
zuma	485,421	230,482	161,420	11:22:37
mohaki	181,319	68,387	204,418	11:22:53
mohiki	373,281	252,466	433,220	11:23:00
loliki	328,312	79,296	363,272	11:23:13
loliki	244,45	136,82	216,68	11:23:27
momaki	216,423	348,466	156,223	11:23:44
momiki	18,326	52,76	223,245	11:23:58
fukaki	483,105	36,244	81,459	11:24:15
moliki	454,399	280,42	204,153	11:24:30
molaki	304,438	187,429	29,392	11:24:43
fahiki	486,234	325,344	210,470	11:24:55
maliki	76,217	306,117	282,38	11:25:04
molaki	352,275	133,378	29,204	11:25:21
malaka	346,472	112,135	24,306	11:25:30
molaka	278,317	253,455	255,272	11:25:37
malaka	356,250	16,191	104,215	11:25:57
fakiki	171,169	421,466	276,213	11:26:09
duma	14,138	478,136	25,16	11:26:20
duma	330,360	478,432	485,12	11:26:23
duma	247,272	319,490	236,84	11:26:27
maliki	271,102	324,276	283,417	11:26:40
malaka	481,443	95,411	419,361	11:26:55
loliki	297,45	186,220	37,473	11:27:21