trapeki	391,41	216,359	395,193	11:22:29	24
dush	486,420	466,135	48,26	11:19:00	1
fokiki	77,378	218,284	101,337	11:19:54	7
loliki	17,46	151,56	365,187	11:23:07	28
trapeki	451,398	119,210	123,346	11:21:46	19
fokiki	480,200	18,58	163,93	11:26:44	46
duma	115,72	67,147	76,253	11:26:22	43
kiki	23,28	369,459	24,30	11:23:50	31
fohaki	154,238	467,70	310,310	11:21:29	17
fohaki	47,391	148,373	38,126	11:23:19	29
fokiki	281,293	134,442	28,68	11:24:32	34
dush	196,412	444,339	304,208	11:19:05	2
moliki	14,381	248,59	194,65	11:24:46	35
mohaki	302,153	253,50	22,320	11:22:08	21
fokiki	254,421	291,307	450,150	11:26:25	44
fohaki	76,358	489,417	96,438	11:20:29	11
zuma	94,322	203,172	357,266	11:19:44	6
fokiki	472,215	100,255	419,377	11:20:45	13
fokaki	83,486	84,230	32,399	11:23:32	30
zuma	35,425	89,233	175,236	11:20:52	14
fokiki	44,216	18,283	221,415	11:27:11	47
dush	264,426	482,179	18,329	11:25:09	37
trapeki	50,230	454,95	53,165	11:21:51	20
fokiki	67,215	473,407	217,122	11:27:23	48
trapeki	428,58	228,125	188,159	11:22:40	26
trapeki	27,166	224,232	336,184	11:26:28	45
zuma	436,397	257,297	167,38	11:21:10	15
kiki	237,152	242,200	252,74	11:19:10	3
dush	348,115	438,274	26,142	11:22:35	25
momiki	163,62	52,204	431,228	11:19:23	4
dush	361,351	363,67	427,305	11:20:08	9
malaka	434,46	256,333	263,59	11:25:26	38
moliki	328,478	105,100	94,196	11:25:46	40
mohiki	43,236	379,412	248,230	11:21:19	16
trapeki	347,119	193,213	98,56	11:20:33	12
fokiki	437,319	434,366	263,222	11:25:33	39
zuma	340,30	42,217	206,132	11:21:38	18
dush	367,14	142,80	418,272	11:22:15	22
fakiki	288,255	363,115	201,424	11:26:11	42
fohaki	165,353	21,269	375,230	11:19:34	5
fahiki	309,341	144,310	36,277	11:24:58	36
mohaki	149,207	426,247	34,439	11:22:55	27
trapeki	426,423	260,418	118,450	11:20:02	8
foliki	89,154	125,240	275,406	11:24:07	32
moliki	430,321	167,177	252,84	11:24:28	33
zuma	106,64	466,431	23,193	11:20:23	10
maliki	215,192	480,472	474,272	11:26:02	41
kiki	76,347	113,369	99,460	11:22:19	23