badaba	295,470	432,74	243,122	15:21:32	79,437	431,353	56,244
pikupiku	54,78	409,217	107,98	15:22:11	345,482	224,154	276,273
bababa	475,361	145,300	355,156	15:22:42	475,361	145,300	355,156
pikupiku	344,174	14,233	227,177	15:23:29	362,388	314,98	241,76
famapiku	294,255	46,185	278,176	15:24:24	295,313	93,288	67,188
badaba	232,450	479,56	58,230	15:25:11	477,184	305,142	463,309
mafada	467,195	355,150	391,413	15:25:56	470,189	147,249	314,160
badaba	378,353	68,51	413,52	15:26:33	378,353	68,51	413,52
pikupiku	137,485	29,24	162,282	15:27:21	250,173	408,414	276,231
piku	429,94	483,45	395,191	15:27:56	389,476	416,356	413,300
bababa	119,39	283,321	490,28	15:28:40	119,39	283,321	490,28
pikupiku	125,177	443,374	258,291	15:29:14	125,177	443,374	258,291
famapiku	402,31	67,441	155,458	15:29:53	330,435	183,148	363,206
piku	375,448	343,369	287,386	15:30:31	375,448	343,369	287,386
badaba	476,389	181,392	68,152	15:31:10	349,109	419,356	252,204
mafada	279,62	109,340	350,198	15:31:46	162,337	25,24	114,127
pikupiku	204,39	272,205	439,280	15:32:31	282,203	476,453	104,54
piku	162,363	69,384	150,292	15:33:10	445,431	277,442	338,396
badaba	253,301	267,14	389,273	15:33:54	140,25	324,394	274,42
bababa	442,180	161,59	60,372	15:34:26	442,180	161,59	60,372
bababa	74,114	22,386	431,78	15:35:11	74,114	22,386	431,78
badaba	99,367	49,169	405,448	15:35:45	379,466	97,268	358,274
famapiku	84,88	198,105	252,79	15:36:25	191,468	253,237	232,110
pikupiku	19,25	425,52	349,56	15:37:11	19,25	425,52	349,56
pikupiku	236,139	206,63	253,319	15:37:48	293,271	293,222	286,198
pikupiku	199,343	380,220	171,354	15:38:15	199,343	380,220	171,354
famapiku	404,165	21,199	343,199	15:38:56	404,165	21,199	343,199
bababa	37,97	198,440	305,16	15:39:27	92,261	428,95	368,442
pikupiku	272,228	180,71	245,474	15:40:13	294,250	367,390	292,92
famapiku	478,371	161,188	65,14	15:40:43	478,371	161,188	65,14
bababa	227,368	108,377	283,476	15:41:17	227,368	108,377	283,476
badaba	374,270	310,141	204,214	15:41:47	243,243	289,349	420,113
bababa	253,271	43,388	246,120	15:42:44	307,19	458,88	261,412
bababa	338,215	450,442	86,409	15:43:20	338,215	450,442	86,409
famapiku	381,82	274,376	422,221	15:43:58	95,414	393,291	466,155
mafama	412,220	63,341	362,41	15:44:44	244,342	447,153	325,230
pikupiku	452,73	249,298	142,362	15:45:25	253,211	133,155	11,109
famabada	148,244	350,105	386,184	15:46:10	146,337	390,410	223,322
famapiku	188,136	193,269	318,447	15:46:48	408,462	69,52	460,446
piku	250,484	187,482	167,333	15:47:14	250,484	187,482	167,333
bababa	488,329	172,361	397,163	15:47:43	488,329	172,361	397,163
famapiku	168,131	359,372	118,236	15:48:20	39,373	376,27	481,125
pikupiku	324,14	418,79	322,368	15:49:09	485,29	306,63	71,275
famapiku	229,173	160,197	36,17	15:49:37	229,173	160,197	36,17
piku	187,277	138,249	322,77	15:50:05	187,277	138,249	322,77
bababa	359,211	202,311	189,66	15:50:39	396,452	350,317	198,395
bababa	188,190	459,27	426,445	15:51:15	188,190	459,27	426,445
famapiku	478,198	170,269	16,170	15:51:45	77,279	403,253	456,145