famada	391,41	216,359	395,193	15:43:39	391,41	216,359	395,193	34
mafada	486,420	466,135	48,26	15:21:53	484,303	349,486	198,396	1
piku	77,378	218,284	101,337	15:24:40	77,378	218,284	101,337	5
famapiku	17,46	151,56	365,187	15:30:18	17,46	151,56	365,187	13
badaba	451,398	119,210	123,346	15:22:28	66,152	314,58	373,347	2
pikupiku	480,200	18,58	163,93	15:35:58	480,200	18,58	163,93	22
pikupiku	115,72	67,147	76,253	15:45:44	305,422	29,210	154,313	37
pikupiku	23,28	369,459	24,30	15:51:30	337,358	396,296	200,456	47
badaba	154,238	467,70	310,310	15:23:52	478,53	267,146	270,446	4
badaba	47,391	148,373	38,126	15:39:13	433,285	250,394	174,229	27
badaba	281,293	134,442	28,68	15:28:58	281,293	134,442	28,68	11
bababa	196,412	444,339	304,208	15:25:28	201,318	163,70	474,282	6
mafada	14,381	248,59	194,65	15:42:08	14,381	248,59	194,65	32
badaba	302,153	253,50	22,320	15:33:32	105,76	489,316	217,303	18
famada	254,421	291,307	450,150	15:39:50	476,62	445,308	26,323	28
mafada	76,358	489,417	96,438	15:40:29	76,358	489,417	96,438	29
mafada	94,322	203,172	357,266	15:44:21	333,465	436,215	467,250	35
badaba	472,215	100,255	419,377	15:41:02	297,373	272,252	444,209	30
famapiku	83,486	84,230	32,399	15:26:13	186,217	213,461	235,280	7
famapiku	35,425	89,233	175,236	15:30:52	424,404	439,345	252,64	14
badaba	44,216	18,283	221,415	15:34:13	21,67	476,432	146,409	19
bababa	264,426	482,179	18,329	15:52:05	410,90	193,123	327,238	48
mafada	50,230	454,95	53,165	15:32:09	361,116	292,465	126,349	16
mafama	67,215	473,407	217,122	15:45:11	67,215	473,407	217,122	36
pikupiku	428,58	228,125	188,159	15:49:22	417,333	136,225	337,318	43
famapiku	27,166	224,232	336,184	15:27:06	318,342	122,301	240,300	8
mafama	436,397	257,297	167,38	15:28:24	317,370	182,278	338,113	10
piku	237,152	242,200	252,74	15:50:23	237,152	242,200	252,74	45
bababa	348,115	438,274	26,142	15:41:28	452,276	177,463	171,118	31
badaba	163,62	52,204	431,228	15:29:34	162,466	252,98	17,105	12
mafama	361,351	363,67	427,305	15:46:29	389,238	269,191	223,355	38
badaba	434,46	256,333	263,59	15:47:27	68,280	215,478	367,347	40
famapiku	328,478	105,100	94,196	15:23:05	328,478	105,100	94,196	3
mafada	43,236	379,412	248,230	15:34:48	95,359	295,255	39,154	20
bababa	347,119	193,213	98,56	15:49:49	50,326	66,32	358,431	44
famabada	437,319	434,366	263,222	15:51:02	20,64	245,316	117,305	46
pikupiku	340,30	42,217	206,132	15:47:02	340,30	42,217	206,132	39
bababa	367,14	142,80	418,272	15:31:26	367,14	142,80	418,272	15
pikupiku	288,255	363,115	201,424	15:38:28	305,485	182,85	157,26	26
famada	165,353	21,269	375,230	15:37:36	197,198	242,156	389,285	24
pikupiku	309,341	144,310	36,277	15:27:40	309,341	144,310	36,277	9
bababa	149,207	426,247	34,439	15:38:01	487,320	180,105	346,471	25
pikupiku	426,423	260,418	118,450	15:43:08	95,286	21,28	45,88	33
famapiku	89,154	125,240	275,406	15:36:55	359,481	294,306	285,34	23
famapiku	430,321	167,177	252,84	15:48:05	43,354	17,253	465,74	41
famapiku	106,64	466,431	23,193	15:48:44	231,19	154,50	150,347	42
badaba	215,192	480,472	474,272	15:32:48	215,192	480,472	474,272	17
piku	76,347	113,369	99,460	15:35:21	76,347	113,369	99,460	21