kudofu	335,49	222,158	461,361	13:22:59	428,477	354,386	94,266
momakazu	395,234	149,230	427,120	13:24:01	114,161	387,479	83,294
mokadofu	301,316	342,14	32,89	13:25:30	300,205	438,178	78,109
dukozu	429,135	424,178	288,358	13:26:49	67,190	450,359	467,354
kazudoku	92,385	426,445	377,293	13:28:03	92,385	426,445	377,293
dukodu	384,375	371,390	485,38	13:29:48	384,375	371,390	485,38
mokafodu	459,390	261,117	129,198	13:30:52	459,390	261,117	129,198
mokapiku	226,419	23,78	423,45	13:32:05	226,419	23,78	423,45
kuzapifa	157,361	169,91	49,447	13:33:04	309,437	364,384	156,363
pufamiku	438,131	341,374	85,227	13:34:39	193,458	331,324	406,447
kudozoku	176,459	112,57	358,106	13:35:55	45,425	33,479	286,135
pukoduma	84,326	485,334	433,124	13:37:22	94,12	402,322	300,50
dumokifa	42,168	52,55	236,465	13:38:48	253,117	423,123	269,406
famoduma	89,383	336,248	463,374	13:40:21	350,309	323,54	245,196
modafama	204,411	14,55	294,89	13:41:48	204,411	14,55	294,89
kudapizu	272,460	57,373	26,405	13:42:49	228,32	254,60	76,488
dumakodu	469,99	241,464	423,183	13:44:06	252,375	404,40	104,58
modapufu	97,454	341,139	19,86	13:45:17	97,454	341,139	19,86
domakizu	114,97	458,439	335,431	13:46:28	114,97	458,439	335,431
modafa	323,49	351,327	93,154	13:47:32	447,297	290,60	33,292
madukoda	405,354	124,452	237,139	13:48:52	405,354	124,452	237,139
pikadida	366,215	227,116	189,160	13:49:55	193,115	463,306	482,296
pumakodu	289,275	124,139	404,132	13:51:32	64,350	300,209	209,225
modakifu	215,27	219,183	455,63	13:52:51	357,374	24,11	389,151
zikadazu	123,287	102,463	124,184	13:54:19	304,453	158,467	84,337
modakozu	127,38	48,240	480,275	13:55:49	127,38	48,240	480,275
duzudu	368,356	479,105	461,178	13:57:21	368,356	479,105	461,178
zukapimu	255,259	442,368	388,356	13:58:12	344,67	373,293	393,324
miduzudu	490,112	372,218	284,337	13:59:56	71,78	108,436	136,40
zukapodo	271,397	134,362	370,247	14:01:20	118,345	23,480	148,406
zudukofa	56,486	275,94	235,264	14:02:23	441,359	244,113	247,23
mokuda	358,113	129,347	208,100	14:03:19	216,348	84,256	488,85
dumokafa	34,452	349,466	330,246	14:04:29	248,95	361,371	484,24
duzomafa	331,330	347,213	57,141	14:05:47	140,408	426,465	166,159
zipumifa	59,318	48,182	190,407	14:07:09	164,447	206,321	173,38
pikudadi	419,236	402,203	319,147	14:08:42	419,236	402,203	319,147
mafuzadu	456,187	250,94	44,448	14:09:54	284,372	56,123	190,36
madakozu	184,68	410,42	43,249	14:11:36	184,68	410,42	43,249
zidupiki	277,364	88,134	87,135	14:12:42	277,364	88,134	87,135
dadipika	265,135	443,302	307,142	14:13:43	265,135	443,302	307,142
kudadika	219,235	368,130	427,197	14:14:41	219,235	368,130	427,197
zamafodo	267,393	373,27	477,407	14:15:46	26,269	146,49	211,432
kuzadama	464,170	464,383	201,17	14:17:20	140,188	64,63	453,345
zudapika	142,468	370,220	111,446	14:18:33	243,428	329,52	276,327
dudadika	344,366	91,297	178,387	14:19:17	408,391	313,388	188,23
fakudafi	429,386	132,306	26,69	14:20:38	256,274	44,94	316,310
kaduzi	12,282	451,375	298,438	14:21:47	61,101	145,161	289,429
mapikadu	291,272	117,264	164,308	14:22:26	291,272	117,264	164,308