kudazapa	391,41	216,359	395,193	14:18:02	413,241	490,469	84,37	43
fadapufi	486,420	466,135	48,26	14:19:55	486,420	466,135	48,26	45
pukumo	77,378	218,284	101,337	13:46:57	77,378	218,284	101,337	19
kafadadi	17,46	151,56	365,187	14:09:19	403,436	253,389	439,314	36
pukumofa	451,398	119,210	123,346	13:38:01	92,14	22,83	241,478	12
kadapika	480,200	18,58	163,93	14:14:13	119,57	432,331	335,31	40
mizupiko	115,72	67,147	76,253	14:08:19	185,132	202,292	195,472	35
kafafifa	23,28	369,459	24,30	14:21:15	357,216	424,202	275,240	46
madako	154,238	467,70	310,310	14:16:25	441,289	128,125	100,276	42
modazapa	47,391	148,373	38,126	13:52:11	37,28	397,369	73,203	23
pizufamu	281,293	134,442	28,68	13:26:12	285,290	86,411	334,318	3
dofipa	196,412	444,339	304,208	13:50:49	361,369	180,243	300,455	22
mazudapika	14,381	248,59	194,65	14:18:50	14,381	248,59	194,65	44
pufimoka	302,153	253,50	22,320	13:36:39	14,26	39,391	360,370	11
dodafifa	254,421	291,307	450,150	13:32:25	465,26	130,363	332,126	8
dakazu	76,358	489,417	96,438	13:56:33	268,394	192,362	340,27	26
mopufi	94,322	203,172	357,266	13:53:39	223,330	48,29	377,70	24
famadoku	472,215	100,255	419,377	13:39:30	394,61	291,230	96,221	13
mazapako	83,486	84,230	32,399	14:00:51	411,59	15,269	49,27	29
pimozu	35,425	89,233	175,236	13:27:26	484,395	14,138	127,421	4
mopuzapa	44,216	18,283	221,415	13:48:11	54,472	372,422	286,89	20
modukafa	264,426	482,179	18,329	14:04:55	264,426	482,179	18,329	33
mafodaza	50,230	454,95	53,165	13:35:29	266,395	327,45	421,460	10
madazako	67,215	473,407	217,122	14:11:57	138,37	116,210	363,66	38
dafapuku	428,58	228,125	188,159	13:59:07	339,115	68,325	454,126	28
pikumado	27,166	224,232	336,184	13:30:20	489,414	127,480	143,123	6
famodifa	436,397	257,297	167,38	13:41:20	436,397	257,297	167,38	14
dafapiku	237,152	242,200	252,74	14:22:49	239,120	250,173	311,35	48
fadamako	348,115	438,274	26,142	13:49:26	429,13	382,483	159,18	21
mamofado	163,62	52,204	431,228	13:23:31	163,62	52,204	431,228	1
dafako	361,351	363,67	427,305	14:04:04	172,408	476,13	71,388	32
kozamu	434,46	256,333	263,59	13:24:47	434,46	256,333	263,59	2
damizapa	328,478	105,100	94,196	13:34:00	428,367	211,50	333,350	9
modazapa	43,236	379,412	248,230	13:42:18	258,62	294,58	282,379	15
famadiko	347,119	193,213	98,56	13:29:05	399,355	86,219	89,417	5
pukaziko	437,319	434,366	263,222	14:13:10	368,490	130,91	156,11	39
midifa	340,30	42,217	206,132	14:02:53	146,161	448,295	338,85	31
fadakudo	367,14	142,80	418,272	14:10:47	269,143	443,456	373,160	37
dopukufifa	288,255	363,115	201,424	13:45:53	481,420	12,38	240,400	18
makado	165,353	21,269	375,230	14:06:26	287,81	243,411	390,445	34
pikukaduzi	309,341	144,310	36,277	14:22:07	309,341	144,310	36,277	47
mopufi	149,207	426,247	34,439	13:44:46	149,207	426,247	34,439	17
pikudo	426,423	260,418	118,450	13:43:16	289,164	416,251	183,103	16
famazapa	89,154	125,240	275,406	13:31:40	269,133	387,345	341,466	7
mafadi	430,321	167,177	252,84	14:01:50	35,263	118,73	281,484	30
mofakazu	106,64	466,431	23,193	13:57:38	296,37	454,490	200,440	27
dafazu	215,192	480,472	474,272	13:55:08	476,412	204,174	476,302	25
pukuma	76,347	113,369	99,460	14:15:08	55,165	46,94	362,485	41