pudamazu	468,116	24,126	131,469	15:22:43	468,116	24,126	131,469
zudopika	102,281	46,283	323,422	15:23:42	390,414	355,134	405,298
zadupika	140,90	287,464	97,151	15:24:34	328,240	212,129	176,154
madupika	318,346	356,292	341,74	15:25:16	318,346	356,292	341,74
dukopika	341,109	458,76	80,283	15:25:56	399,349	488,121	468,173
madudaku	419,257	464,191	276,14	15:26:58	356,56	409,470	226,202
madumafa	126,368	285,161	160,117	15:27:41	315,158	325,280	43,454
dakozudu	93,290	197,370	264,283	15:29:00	93,290	197,370	264,283
dukamadu	30,91	139,376	373,470	15:29:49	394,477	186,259	16,449
dokomafu	440,223	88,407	289,158	15:30:58	181,414	232,130	325,282
pikupiku	200,217	404,174	398,190	15:31:35	200,217	404,174	398,190
dakupiku	177,33	67,451	184,217	15:32:09	13,309	375,235	429,210
pikupikupiku	78,266	16,264	145,269	15:32:54	412,169	296,133	362,152
madodadu	56,165	350,184	51,232	15:33:55	306,413	200,148	41,329
pikumafa	163,480	445,241	396,243	15:34:34	134,310	123,62	130,88
bafadadu	389,105	450,303	268,357	15:35:10	37,324	358,119	142,31
mikapiku	482,435	379,58	395,73	15:36:09	482,435	379,58	395,73
mipiku	265,462	329,270	235,464	15:36:51	265,462	329,270	235,464
zadadidu	49,281	139,388	454,179	15:37:33	49,281	139,388	454,179
bapiku	130,127	169,85	358,74	15:38:12	274,377	302,216	253,391
famokiku	317,257	169,276	69,427	15:38:59	178,402	219,372	160,180
dokubama	143,60	371,32	108,276	15:39:39	219,21	324,129	305,278
mimumu	94,362	247,412	142,472	15:40:17	284,389	332,205	276,240
mamofada	386,180	262,34	77,226	15:41:07	386,180	262,34	77,226
bupiku	202,197	343,360	271,210	15:41:38	202,197	343,360	271,210
babipiku	424,98	456,103	364,35	15:42:20	424,98	456,103	364,35
bamapiku	39,16	84,400	37,182	15:43:19	469,197	252,187	31,52
bamadadu	185,121	54,422	43,186	15:44:27	185,121	54,422	43,186
bumupiku	403,418	355,175	441,422	15:45:03	52,292	130,78	120,64
mofudoki	390,153	128,242	22,389	15:45:52	390,153	128,242	22,389
bupiku	442,435	476,408	48,349	15:46:20	442,435	476,408	48,349
bamudoki	432,76	355,26	466,382	15:47:17	432,76	355,26	466,382
bamadaku	198,161	13,242	92,45	15:47:48	350,151	476,27	363,390
bumudoku	417,485	453,281	169,404	15:48:34	326,378	393,174	435,406
bazukifu	213,68	66,331	300,78	15:49:41	467,140	332,112	18,302
bamadadu	229,252	23,215	170,60	15:50:20	229,252	23,215	170,60
mafupiki	73,111	125,418	127,101	15:51:07	120,334	61,441	435,69
bupika	309,314	251,311	66,332	15:51:38	309,314	251,311	66,332
bufakifa	346,472	327,309	263,485	15:52:44	346,472	327,309	263,485
bumadaku	222,465	63,278	305,353	15:53:16	222,465	63,278	305,353
bakiku	345,44	114,357	248,273	15:54:00	436,126	298,183	392,189
mufafa	406,311	374,41	238,490	15:54:47	189,110	241,462	140,147
bamafapiku	131,57	314,372	358,369	15:55:37	246,237	107,156	337,404
bamadoku	214,214	351,50	32,123	15:56:31	13,136	324,97	397,160
mapiku	44,243	97,97	31,392	15:57:20	44,243	97,97	31,392
mudoku	439,365	425,63	231,182	15:57:51	215,151	445,373	184,459
badaku	325,147	483,209	178,231	15:58:32	252,56	286,395	400,316
bafadoki	209,299	277,32	180,145	15:59:03	75,60	145,29	422,318