bamafada	391,41	216,359	395,193	15:44:47	213,65	57,140	314,424	28
bofodoku	486,420	466,135	48,26	15:56:59	486,420	466,135	48,26	44
zudopika	77,378	218,284	101,337	15:23:11	77,378	218,284	101,337	1
mafokadu	17,46	151,56	365,187	15:24:08	17,46	151,56	365,187	2
buzudoki	451,398	119,210	123,346	15:50:00	30,435	291,390	364,314	35
bazapiku	480,200	18,58	163,93	15:59:22	20,475	302,57	284,144	48
bapiku	115,72	67,147	76,253	15:41:23	115,72	67,147	76,253	24
bapikupiku	23,28	369,459	24,30	15:42:05	23,28	369,459	24,30	25
zamodoka	154,238	467,70	310,310	15:45:31	154,238	467,70	310,310	29
zapodaku	47,391	148,373	38,126	15:26:33	47,391	148,373	38,126	5
kafamadu	281,293	134,442	28,68	15:39:58	281,293	134,442	28,68	22
badafa	196,412	444,339	304,208	15:58:14	114,146	47,299	333,219	46
zapiku	14,381	248,59	194,65	15:37:07	364,267	191,448	379,208	18
mafadoku	302,153	253,50	22,320	15:35:41	476,417	228,133	242,261	16
pikumafa	254,421	291,307	450,150	15:34:50	254,421	291,307	450,150	15
buzakafu	76,358	489,417	96,438	15:49:14	309,385	380,246	380,489	34
zufadadu	94,322	203,172	357,266	15:50:46	188,24	233,424	85,475	36
pamadofu	472,215	100,255	419,377	15:36:40	233,86	185,483	97,233	17
buzuka	83,486	84,230	32,399	15:55:09	20,486	65,152	244,140	42
buzakima	35,425	89,233	175,236	15:52:24	477,446	300,278	346,173	38
zamafada	44,216	18,283	221,415	15:43:00	154,487	81,77	468,315	26
dakomafu	264,426	482,179	18,329	15:28:19	149,360	481,327	314,207	7
zafupika	50,230	454,95	53,165	15:24:55	383,361	348,154	436,443	3
zapadofu	67,215	473,407	217,122	15:32:37	216,21	359,360	490,121	12
bapika	428,58	228,125	188,159	15:47:28	428,58	228,125	188,159	32
makizaba	27,166	224,232	336,184	15:56:15	110,70	361,405	341,289	43
buzamado	436,397	257,297	167,38	15:54:23	260,455	234,220	213,446	41
mapiku	237,152	242,200	252,74	15:31:52	168,100	153,216	65,190	11
bamadoku	348,115	438,274	26,142	15:39:22	348,115	438,274	26,142	21
bamakamu	163,62	52,204	431,228	15:53:02	163,62	52,204	431,228	39
dozuda	361,351	363,67	427,305	15:30:31	212,463	398,369	179,317	9
badoku	434,46	256,333	263,59	15:58:46	337,54	27,121	399,317	47
zadopiku	328,478	105,100	94,196	15:44:09	273,371	273,81	297,421	27
zamadofu	43,236	379,412	248,230	15:25:35	145,83	318,250	97,342	4
kamadoku	347,119	193,213	98,56	15:37:54	421,57	133,149	340,460	19
madupika	437,319	434,366	263,222	15:29:26	437,319	434,366	263,222	8
bapika	340,30	42,217	206,132	15:46:06	340,30	42,217	206,132	30
madodafu	367,14	142,80	418,272	15:33:36	211,344	325,53	47,201	13
pikupiku	288,255	363,115	201,424	15:57:33	288,255	363,115	201,424	45
zamofadu	165,353	21,269	375,230	15:40:48	98,442	490,217	38,336	23
pikadadu	309,341	144,310	36,277	15:34:19	321,162	305,214	464,70	14
zadufaka	149,207	426,247	34,439	15:46:45	446,344	196,57	360,144	31
bupika	426,423	260,418	118,450	15:51:21	426,423	260,418	118,450	37
madupika	89,154	125,240	275,406	15:27:22	418,235	168,89	348,215	6
zamaku	430,321	167,177	252,84	15:53:34	264,124	481,333	96,306	40
bamokadu	106,64	466,431	23,193	15:38:41	391,131	207,25	293,282	20
zapadoku	215,192	480,472	474,272	15:48:18	179,229	451,249	222,43	33
zafapiku	76,347	113,369	99,460	15:31:21	387,255	356,110	348,35	10