madupika	464,132	401,378	411,298	09:26:24	275,435	180,413	460,149
madupika	69,415	314,259	136,252	09:27:34	488,58	345,285	360,414
bapiku	242,113	191,118	265,35	09:28:36	368,482	347,61	398,24
bapika	20,183	330,410	103,216	09:29:13	312,144	477,294	381,171
mafadu	217,239	383,377	410,29	09:29:59	335,25	104,191	75,12
pikumadu	67,366	311,260	387,85	09:30:50	156,29	264,450	242,114
mapiku	434,261	375,306	396,198	09:31:50	28,364	457,209	472,231
bapiku	154,338	248,296	453,384	09:32:51	366,411	392,123	414,248
mapiku	398,297	399,11	478,463	09:34:02	398,297	399,11	478,463
mafudada	13,192	425,270	319,446	09:35:11	394,262	208,481	137,199
piku	481,375	321,301	145,217	09:36:16	366,211	100,186	180,204
mapiku	376,89	467,261	385,373	09:37:06	204,184	188,262	278,453
pikamafu	448,49	220,205	334,182	09:38:06	305,49	136,395	225,305
madupika	99,241	469,487	242,456	09:38:52	298,61	237,189	337,364
pikuma	460,245	158,394	24,467	09:39:49	193,256	186,202	363,314
midupiku	349,14	352,179	305,486	09:41:02	349,14	352,179	305,486
bamafu	386,190	85,363	440,459	09:41:55	386,190	85,363	440,459
fadumika	245,398	18,455	113,341	09:43:00	291,124	230,301	26,290
pikubapiku	146,201	92,125	198,324	09:44:14	146,201	92,125	198,324
pikupikumapiku	90,167	79,238	70,92	09:45:22	90,167	79,238	70,92
famafu	214,408	96,75	97,390	09:46:13	20,34	480,83	321,21
dudubafa	71,472	90,145	344,40	09:47:56	71,472	90,145	344,40
umadupiku	114,99	427,122	63,49	09:48:56	114,99	427,122	63,49
mafada	452,198	239,54	313,426	09:50:14	165,240	464,34	376,184
mafadada	368,392	103,436	140,162	09:51:09	71,347	259,259	376,24
midafada	38,343	80,123	408,166	09:52:14	38,343	80,123	408,166
bafadadamu	23,469	147,102	123,481	09:53:49	150,240	370,96	210,324
damadudu	131,227	89,67	338,141	09:54:59	265,472	23,173	449,102
madadu	106,300	329,335	344,151	09:56:17	489,300	45,178	318,177
midamadu	271,221	53,363	167,182	09:57:54	271,221	53,363	167,182
mabaduda	34,194	35,103	306,433	09:59:24	262,92	49,296	259,357
ubafadu	259,318	411,396	410,44	10:00:26	370,374	23,98	461,311
dadadafadu	386,51	260,465	107,108	10:01:32	386,51	260,465	107,108
midafadu	115,203	397,433	47,250	10:02:30	361,263	179,58	207,234
midafadu	94,307	461,136	180,138	10:03:57	62,79	175,107	194,372
pikumidpiku	308,203	321,332	296,137	10:05:02	308,203	321,332	296,137
udafadu	275,65	445,195	450,364	10:06:33	346,203	475,472	84,252
midadamu	228,346	404,478	320,21	10:07:46	76,470	230,161	361,330
damafapu	95,424	213,481	367,250	10:09:27	107,485	469,93	210,462
midapikuiku	241,450	67,212	96,236	10:10:32	430,406	304,388	105,309
madamada	339,393	429,169	235,235	10:11:57	490,350	197,247	173,472
upadama	295,19	289,250	204,249	10:13:14	295,19	289,250	204,249
dadada	123,421	104,36	408,413	10:14:53	123,421	104,36	408,413
ubafafa	47,12	347,250	483,224	10:16:19	47,12	347,250	483,224
mufafa	489,234	184,65	435,269	10:17:37	489,234	184,65	435,269
mipikufapikufafa	291,284	172,229	443,397	10:19:40	180,305	254,195	47,416
mafamudidi	453,248	406,252	487,119	10:21:30	289,24	388,170	265,103
bababa	490,119	49,104	145,447	10:22:54	181,439	292,409	159,235