mafapiku	391,41	216,359	395,193	09:42:23	178,256	190,464	316,57	17
bufadudu	486,420	466,135	48,26	09:47:32	486,420	466,135	48,26	21
mikapiku	77,378	218,284	101,337	09:36:38	215,241	326,234	38,256	11
bapiku	17,46	151,56	365,187	09:33:36	17,46	151,56	365,187	8
midafafadu	451,398	119,210	123,346	10:06:02	403,127	411,488	473,20	36
midafafapikupiku	480,200	18,58	163,93	10:15:46	480,200	18,58	163,93	43
pikumapiku	115,72	67,147	76,253	09:44:49	115,72	67,147	76,253	19
dapikupikupiku	23,28	369,459	24,30	10:09:50	23,28	369,459	24,30	39
midafamadu	154,238	467,70	310,310	10:03:23	340,139	245,145	422,344	34
mafamadu	47,391	148,373	38,126	10:22:32	24,294	178,258	312,66	47
mudafada	281,293	134,442	28,68	09:40:22	32,387	319,211	70,17	15
madu	196,412	444,339	304,208	09:48:33	423,185	270,315	161,188	22
mapika	14,381	248,59	194,65	09:32:29	480,241	415,138	404,198	7
bufomada	302,153	253,50	22,320	09:27:11	456,56	137,49	417,264	1
midamafapi	254,421	291,307	450,150	10:11:13	254,421	291,307	450,150	40
bufupkia	76,358	489,417	96,438	09:28:14	193,105	157,486	60,349	2
mamama	94,322	203,172	357,266	10:16:42	94,322	203,172	357,266	44
bamufadu	472,215	100,255	419,377	09:43:44	457,474	33,378	488,411	18
bumafada	83,486	84,230	32,399	09:50:44	243,416	388,300	221,291	24
bafadu	35,425	89,233	175,236	10:00:04	148,179	26,271	370,483	31
bafamadu	44,216	18,283	221,415	10:18:43	342,417	74,421	90,266	45
madufada	264,426	482,179	18,329	09:38:31	264,426	482,179	18,329	13
budupika	50,230	454,95	53,165	09:34:47	368,254	76,181	451,213	9
mufadadu	67,215	473,407	217,122	09:35:50	242,13	283,444	361,150	10
bapiku	428,58	228,125	188,159	09:41:20	285,168	250,68	13,250	16
mapiku	27,166	224,232	336,184	09:37:27	232,435	412,24	388,282	12
midafamapi	436,397	257,297	167,38	10:08:51	436,397	257,297	167,38	38
babapikupiku	237,152	242,200	252,74	09:49:47	237,152	242,200	252,74	23
damadu	348,115	438,274	26,142	09:54:36	480,457	437,123	195,130	27
dadamadu	163,62	52,204	431,228	09:57:29	322,454	40,462	299,44	29
bufamadu	361,351	363,67	427,305	09:29:38	277,89	341,423	84,390	4
madafamadu	434,46	256,333	263,59	10:12:36	108,74	124,461	411,286	41
midafafadu	328,478	105,100	94,196	10:14:23	328,478	105,100	94,196	42
midafamadu	43,236	379,412	248,230	10:20:25	354,58	272,446	252,186	46
midamadu	347,119	193,213	98,56	10:01:55	482,237	484,385	84,336	33
bamadu	437,319	434,366	263,222	09:58:29	410,222	354,440	194,163	30
fafapiku	340,30	42,217	206,132	09:45:44	340,30	42,217	206,132	20
damamadu	367,14	142,80	418,272	10:07:15	410,433	300,330	88,447	37
pikupiku	288,255	363,115	201,424	09:39:12	288,255	363,115	201,424	14
dowmamadu	165,353	21,269	375,230	10:24:28	15,393	166,332	280,446	48
bafafapiku	309,341	144,310	36,277	09:51:43	64,468	120,363	190,289	25
mafadu	149,207	426,247	34,439	09:30:14	485,409	304,208	147,195	5
bapiku	426,423	260,418	118,450	09:31:11	449,337	55,464	130,406	6
mikapiku	89,154	125,240	275,406	09:28:53	211,252	214,228	381,485	3
dafadu	430,321	167,177	252,84	09:55:35	430,321	167,177	252,84	28
dadafadu	106,64	466,431	23,193	10:01:02	210,241	300,108	298,460	32
midafafadu	215,192	480,472	474,272	10:04:39	36,85	452,267	348,397	35
bafapiku	76,347	113,369	99,460	09:52:47	76,347	113,369	99,460	26