ubamafafa	346,138	317,230	462,341	12:54:36	100,208	317,267	483,250
pikumapiku	19,24	54,122	446,484	12:55:19	329,108	99,182	215,100
madamafa	358,306	179,414	263,292	12:56:05	187,234	468,306	382,72
madamidmadu	36,339	189,422	52,125	12:56:58	215,211	354,473	474,203
mafada	478,176	197,192	104,447	12:57:38	478,176	197,192	104,447
pikumidpiku	426,309	167,290	292,151	12:58:08	146,440	361,444	26,436
madada	482,159	169,330	148,94	12:58:51	482,159	169,330	148,94
bababa	148,213	106,478	487,172	12:59:33	240,438	302,199	452,437
dafadada	242,64	415,103	479,266	13:00:26	81,280	410,93	446,391
fadada	404,466	432,110	168,45	13:00:58	211,430	364,38	78,164
famada	67,103	344,224	382,145	13:01:43	389,362	330,65	111,12
dadafa	365,374	294,44	213,431	13:02:10	350,330	59,224	357,126
pikudapiku	127,351	154,223	338,151	13:02:47	148,85	165,467	139,265
mafada	385,89	204,309	181,192	13:03:21	367,86	386,415	300,253
pikufapiku	84,95	168,25	195,325	13:03:58	288,366	96,284	480,234
dadamada	60,251	418,393	465,310	13:04:33	275,188	411,266	298,361
famapiku	48,339	193,331	373,396	13:05:09	151,451	470,205	181,403
pikumidada	271,489	256,415	222,103	13:05:50	427,366	34,347	141,322
famada	75,116	182,268	414,353	13:06:16	456,140	38,177	301,423
midafidu	450,488	437,127	22,141	13:06:55	225,408	402,218	79,291
mafadada	442,72	382,370	455,357	13:07:20	95,391	382,202	82,152
fadapiku	190,12	205,373	332,87	13:07:44	483,329	11,134	481,386
midafada	410,294	414,147	241,23	13:08:13	226,74	436,118	266,28
midafadu	230,215	196,217	337,298	13:08:55	382,194	172,135	397,252
pikufapiku	76,314	471,20	263,186	13:09:25	395,41	46,381	61,415
famada	339,139	437,263	235,235	13:10:08	72,96	473,45	477,208
bababa	192,294	487,314	461,215	13:10:38	90,255	155,402	336,48
famapiku	148,381	19,71	38,249	13:11:14	148,381	19,71	38,249
pikumapiku	83,257	454,269	464,300	13:11:41	91,98	93,367	102,277
fafada	76,49	124,56	58,377	13:12:11	12,45	22,477	378,211
dababa	231,387	25,178	159,249	13:12:42	258,391	22,392	160,210
bababa	402,340	53,399	163,24	13:13:11	402,340	53,399	163,24
dadada	124,301	394,132	361,421	13:13:35	124,301	394,132	361,421
dadafa	370,434	188,334	212,161	13:14:06	247,441	133,135	77,446
famada	144,277	199,257	323,247	13:14:31	16,362	453,26	140,407
dadafa	143,63	143,157	230,292	13:15:03	97,108	448,413	79,414
damapiku	396,142	141,438	50,294	13:15:29	102,372	461,237	154,452
dadada	451,163	104,355	284,455	13:16:02	447,299	428,96	219,304
dadada	285,164	399,462	488,120	13:16:36	475,26	478,459	129,81
famadada	133,141	387,321	387,219	13:17:12	450,346	345,467	216,405
mafafa	78,40	272,210	187,12	13:17:43	261,371	107,156	265,118
dadada	12,92	144,142	40,183	13:18:05	275,98	41,196	206,466
pikufapiku	426,481	336,40	345,129	13:18:29	426,481	336,40	345,129
bababa	484,140	283,393	112,280	13:19:05	225,139	340,239	245,280
famapiku	22,234	410,399	65,307	13:19:35	258,114	81,46	341,182
dadada	128,132	337,389	332,33	13:20:01	317,130	344,475	80,287
dadada	391,333	115,44	465,145	13:20:30	172,389	403,152	60,146
fadumida	216,401	136,62	430,471	13:21:04	216,401	136,62	430,471