baudifafa	391,41	216,359	395,193	13:04:53	169,450	360,356	133,284	16
bafafa	486,420	466,135	48,26	13:12:27	417,397	72,487	394,44	30
mapiku	77,378	218,284	101,337	12:55:45	77,378	218,284	101,337	2
pikumidpiku	17,46	151,56	365,187	13:02:36	243,79	240,420	103,299	12
dadafa	451,398	119,210	123,346	13:14:47	453,396	403,459	357,29	35
pikumapiku	480,200	18,58	163,93	13:07:56	441,86	272,56	36,71	22
mapiku	115,72	67,147	76,253	12:57:21	172,302	218,210	289,238	4
piku	23,28	369,459	24,30	13:07:07	23,28	369,459	24,30	20
mafada	154,238	467,70	310,310	13:06:03	230,41	246,29	257,355	18
bababada	47,391	148,373	38,126	13:21:17	43,281	15,219	315,212	48
babada	281,293	134,442	28,68	13:15:16	57,213	23,408	426,186	36
babada	196,412	444,339	304,208	13:10:24	24,282	236,128	118,312	26
pikufafa	14,381	248,59	194,65	13:19:22	14,381	248,59	194,65	44
pikubapiku	302,153	253,50	22,320	13:04:12	48,418	440,107	42,423	15
midadafa	254,421	291,307	450,150	13:20:45	240,251	225,405	473,202	47
damafada	76,358	489,417	96,438	13:07:33	82,185	144,102	255,415	21
badafaba	94,322	203,172	357,266	13:18:52	261,488	333,161	445,213	43
badafa	472,215	100,255	419,377	13:13:24	472,215	100,255	419,377	32
badamadu	83,486	84,230	32,399	13:15:48	251,142	384,335	442,278	37
mafafa	35,425	89,233	175,236	12:58:31	398,77	272,372	24,396	6
babamidu	44,216	18,283	221,415	13:20:20	266,367	337,405	306,62	46
dafafa	264,426	482,179	18,329	13:11:55	264,426	482,179	18,329	29
famada	50,230	454,95	53,165	13:01:53	354,143	169,180	116,263	11
mafada	67,215	473,407	217,122	12:57:53	67,215	473,407	217,122	5
pikufafa	428,58	228,125	188,159	13:12:59	309,415	211,281	42,118	31
damidada	27,166	224,232	336,184	13:00:06	391,283	58,403	480,57	8
madafada	436,397	257,297	167,38	12:56:28	25,174	34,303	393,225	3
pikumapiku	237,152	242,200	252,74	13:13:51	287,446	430,487	237,462	33
badamidufa	348,115	438,274	26,142	13:16:53	13,279	241,153	168,172	39
badufa	163,62	52,204	431,228	13:17:56	120,356	322,149	219,24	41
dadafa	361,351	363,67	427,305	13:17:27	361,351	363,67	427,305	40
bafada	434,46	256,333	263,59	13:14:18	313,366	361,224	174,250	34
dapikufa	328,478	105,100	94,196	13:03:07	328,478	105,100	94,196	13
bafadaba	43,236	379,412	248,230	13:19:49	252,227	317,435	149,360	45
dabafa	347,119	193,213	98,56	13:03:41	145,264	197,174	415,485	14
pikudapiku	437,319	434,366	263,222	12:59:16	106,88	69,114	473,194	7
pikumapiku	340,30	42,217	206,132	13:11:28	438,48	307,474	419,357	28
bababa	367,14	142,80	418,272	13:16:14	367,14	142,80	418,272	38
pikumidpiku	288,255	363,115	201,424	13:09:12	364,366	57,22	193,203	24
damidufa	165,353	21,269	375,230	13:05:27	365,141	163,185	37,95	17
pikufapiku	309,341	144,310	36,277	13:10:57	90,422	220,481	439,146	27
badaba	149,207	426,247	34,439	13:00:42	462,336	469,335	356,487	9
pikumapiku	426,423	260,418	118,450	13:18:15	426,423	260,418	118,450	42
pikumapiku	89,154	125,240	275,406	12:54:56	392,49	15,78	466,120	1
midaudada	430,321	167,177	252,84	13:08:37	443,92	277,481	345,165	23
bafafa	106,64	466,431	23,193	13:01:25	303,173	234,435	216,269	10
midafafa	215,192	480,472	474,272	13:06:35	379,179	178,18	238,296	19
mididada	76,347	113,369	99,460	13:09:47	166,305	392,212	317,95	25