dafada	50,168	98,101	303,158	15:54:02	354,89	232,475	225,262
fadapiku	169,174	201,74	213,342	15:54:53	448,154	300,272	415,474
pikufapiku	95,121	198,52	123,90	15:55:49	181,108	330,332	28,147
fadada	98,428	158,145	430,102	15:56:55	98,428	158,145	430,102
pikufada	21,405	209,205	68,213	15:58:06	171,346	112,327	449,130
bababa	353,41	139,130	431,269	15:58:46	156,352	390,158	44,116
pikufapiku	72,109	433,263	172,155	15:59:17	72,109	433,263	172,155
dafada	114,257	265,302	299,378	16:00:04	80,93	86,460	240,120
bababa	381,387	315,49	41,255	16:01:14	381,387	315,49	41,255
famada	140,51	170,338	246,227	16:02:07	140,51	170,338	246,227
pikumafada	61,109	258,190	228,198	16:02:43	452,149	204,239	14,338
famapiku	449,290	296,391	62,458	16:03:25	58,12	460,482	50,142
fadada	56,166	225,311	457,33	16:04:09	56,166	225,311	457,33
dafada	198,348	409,23	386,440	16:04:48	416,40	185,147	281,313
umapiku	267,35	481,427	363,236	16:05:44	267,35	481,427	363,236
damada	164,413	335,411	112,73	16:06:37	245,155	201,420	291,471
mafada	118,71	352,404	451,404	16:07:36	461,431	182,15	372,97
madapiku	372,17	80,106	317,46	16:08:08	428,111	409,93	139,364
badaba	129,25	384,47	37,279	16:08:41	129,25	384,47	37,279
madaba	476,294	303,467	230,176	16:09:27	285,361	450,336	468,131
famada	213,383	98,57	304,200	16:10:07	396,146	200,298	380,69
dafada	120,412	260,461	326,221	16:10:42	440,100	141,171	322,316
damama	375,207	227,444	303,54	16:11:14	416,238	420,170	107,15
bababa	480,421	68,373	458,95	16:11:43	480,421	68,373	458,95
babada	425,365	119,36	45,208	16:12:32	454,310	84,182	484,437
fadada	306,382	134,146	382,313	16:13:17	306,382	134,146	382,313
mapikufa	476,485	450,309	479,331	16:14:06	476,485	450,309	479,331
pikudapiku	39,197	90,483	26,212	16:14:50	39,197	90,483	26,212
bababa	250,437	29,448	241,156	16:15:28	250,437	29,448	241,156
madaba	334,175	30,443	201,65	16:16:23	126,444	176,284	71,16
fadada	160,17	437,284	152,328	16:16:53	160,17	437,284	152,328
famada	106,137	323,65	435,312	16:17:27	46,39	463,80	363,233
babafa	386,463	18,465	455,34	16:18:04	386,463	18,465	455,34
pikumipiku	187,215	460,205	173,211	16:18:57	187,215	460,205	173,211
mamafa	351,16	376,371	448,86	16:19:34	351,16	376,371	448,86
badada	426,118	93,372	391,234	16:20:07	473,183	259,199	385,21
mafada	209,487	360,42	61,305	16:20:59	104,372	93,347	180,270
madaba	343,437	278,351	412,243	16:21:44	218,121	48,337	331,345
badada	374,108	448,344	303,130	16:22:17	277,149	173,168	244,300
pikupiku	64,164	136,430	44,94	16:22:42	64,164	136,430	44,94
mamada	25,459	201,107	341,102	16:23:21	25,459	201,107	341,102
mamada	331,59	98,201	91,149	16:23:51	297,426	384,314	116,88
pikupiku	15,423	95,283	283,16	16:24:24	15,423	95,283	283,16
mafama	37,199	83,217	133,28	16:25:03	135,488	348,464	161,15
bababa	377,137	410,454	40,156	16:25:26	377,137	410,454	40,156
mafada	79,322	231,470	128,33	16:25:55	16,488	395,435	54,177
fadada	366,304	283,47	457,194	16:26:30	366,304	283,47	457,194
midmidpiku	468,41	217,339	270,345	16:27:10	269,205	117,169	482,321