fadada	391,41	216,359	395,193	16:01:41	391,41	216,359	395,193	9
babafa	486,420	466,135	48,26	16:17:52	486,420	466,135	48,26	32
mamada	77,378	218,284	101,337	16:19:52	297,282	41,382	73,234	35
fadapiku	17,46	151,56	365,187	15:56:33	17,46	151,56	365,187	3
damama	451,398	119,210	123,346	16:09:44	489,191	317,393	227,128	20
pikubapiku	480,200	18,58	163,93	16:11:31	480,200	18,58	163,93	23
famidafa	115,72	67,147	76,253	16:18:35	15,393	87,394	237,116	33
pikufapiku	23,28	369,459	24,30	15:59:04	23,28	369,459	24,30	6
dadaba	154,238	467,70	310,310	16:26:52	154,238	467,70	310,310	47
badada	47,391	148,373	38,126	16:07:03	407,177	178,338	428,339	16
famafa	281,293	134,442	28,68	16:02:28	132,317	289,123	402,288	10
fafada	196,412	444,339	304,208	16:03:09	148,372	136,244	367,245	11
madafada	14,381	248,59	194,65	16:24:14	266,427	353,236	339,58	42
dadama	302,153	253,50	22,320	16:12:52	30,70	483,280	317,372	25
famada	254,421	291,307	450,150	16:20:41	254,421	291,307	450,150	36
mamafa	76,358	489,417	96,438	16:14:33	453,59	179,170	484,217	27
babada	94,322	203,172	357,266	16:22:29	289,12	92,182	291,341	39
dadafa	472,215	100,255	419,377	16:13:42	472,215	100,255	419,377	26
fadamama	83,486	84,230	32,399	15:58:32	376,70	253,281	124,161	5
mamafa	35,425	89,233	175,236	16:10:30	199,360	179,12	141,298	21
bamaba	44,216	18,283	221,415	16:12:18	438,40	152,24	261,194	24
famada	264,426	482,179	18,329	16:04:26	353,353	15,483	460,26	13
bafafa	50,230	454,95	53,165	16:19:15	366,182	96,281	203,37	34
dadada	67,215	473,407	217,122	15:55:16	472,145	278,355	454,484	2
mafapiku	428,58	228,125	188,159	16:08:22	428,58	228,125	188,159	18
famidpiku	27,166	224,232	336,184	16:17:09	280,409	187,89	207,174	31
dadafa	436,397	257,297	167,38	15:54:23	421,307	209,295	138,376	1
pikubapiku	237,152	242,200	252,74	16:15:09	242,308	28,427	15,422	28
dabada	348,115	438,274	26,142	16:09:03	446,368	224,354	350,89	19
dadada	163,62	52,204	431,228	16:11:00	163,62	52,204	431,228	22
mafada	361,351	363,67	427,305	16:23:38	232,36	244,314	208,45	41
dadafa	434,46	256,333	263,59	16:26:13	434,46	256,333	263,59	46
fadapiku	328,478	105,100	94,196	16:06:07	328,478	105,100	94,196	15
damama	43,236	379,412	248,230	16:23:07	371,269	183,310	180,380	40
babada	347,119	193,213	98,56	16:24:38	36,167	114,473	20,407	43
mafafa	437,319	434,366	263,222	16:21:56	349,345	98,380	236,161	38
pikumidpiku	340,30	42,217	206,132	16:27:28	340,30	42,217	206,132	48
dadaba	367,14	142,80	418,272	16:16:41	116,365	414,272	370,108	30
pikumidpiku	288,255	363,115	201,424	16:07:50	400,409	395,486	324,68	17
damidaba	165,353	21,269	375,230	16:21:23	62,486	154,330	41,481	37
pikupiku	309,341	144,310	36,277	16:25:17	309,341	144,310	36,277	44
babafa	149,207	426,247	34,439	15:57:40	69,384	460,447	148,277	4
pikumama	426,423	260,418	118,450	16:03:56	426,423	260,418	118,450	12
pikumidpiku	89,154	125,240	275,406	16:25:41	249,388	397,141	267,361	45
badafa	430,321	167,177	252,84	16:05:19	424,248	136,462	296,136	14
babafa	106,64	466,431	23,193	15:59:33	106,64	466,431	23,193	7
dadama	215,192	480,472	474,272	16:15:57	215,192	480,472	474,272	29
pikumadafa	76,347	113,369	99,460	16:00:58	281,118	220,234	13,423	8