mafada	220,78	457,54	431,121	14:24:42	220,78	457,54	431,121
pikumapiku	24,184	317,127	169,197	14:25:22	348,383	266,331	84,85
damada	472,473	177,324	281,143	14:25:58	247,106	418,223	346,377
mapiku	119,345	238,432	89,135	14:26:41	195,289	82,70	249,437
famapiku	469,233	173,199	111,287	14:27:21	469,233	173,199	111,287
damada	395,487	108,427	104,298	14:28:03	395,487	108,427	104,298
badaba	348,118	471,175	235,149	14:28:38	348,118	471,175	235,149
bababa	361,216	132,47	50,403	14:29:16	418,223	370,220	254,393
mafada	180,158	257,407	99,336	14:29:51	180,158	257,407	99,336
damada	51,78	78,214	266,179	14:30:30	361,389	374,241	119,138
badaba	490,171	176,107	107,269	14:30:59	150,22	417,16	374,391
mapiku	394,445	377,375	129,121	14:31:28	103,230	454,108	236,191
damada	34,479	326,155	36,366	14:32:17	417,459	149,258	103,53
piku	68,205	33,315	122,122	14:32:40	68,205	33,315	122,122
badaba	163,61	288,431	488,230	14:33:08	163,61	288,431	488,230
pikupiku	56,417	339,133	54,459	14:33:34	56,417	339,133	54,459
badaba	422,350	167,103	44,191	14:34:02	422,350	167,103	44,191
mapiku	345,110	291,416	469,78	14:34:35	285,361	267,457	186,164
mafada	364,32	62,161	383,238	14:35:04	119,62	373,207	152,268
badaba	136,417	143,229	278,310	14:35:41	188,162	375,169	98,361
mapiku	174,82	267,278	237,127	14:36:16	203,71	102,468	159,413
bababa	476,239	130,434	55,129	14:36:47	476,239	130,434	55,129
mafada	248,165	38,456	63,106	14:37:22	42,24	479,66	394,186
mamada	145,443	100,283	481,341	14:37:56	305,426	477,158	276,106
badaba	33,82	460,405	231,339	14:38:18	246,393	341,198	442,393
badaba	439,479	314,286	38,166	14:38:52	209,334	455,191	136,226
mapiku	234,181	321,434	385,464	14:39:18	72,144	257,453	34,144
pikupiku	212,394	243,217	243,104	14:39:44	212,394	243,217	243,104
badaba	410,235	398,381	253,180	14:40:06	177,219	72,100	489,183
dafada	340,379	107,473	117,374	14:40:39	81,69	32,341	267,388
bababa	82,394	410,339	182,156	14:41:11	487,138	260,446	116,137
mapiku	86,365	76,439	104,273	14:41:38	48,237	484,281	111,210
fapiku	142,40	149,179	130,180	14:42:08	280,260	35,376	480,146
pikupiku	267,127	308,37	82,413	14:42:35	267,127	308,37	82,413
dafada	455,167	384,95	111,429	14:43:00	322,184	20,266	371,38
madafa	214,348	103,241	313,155	14:43:33	237,432	137,280	472,87
mafada	436,241	346,162	209,334	14:44:02	302,146	240,429	419,174
bababa	337,448	107,426	240,98	14:44:26	27,34	43,401	378,338
fababa	277,263	170,246	177,390	14:44:53	277,410	424,472	225,190
badafa	95,249	294,15	97,465	14:45:39	199,228	30,231	138,397
mapiku	160,62	142,54	147,242	14:46:08	160,62	142,54	147,242
fapiku	188,443	158,207	184,286	14:46:40	480,380	354,230	319,283
badaba	331,363	167,84	478,185	14:47:15	290,437	88,191	427,114
badaba	225,336	369,95	256,163	14:48:01	225,336	369,95	256,163
badada	155,176	250,220	156,394	14:48:39	472,350	99,84	101,402
madada	256,408	314,170	433,38	14:49:10	344,54	315,348	147,297
mamada	118,376	303,484	454,445	14:49:37	134,461	449,483	296,321
mafada	466,128	124,283	249,287	14:50:27	466,128	124,283	249,287