madada	391,41	216,359	395,193	14:48:56	276,22	134,384	292,152	45
damafa	486,420	466,135	48,26	14:31:57	488,359	175,165	352,438	12
dapiku	77,378	218,284	101,337	14:40:21	406,250	366,260	444,118	29
mamada	17,46	151,56	365,187	14:28:56	401,406	367,482	134,401	7
damada	451,398	119,210	123,346	14:28:16	451,398	119,210	123,346	6
pikufapiku	480,200	18,58	163,93	14:24:56	480,200	18,58	163,93	1
fapiku	115,72	67,147	76,253	14:33:21	115,72	67,147	76,253	15
pikupiku	23,28	369,459	24,30	14:41:25	479,97	465,95	79,92	31
madafa	154,238	467,70	310,310	14:43:48	70,446	199,181	30,135	36
damafa	47,391	148,373	38,126	14:40:57	47,391	148,373	38,126	30
dafama	281,293	134,442	28,68	14:41:56	92,120	240,335	345,231	32
badaba	196,412	444,339	304,208	14:39:55	484,52	138,284	425,266	28
bamama	14,381	248,59	194,65	14:48:15	233,332	461,68	325,487	44
bafaba	302,153	253,50	22,320	14:29:33	304,184	98,180	176,221	8
bapiku	254,421	291,307	450,150	14:34:48	254,421	291,307	450,150	18
bafada	76,358	489,417	96,438	14:42:25	199,120	467,107	428,16	33
bamada	94,322	203,172	357,266	14:50:45	426,230	53,87	347,258	48
dafada	472,215	100,255	419,377	14:30:43	472,215	100,255	419,377	10
dapiku	83,486	84,230	32,399	14:32:56	83,486	84,230	32,399	14
dafada	35,425	89,233	175,236	14:25:36	35,425	89,233	175,236	2
mapikuba	44,216	18,283	221,415	14:30:09	392,35	399,227	435,238	9
dabafa	264,426	482,179	18,329	14:45:16	174,329	253,295	478,368	39
famapiku	50,230	454,95	53,165	14:27:02	477,61	271,223	123,206	4
madafa	67,215	473,407	217,122	14:43:20	67,215	473,407	217,122	35
pikumapiku	428,58	228,125	188,159	14:37:05	382,395	54,111	396,417	22
mafada	27,166	224,232	336,184	14:39:06	27,166	224,232	336,184	26
damama	436,397	257,297	167,38	14:49:19	436,397	257,297	167,38	46
pikumidpiku	237,152	242,200	252,74	14:47:04	242,321	49,203	85,259	42
famada	348,115	438,274	26,142	14:34:17	427,389	309,159	246,262	17
mafaba	163,62	52,204	431,228	14:46:25	429,121	201,413	387,35	41
fadaba	361,351	363,67	427,305	14:36:34	220,203	133,16	406,309	21
madama	434,46	256,333	263,59	14:47:33	488,434	197,377	182,220	43
pikufama	328,478	105,100	94,196	14:44:16	180,276	488,476	43,29	37
badaba	43,236	379,412	248,230	14:32:29	47,37	455,30	81,279	13
dafada	347,119	193,213	98,56	14:26:23	108,378	250,39	36,122	3
fadapiku	437,319	434,366	263,222	14:50:08	199,147	118,277	328,54	47
pikufapiku	340,30	42,217	206,132	14:35:57	340,30	42,217	206,132	20
bababa	367,14	142,80	418,272	14:31:11	367,14	142,80	418,272	11
pikupiku	288,255	363,115	201,424	14:38:06	174,229	431,149	307,184	24
badaba	165,353	21,269	375,230	14:38:31	165,353	21,269	375,230	25
pikupiku	309,341	144,310	36,277	14:33:47	309,341	144,310	36,277	16
dababa	149,207	426,247	34,439	14:42:47	162,414	445,136	19,34	34
pikumapiku	426,423	260,418	118,450	14:27:39	426,423	260,418	118,450	5
mapikufa	89,154	125,240	275,406	14:39:34	447,302	78,387	441,374	27
fadama	430,321	167,177	252,84	14:37:45	343,208	195,386	308,101	23
mafaba	106,64	466,431	23,193	14:45:58	313,278	317,97	461,347	40
madafa	215,192	480,472	474,272	14:44:40	116,112	465,42	445,182	38
madafa	76,347	113,369	99,460	14:35:15	34,403	303,318	152,152	19