mapiku	185,424	247,366	370,282	15:52:06	185,424	247,366	370,282
mafada	84,411	347,471	487,416	15:53:05	238,57	391,391	172,280
pikupiku	444,28	344,167	306,158	15:54:01	444,28	344,167	306,158
mapiku	417,137	308,231	475,150	15:54:45	239,318	368,294	124,127
badaba	79,298	388,204	92,156	15:55:20	79,298	388,204	92,156
bababa	146,184	338,246	322,384	15:56:14	217,283	347,471	431,112
madafa	379,367	389,486	438,450	15:57:16	330,300	289,61	489,109
dafada	391,353	181,112	279,124	15:58:18	391,353	181,112	279,124
bababa	225,242	299,107	423,182	15:58:51	413,53	335,212	103,333
badaba	369,11	470,267	204,71	15:59:36	248,161	392,315	65,307
mapiku	412,340	245,260	95,76	16:00:04	329,186	251,20	411,208
madafa	153,463	432,51	459,380	16:00:46	463,139	448,72	208,206
pikupiku	11,360	242,182	461,31	16:01:21	11,360	242,182	461,31
piku	295,195	263,104	292,195	16:01:51	295,195	263,104	292,195
mamada	275,171	196,254	427,390	16:02:22	275,45	322,438	309,179
dafada	315,349	239,69	118,324	16:03:28	273,296	197,156	270,450
badaba	135,261	296,77	302,265	16:04:12	263,140	274,41	394,463
bababa	446,303	134,198	474,105	16:05:07	83,307	420,322	362,466
mafada	218,279	290,470	372,91	16:05:48	69,232	354,76	62,471
badaba	175,156	251,360	400,188	16:06:26	59,366	416,477	72,88
pikupiku	259,224	47,487	283,155	16:06:59	306,353	284,315	155,223
mamada	320,407	405,126	474,217	16:07:56	488,225	152,243	223,22
famapiku	380,430	29,24	137,12	16:08:38	259,163	169,53	468,314
bababa	118,345	281,397	325,162	16:09:06	118,345	281,397	325,162
mapiku	478,489	308,238	358,217	16:09:40	263,122	280,462	266,317
bababa	416,127	431,452	123,224	16:10:23	416,127	431,452	123,224
famapiku	116,433	141,31	68,124	16:10:55	193,435	288,70	276,184
mamada	237,438	63,255	451,190	16:11:37	154,247	153,24	408,304
defada	257,79	44,47	465,358	16:12:18	359,68	262,342	249,77
famapiku	198,453	356,16	200,224	16:12:41	198,453	356,16	200,224
mamada	223,126	340,163	87,453	16:13:12	303,264	60,108	290,28
mapiku	377,193	395,27	213,453	16:13:53	384,374	246,277	434,386
mapiku	140,440	401,193	204,362	16:14:30	489,52	141,443	396,232
piku	372,450	430,406	486,405	16:14:54	372,450	430,406	486,405
bababa	273,194	367,139	199,77	16:15:25	443,423	414,64	207,178
mamada	352,411	192,202	84,269	16:15:44	299,117	198,84	286,370
famapiku	164,450	452,69	467,174	16:16:25	120,50	173,43	155,372
bababa	32,117	123,422	299,317	16:16:50	32,117	123,422	299,317
mapiku	293,181	277,233	96,273	16:17:25	247,176	215,64	399,292
mamada	147,359	456,24	487,165	16:17:50	254,211	393,401	118,307
pikupiku	90,349	86,272	60,159	16:18:26	328,34	320,454	294,213
bababa	50,214	119,11	273,95	16:19:02	29,289	229,47	323,405
pikupiku	175,294	201,288	226,490	16:19:31	175,294	201,288	226,490
mafada	115,28	181,381	250,267	16:19:56	204,143	453,242	337,65
bababa	163,387	135,129	400,131	16:20:39	163,387	135,129	400,131
mamada	283,480	469,358	261,39	16:21:07	440,113	455,380	126,273
mapiku	27,301	242,135	302,25	16:21:36	27,301	242,135	302,25
bababa	251,365	443,328	291,105	16:22:02	35,415	307,445	348,134