mapiku	391,41	216,359	395,193	15:56:36	373,452	242,84	321,271	6
mabada	486,420	466,135	48,26	16:10:08	414,257	126,184	344,133	25
piku	77,378	218,284	101,337	16:21:52	77,378	218,284	101,337	47
mapiku	17,46	151,56	365,187	16:11:17	18,46	129,319	186,322	27
madada	451,398	119,210	123,346	16:22:27	192,235	479,231	441,155	48
fumapiku	480,200	18,58	163,93	16:05:25	480,200	18,58	163,93	18
madaba	115,72	67,147	76,253	16:01:04	422,26	262,234	232,490	12
bababa	23,28	369,459	24,30	16:02:07	26,394	14,141	176,167	14
madaba	154,238	467,70	310,310	16:01:39	154,238	467,70	310,310	13
badaba	47,391	148,373	38,126	16:15:06	268,435	471,183	132,70	34
madada	281,293	134,442	28,68	16:18:47	281,293	134,442	28,68	41
madafa	196,412	444,339	304,208	16:03:58	118,228	254,121	358,419	16
mapiku	14,381	248,59	194,65	16:14:16	281,22	334,21	231,143	32
madada	302,153	253,50	22,320	16:14:44	469,363	258,108	17,167	33
fumapiku	254,421	291,307	450,150	16:16:01	141,390	406,388	488,412	36
famapiku	76,358	489,417	96,438	15:55:04	337,431	202,359	40,201	4
badaba	94,322	203,172	357,266	16:21:22	94,322	203,172	357,266	46
badaba	472,215	100,255	419,377	15:52:38	472,215	100,255	419,377	1
madaba	83,486	84,230	32,399	15:55:45	484,40	131,211	378,226	5
badaba	35,425	89,233	175,236	16:04:46	333,478	197,383	447,120	17
bababa	44,216	18,283	221,415	16:17:04	392,114	155,307	11,153	38
madaba	264,426	482,179	18,329	16:07:20	386,407	448,165	120,424	21
badaba	50,230	454,95	53,165	15:59:49	380,87	440,468	197,363	10
badaba	67,215	473,407	217,122	16:12:29	270,156	442,34	446,293	29
piku	428,58	228,125	188,159	16:10:36	140,31	382,302	200,71	26
fumapiku	27,166	224,232	336,184	16:18:13	294,484	169,341	234,400	40
mapiku	436,397	257,297	167,38	16:00:20	262,481	25,111	379,470	11
piku	237,152	242,200	252,74	16:12:49	237,152	242,200	252,74	30
madaba	348,115	438,274	26,142	16:06:07	335,398	408,247	11,251	19
badaba	163,62	52,204	431,228	15:54:17	163,62	52,204	431,228	3
piku	361,351	363,67	427,305	16:08:06	307,199	340,405	210,19	22
mababa	434,46	256,333	263,59	16:13:33	482,231	334,88	174,316	31
fumapiku	328,478	105,100	94,196	16:19:16	56,150	150,125	441,263	42
badaba	43,236	379,412	248,230	16:08:50	354,385	422,220	64,319	23
madaba	347,119	193,213	98,56	16:16:36	347,119	193,213	98,56	37
fumapiku	437,319	434,366	263,222	15:57:50	188,249	297,73	407,19	7
mapiku	340,30	42,217	206,132	16:06:41	340,30	42,217	206,132	20
bababa	367,14	142,80	418,272	16:09:23	367,14	142,80	418,272	24
fufumapiku	288,255	363,115	201,424	15:59:20	288,255	363,115	201,424	9
madaba	165,353	21,269	375,230	16:19:44	82,297	449,33	314,396	43
piku	309,341	144,310	36,277	16:15:34	233,195	252,213	368,373	35
badaba	149,207	426,247	34,439	15:58:30	173,417	172,254	480,287	8
piku	426,423	260,418	118,450	16:20:54	93,281	116,272	151,123	45
fumapiku	89,154	125,240	275,406	16:17:37	89,154	125,240	275,406	39
mabada	430,321	167,177	252,84	16:20:26	430,321	167,177	252,84	44
badaba	106,64	466,431	23,193	16:02:40	125,171	356,169	387,459	15
mapiku	215,192	480,472	474,272	15:53:33	38,131	115,358	248,480	2
piku	76,347	113,369	99,460	16:11:47	451,229	435,457	483,48	28