mapiku	284,188	318,180	374,34	11:28:30	284,188	318,180	374,34
piku	402,117	287,244	402,124	11:28:58	241,89	225,14	192,25
famapiku	470,261	227,200	420,313	11:29:32	330,250	54,343	466,240
badaba	326,304	449,454	98,346	11:30:03	459,136	231,194	140,412
mafada	393,276	163,455	137,333	11:30:48	156,157	338,406	287,244
bababa	29,334	434,45	368,428	11:31:37	29,334	434,45	368,428
piku	84,280	55,361	34,446	11:32:28	84,280	55,361	34,446
pikupiku	475,14	216,211	203,146	11:33:09	103,13	401,455	420,440
badaba	33,38	440,472	482,48	11:33:44	486,451	42,45	202,477
piku	327,385	313,480	350,440	11:34:15	102,338	178,411	167,375
mapiku	322,368	283,266	403,161	11:34:44	264,218	145,276	429,171
mapiku	204,477	430,248	348,453	11:35:14	204,477	430,248	348,453
mafada	204,332	456,409	52,169	11:35:53	156,235	308,133	309,447
badaba	65,75	197,14	56,189	11:36:36	225,42	145,177	317,326
mapiku	51,372	83,354	361,422	11:37:07	51,372	83,354	361,422
badaba	303,193	300,95	448,212	11:37:40	303,193	300,95	448,212
pikupiku	245,161	199,185	399,56	11:38:14	245,161	199,185	399,56
badaba	147,112	377,113	31,419	11:38:46	147,112	377,113	31,419
famapiku	272,85	483,458	89,48	11:39:25	272,85	483,458	89,48
mapiku	157,130	409,229	473,280	11:40:09	157,130	409,229	473,280
piku	161,286	462,450	370,420	11:40:32	161,286	462,450	370,420
badaba	172,125	91,360	299,480	11:41:04	172,125	91,360	299,480
famapiku	405,436	101,292	58,122	11:41:37	118,176	199,142	413,211
bababa	220,320	197,212	287,275	11:42:07	21,253	220,58	401,264
famapiku	250,434	394,168	173,377	11:43:00	30,105	319,360	355,307
bababa	438,323	172,409	283,51	11:43:21	438,323	172,409	283,51
piku	339,445	166,419	314,454	11:43:48	384,214	452,111	427,186
mafada	408,229	399,19	31,447	11:44:27	408,229	399,19	31,447
badaba	131,240	276,317	442,73	11:45:07	478,387	470,97	33,263
badaba	101,201	16,485	359,179	11:45:59	101,201	16,485	359,179
famapiku	371,306	11,53	225,284	11:46:31	371,306	11,53	225,284
mafada	94,73	238,249	482,62	11:47:04	59,295	132,344	353,138
mafada	213,400	281,121	409,301	11:47:42	283,232	430,448	403,170
mafada	78,49	51,344	355,483	11:48:09	260,445	30,382	299,372
badaba	407,446	193,413	441,62	11:48:34	407,446	193,413	441,62
piku	101,322	357,102	364,92	11:49:05	297,436	139,126	156,184
mapiku	375,447	154,123	206,146	11:49:55	50,102	408,154	468,124
piku	175,408	56,446	39,454	11:50:21	175,408	56,446	39,454
bababa	256,106	12,297	440,357	11:51:05	243,313	212,138	46,256
mapiku	289,357	313,472	279,263	11:52:04	289,357	313,472	279,263
piku	43,370	94,390	461,448	11:52:57	370,198	312,235	389,158
pikupiku	471,346	404,135	459,119	11:53:51	167,232	323,195	414,201
badaba	271,143	36,316	98,65	11:54:54	271,143	36,316	98,65
mafada	279,344	160,281	150,110	11:55:30	197,462	257,97	51,395
badaba	148,429	456,451	411,245	11:56:14	148,429	456,451	411,245
mapiku	461,237	147,359	325,221	11:56:46	143,18	67,231	64,384
mapiku	243,86	423,16	26,323	11:57:19	243,86	423,16	26,323
badaba	425,47	304,304	485,343	11:57:49	305,217	379,28	148,47