famada	391,41	216,359	395,193	11:50:48	391,41	216,359	395,193	38
mafada	486,420	466,135	48,26	11:44:50	59,103	302,370	395,224	28
piku	77,378	218,284	101,337	11:44:02	77,378	218,284	101,337	27
mapiku	17,46	151,56	365,187	11:33:24	259,22	438,165	405,108	8
mafada	451,398	119,210	123,346	11:34:01	451,86	463,384	148,195	9
pikupiku	480,200	18,58	163,93	11:37:19	480,200	18,58	163,93	15
mapiku	115,72	67,147	76,253	11:53:22	362,101	43,361	426,71	41
pikupiku	23,28	369,459	24,30	11:47:22	371,104	13,271	48,285	32
mafada	154,238	467,70	310,310	11:45:41	154,238	467,70	310,310	29
mafada	47,391	148,373	38,126	11:58:37	461,480	53,384	60,153	48
mamada	281,293	134,442	28,68	11:35:35	465,65	460,417	54,188	12
bababa	196,412	444,339	304,208	11:28:45	108,322	387,263	145,91	1
famapiku	14,381	248,59	194,65	11:29:48	14,381	248,59	194,65	3
mafada	302,153	253,50	22,320	11:46:12	291,330	184,251	449,209	30
mapiku	254,421	291,307	450,150	11:48:20	254,421	291,307	450,150	34
mafada	76,358	489,417	96,438	11:50:12	387,477	204,486	350,166	37
bababa	94,322	203,172	357,266	11:36:08	365,409	158,221	447,80	13
mafada	472,215	100,255	419,377	11:51:34	21,251	167,161	461,391	39
mapiku	83,486	84,230	32,399	11:57:02	75,33	243,364	170,297	46
mamada	35,425	89,233	175,236	11:42:42	174,419	413,418	183,127	24
mapiku	44,216	18,283	221,415	11:43:39	11,105	338,414	32,31	26
badaba	264,426	482,179	18,329	11:55:15	264,426	482,179	18,329	43
mapiku	50,230	454,95	53,165	11:39:04	26,389	360,73	43,289	18
mafada	67,215	473,407	217,122	11:41:54	67,215	473,407	217,122	23
mapiku	428,58	228,125	188,159	11:30:25	445,18	384,53	165,412	4
mapiku	27,166	224,232	336,184	11:32:55	27,166	224,232	336,184	7
fababa	436,397	257,297	167,38	11:41:21	188,179	126,406	37,85	22
piku	237,152	242,200	252,74	11:38:24	197,231	244,242	460,415	17
badaba	348,115	438,274	26,142	11:57:30	394,297	413,70	110,179	47
madafa	163,62	52,204	431,228	11:29:13	168,292	452,98	483,201	2
mapiku	361,351	363,67	427,305	11:46:51	361,351	363,67	427,305	31
mafada	434,46	256,333	263,59	11:55:49	434,46	256,333	263,59	44
famapiku	328,478	105,100	94,196	11:43:11	129,100	104,174	380,433	25
mafada	43,236	379,412	248,230	11:32:08	43,236	379,412	248,230	6
bababa	347,119	193,213	98,56	11:40:45	12,136	325,324	17,423	21
mapiku	437,319	434,366	263,222	11:47:54	369,433	450,47	441,334	33
mapiku	340,30	42,217	206,132	11:39:53	352,122	21,69	397,176	19
bababa	367,14	142,80	418,272	11:34:55	367,14	142,80	418,272	11
pikupiku	288,255	363,115	201,424	11:40:21	389,285	367,194	439,431	20
bafada	165,353	21,269	375,230	11:31:16	165,353	21,269	375,230	5
pikupiku	309,341	144,310	36,277	11:38:02	309,341	144,310	36,277	16
bababa	149,207	426,247	34,439	11:34:28	149,207	426,247	34,439	10
mapiku	426,423	260,418	118,450	11:54:44	422,324	340,342	32,254	42
mapiku	89,154	125,240	275,406	11:36:55	322,413	106,154	433,441	14
mafada	430,321	167,177	252,84	11:49:26	159,117	398,456	311,130	36
madafa	106,64	466,431	23,193	11:56:34	106,64	466,431	23,193	45
mafada	215,192	480,472	474,272	11:52:35	402,188	311,380	51,83	40
piku	76,347	113,369	99,460	11:48:52	134,438	180,115	144,283	35