badaba	475,223	278,64	405,397	14:50:48	166,141	448,168	403,402
piku	389,292	309,338	307,451	14:51:20	435,13	169,335	175,342
famapiku	284,63	406,327	288,260	14:52:05	428,246	323,288	181,462
badaba	379,378	451,158	199,127	14:52:40	366,101	95,153	154,489
pikupiku	46,386	200,316	17,387	14:53:09	41,298	315,281	162,277
pikupiku	404,477	120,330	443,490	14:53:43	279,140	449,364	283,113
pikupiku	325,312	366,307	15,148	14:54:18	325,312	366,307	15,148
famapiku	454,354	339,286	152,30	14:54:51	454,354	339,286	152,30
bababa	321,369	13,409	17,19	14:55:18	449,248	273,65	308,342
mafada	132,372	462,375	38,274	14:55:52	195,174	342,382	437,125
badaba	421,235	123,132	65,237	14:56:28	342,269	166,214	478,98
fapiku	314,132	212,22	131,37	14:57:02	94,349	370,31	188,394
famapiku	366,303	400,210	32,464	14:57:32	366,303	400,210	32,464
bababa	148,159	25,477	444,386	14:58:06	148,159	25,477	444,386
bababa	439,134	46,47	166,221	14:58:33	439,134	46,47	166,221
piku	154,400	170,288	215,237	14:59:05	154,400	170,288	215,237
bababa	487,268	233,71	257,439	14:59:30	487,268	233,71	257,439
badaba	52,49	59,407	345,63	15:00:04	463,49	412,375	49,88
famapiku	228,423	164,419	14,164	15:00:30	323,113	483,436	235,57
badaba	65,176	422,68	95,428	15:01:03	319,201	118,94	77,325
bababa	349,180	55,212	387,436	15:01:31	167,454	16,239	470,109
badaba	375,229	57,169	334,138	15:02:06	129,104	69,488	224,359
famapiku	427,366	117,188	73,75	15:02:32	320,339	40,425	73,385
pikupiku	307,467	479,197	364,287	15:03:10	307,467	479,197	364,287
bababa	124,361	185,120	345,339	15:03:36	124,361	185,120	345,339
mapiku	15,98	261,151	132,185	15:04:06	247,157	258,306	155,472
piku	53,326	129,303	105,335	15:04:34	53,326	129,303	105,335
famapiku	242,12	127,31	373,156	15:04:57	91,34	248,260	460,393
mafada	236,458	437,368	320,145	15:05:22	23,458	425,295	304,43
pikupiku	185,130	303,432	425,447	15:05:57	327,157	310,16	166,401
bababa	44,179	314,88	380,211	15:06:31	217,96	46,429	288,333
famada	413,108	257,190	318,247	15:07:06	67,441	199,462	381,290
piku	34,317	87,141	14,149	15:07:26	150,106	172,87	212,109
pikupiku	319,116	397,477	179,88	15:07:53	319,116	397,477	179,88
pikupiku	23,24	436,476	154,238	15:08:13	455,313	103,136	390,305
badaba	76,399	70,277	410,190	15:08:36	484,213	244,59	361,417
mafada	481,117	337,115	262,351	15:09:01	221,487	465,152	65,70
pikupiku	371,402	99,125	451,450	15:09:34	371,402	99,125	451,450
famapiky	445,291	343,38	227,26	15:10:05	458,240	188,169	122,173
piku	52,268	154,80	78,283	15:10:31	411,199	284,48	335,73
bababa	214,314	416,159	480,443	15:10:51	36,192	329,129	318,229
famapiku	333,414	105,206	131,489	15:11:26	488,282	29,281	320,353
piku	149,448	192,326	127,303	15:11:48	79,470	106,336	137,444
pikupiku	378,208	449,317	289,20	15:12:15	486,363	370,368	247,142
bababa	489,201	44,197	228,422	15:12:42	26,40	264,79	203,287
badaba	61,49	374,86	227,292	15:13:04	61,49	374,86	227,292
mafada	329,64	50,457	354,299	15:13:24	329,64	50,457	354,299
mafada	453,108	203,62	223,163	15:13:47	467,49	272,104	205,404