mafada	391,41	216,359	395,193	14:58:52	128,327	288,426	174,105	15
famapiku	486,420	466,135	48,26	15:06:48	128,255	71,67	252,417	31
piku	77,378	218,284	101,337	14:51:07	77,378	218,284	101,337	1
famapiku	17,46	151,56	365,187	14:56:12	369,74	348,449	249,487	10
famapiku	451,398	119,210	123,346	15:00:18	94,52	344,367	297,234	18
piku	480,200	18,58	163,93	15:08:01	480,200	18,58	163,93	34
piku	115,72	67,147	76,253	14:56:41	115,72	67,147	76,253	11
piku	23,28	369,459	24,30	15:04:43	23,28	369,459	24,30	27
mafada	154,238	467,70	310,310	15:03:26	253,310	37,331	44,63	24
badaba	47,391	148,373	38,126	15:13:38	304,34	450,424	89,302	47
badaba	281,293	134,442	28,68	15:02:47	281,293	134,442	28,68	23
badaba	196,412	444,339	304,208	15:03:47	208,28	464,305	73,257	25
piku	14,381	248,59	194,65	15:01:47	176,78	128,334	79,452	21
mafada	302,153	253,50	22,320	15:09:47	158,178	361,425	473,157	38
famapiku	254,421	291,307	450,150	15:04:23	111,358	401,137	199,435	26
mafada	76,358	489,417	96,438	14:51:46	57,53	344,307	414,106	2
badaba	94,322	203,172	357,266	14:54:36	94,322	203,172	357,266	7
famapiku	472,215	100,255	419,377	14:59:49	363,112	143,353	198,166	17
mapiku	83,486	84,230	32,399	14:57:20	83,486	84,230	32,399	12
mapiku	35,425	89,233	175,236	15:12:31	193,379	423,63	314,405	44
mafada	44,216	18,283	221,415	15:08:50	306,259	16,156	377,76	36
badaba	264,426	482,179	18,329	14:52:24	13,454	440,162	42,182	3
famapiku	50,230	454,95	53,165	15:01:18	50,230	454,95	53,165	20
mafada	67,215	473,407	217,122	15:00:48	67,215	473,407	217,122	19
piku	428,58	228,125	188,159	15:11:38	264,210	305,339	87,163	42
famapiku	27,166	224,232	336,184	14:53:26	38,478	339,296	371,167	5
famapiku	436,397	257,297	167,38	15:09:20	436,397	257,297	167,38	37
piku	237,152	242,200	252,74	14:52:48	237,152	242,200	252,74	4
badaba	348,115	438,274	26,142	14:54:01	348,115	438,274	26,142	6
mafada	163,62	52,204	431,228	14:55:37	112,22	74,480	217,291	9
mapiku	361,351	363,67	427,305	15:12:01	217,346	367,361	22,441	43
mafada	434,46	256,333	263,59	15:12:52	434,46	256,333	263,59	45
piku	328,478	105,100	94,196	15:07:16	48,250	333,219	402,214	32
mafada	43,236	379,412	248,230	15:10:40	43,236	379,412	248,230	40
badaba	347,119	193,213	98,56	15:02:18	347,119	193,213	98,56	22
mapiku	437,319	434,366	263,222	15:13:59	463,141	46,280	440,199	48
badaba	340,30	42,217	206,132	15:10:20	381,48	470,151	309,420	39
bababa	367,14	142,80	418,272	15:07:39	432,332	86,278	351,146	33
piku	288,255	363,115	201,424	15:08:21	288,255	363,115	201,424	35
mapiku	165,353	21,269	375,230	15:06:20	426,34	181,163	371,106	30
piku	309,341	144,310	36,277	14:55:03	309,341	144,310	36,277	8
mafada	149,207	426,247	34,439	15:05:08	416,110	246,196	124,25	28
famapiku	426,423	260,418	118,450	14:57:56	337,391	157,208	447,377	13
piku	89,154	125,240	275,406	14:59:17	89,154	125,240	275,406	16
mafada	430,321	167,177	252,84	14:58:18	65,283	382,32	179,376	14
mafada	106,64	466,431	23,193	15:05:44	140,268	478,113	83,61	29
famapiku	215,192	480,472	474,272	15:11:08	70,435	167,359	65,336	41
piku	76,347	113,369	99,460	15:13:13	76,347	113,369	99,460	46