kadu	429,66	147,290	434,56	12:26:04	267,299	264,61	102,278
kadu	447,454	173,308	101,236	12:27:09	386,50	391,220	150,164
mimizo	357,120	299,18	342,387	12:28:13	446,85	104,398	380,114
rokadu	215,216	217,203	132,97	12:29:39	115,257	351,47	173,111
kadu	130,370	98,79	247,229	12:30:53	130,370	98,79	247,229
mimizo	471,40	408,28	258,76	12:32:18	476,202	244,421	118,445
kadu	420,155	335,411	113,334	12:33:09	154,386	186,212	221,427
mufoko	182,128	315,424	489,77	12:33:59	182,128	315,424	489,77
mimizo	418,107	13,124	193,105	12:34:48	391,186	427,403	412,124
kadu	310,132	437,273	182,368	12:35:47	310,132	437,273	182,368
pimizo	423,130	144,393	405,225	12:36:53	52,28	86,55	141,269
mufoko	149,202	405,197	237,458	12:37:29	338,458	143,92	81,435
daku	219,444	284,74	293,226	12:38:10	464,468	262,354	113,443
mimizo	136,478	413,73	314,465	12:38:58	173,367	81,341	39,87
kadu	409,431	333,285	228,346	12:40:01	409,431	333,285	228,346
rokadu	483,84	50,74	415,78	12:41:08	217,271	437,17	477,237
mufoko	54,77	346,89	206,271	12:41:56	432,146	249,355	208,73
mimizo	150,440	434,194	117,390	12:43:31	225,26	135,153	200,168
daku	38,239	100,347	184,173	12:44:11	330,368	424,476	23,430
kadu	307,219	449,393	84,274	12:45:11	209,212	362,294	120,87
mimozo	261,284	233,194	270,246	12:46:27	289,179	448,248	81,41
kuku	184,87	27,90	179,109	12:47:05	184,87	27,90	179,109
mimozo	133,162	128,431	130,236	12:48:45	31,446	302,28	93,412
rodaku	134,64	131,247	225,178	12:49:35	428,399	271,25	408,68
rodaku	224,251	373,174	347,413	12:50:14	224,251	373,174	347,413
kiku	100,341	330,312	357,345	12:50:55	215,317	85,336	73,299
kiku	99,128	43,391	145,125	12:51:23	287,159	307,208	415,212
pimenzo	421,166	418,470	354,366	12:52:47	27,469	483,409	435,342
kadu	454,359	172,41	314,36	12:53:40	454,359	172,41	314,36
mufoko	292,468	145,115	470,30	12:54:29	292,468	145,115	470,30
mufoko	180,431	88,129	426,127	12:55:08	180,431	88,129	426,127
daku	127,486	489,120	405,433	12:55:51	270,400	32,197	49,330
rokadu	282,340	103,344	33,94	12:56:49	282,340	103,344	33,94
pikadu	448,262	462,178	28,489	12:57:45	448,262	462,178	28,489
kadu	215,74	161,202	355,181	12:58:18	234,272	48,228	83,76
mufoko	86,288	399,108	474,437	12:59:03	86,288	399,108	474,437
mimozo	56,410	235,188	70,347	12:59:49	194,167	152,168	472,479
mufoko	427,79	95,67	264,464	13:00:14	127,38	202,405	428,53
kuku	187,170	300,450	229,158	13:01:07	429,255	399,90	412,381
kuku	414,143	298,296	370,130	13:01:39	396,84	93,238	216,210
pimizo	307,197	221,285	139,343	13:02:16	307,235	248,373	296,131
pimizo	157,434	344,194	26,489	13:02:54	58,58	29,71	227,476
iozo	344,96	488,24	60,275	13:03:58	251,58	71,105	241,86
rokadu	38,326	94,255	266,301	13:04:41	375,267	194,61	87,130
rokadu	86,112	183,208	96,166	13:05:18	107,403	258,148	479,49
kadu	348,490	125,173	408,282	13:05:49	161,400	387,361	74,198
piminzo	160,481	240,242	229,445	13:06:36	105,441	271,109	56,434
miminzo	285,467	39,407	14,432	13:07:13	285,467	39,407	14,432