kadu	391,41	216,359	395,193	12:30:21	391,41	216,359	395,193	4
mufoko	486,420	466,135	48,26	12:33:46	486,420	466,135	48,26	7
kuku	77,378	218,284	101,337	12:27:29	477,307	194,250	358,285	2
mimizo	17,46	151,56	365,187	12:34:28	120,465	247,323	490,300	8
rokadu	451,398	119,210	123,346	13:02:42	119,145	176,311	426,243	41
kuku	480,200	18,58	163,93	13:07:38	480,200	18,58	163,93	48
kiku	115,72	67,147	76,253	12:59:36	304,333	20,425	39,253	36
kuku	23,28	369,459	24,30	12:46:52	118,144	404,248	143,59	21
rodaku	154,238	467,70	310,310	12:54:07	351,475	217,366	314,76	29
kadu	47,391	148,373	38,126	12:40:21	292,157	207,20	366,111	15
rodaku	281,293	134,442	28,68	12:45:53	127,43	220,323	459,25	20
kadu	196,412	444,339	304,208	13:06:15	196,412	444,339	304,208	46
pimizo	14,381	248,59	194,65	13:01:57	312,291	24,179	457,250	40
kadu	302,153	253,50	22,320	12:58:02	484,338	110,397	236,177	34
pikadu	254,421	291,307	450,150	12:57:23	222,225	31,39	422,436	33
pimizo	76,358	489,417	96,438	12:26:28	104,124	239,478	56,356	1
kadu	94,322	203,172	357,266	12:44:42	94,322	203,172	357,266	19
rodaku	472,215	100,255	419,377	12:49:57	300,84	60,199	438,268	24
kaku	83,486	84,230	32,399	12:31:28	108,74	74,435	54,374	5
kadu	35,425	89,233	175,236	12:56:03	383,275	319,436	219,286	32
daku	44,216	18,283	221,415	12:37:55	253,487	369,346	394,259	12
rodaku	264,426	482,179	18,329	12:36:18	149,117	367,288	23,246	10
mimizo	50,230	454,95	53,165	12:38:33	50,230	454,95	53,165	13
rodaku	67,215	473,407	217,122	12:49:16	381,312	488,427	488,198	23
kiku	428,58	228,125	188,159	12:51:12	428,58	228,125	188,159	26
midaku	27,166	224,232	336,184	13:00:44	148,312	28,16	350,450	38
kadu	436,397	257,297	167,38	12:32:43	392,309	156,415	90,152	6
kuku	237,152	242,200	252,74	12:41:39	96,331	447,95	152,292	16
rodaku	348,115	438,274	26,142	13:05:01	253,227	346,104	358,454	44
rodaku	163,62	52,204	431,228	12:28:41	337,290	479,52	342,482	3
kadu	361,351	363,67	427,305	12:58:36	322,264	174,295	169,61	35
kadu	434,46	256,333	263,59	12:39:27	456,387	439,242	353,396	14
pimizo	328,478	105,100	94,196	12:54:55	283,424	398,231	457,116	30
daku	43,236	379,412	248,230	12:35:10	294,258	469,379	215,250	9
midaku	347,119	193,213	98,56	12:47:47	347,119	193,213	98,56	22
kiku	437,319	434,366	263,222	12:50:44	280,393	274,405	368,266	25
kuku	340,30	42,217	206,132	12:37:16	356,240	396,297	349,336	11
daku	367,14	142,80	418,272	12:43:55	367,14	142,80	418,272	18
kuku	288,255	363,115	201,424	13:00:04	288,255	363,115	201,424	37
kadu	165,353	21,269	375,230	12:53:12	427,73	395,381	203,67	28
kikuku	309,341	144,310	36,277	13:04:19	254,198	138,388	303,117	43
rodaku	149,207	426,247	34,439	13:03:16	44,332	170,113	432,213	42
kiku	426,423	260,418	118,450	12:51:41	408,353	127,61	485,357	27
kikuku	89,154	125,240	275,406	13:01:25	490,448	412,148	483,131	39
kadu	430,321	167,177	252,84	13:06:54	103,60	306,164	30,237	47
moforodaku	106,64	466,431	23,193	12:42:55	143,310	193,274	212,142	17
daku	215,192	480,472	474,272	12:55:32	215,192	480,472	474,272	31
kiku	76,347	113,369	99,460	13:05:34	103,345	320,32	196,346	45