kiza	308,466	117,200	334,143	11:21:56	173,315	291,154	93,394
foda	134,439	231,141	81,70	11:22:41	134,439	231,141	81,70
podu	246,242	158,43	404,373	11:23:20	139,72	107,428	459,196
pimpiko	68,282	389,465	290,59	11:24:26	408,406	348,456	390,142
fofidu	73,428	373,473	471,190	11:25:03	238,256	399,87	388,75
podipu	11,265	292,192	100,482	11:25:39	449,409	426,389	325,372
podu	238,224	430,459	354,20	11:26:14	222,61	94,426	439,408
momu	39,110	252,187	142,166	11:26:51	203,326	52,480	98,249
za	177,482	202,386	298,44	11:27:26	177,482	202,386	298,44
mopu	160,320	402,90	38,34	11:28:13	300,144	195,62	320,326
kiku	382,422	281,301	153,344	11:28:41	481,403	48,127	273,244
dipu	357,48	366,331	359,287	11:29:09	217,378	35,163	334,198
ridu	470,371	357,14	43,201	11:29:56	470,371	357,14	43,201
midu	201,421	50,133	483,266	11:30:31	165,272	319,76	352,346
mido	272,210	70,139	335,222	11:31:02	395,276	179,240	244,11
ropu	394,468	235,307	343,48	11:31:34	209,471	173,400	112,286
kimipo	324,302	150,474	446,304	11:32:25	451,350	458,323	40,354
rodu	454,425	184,321	428,216	11:32:53	404,205	257,87	114,358
midipo	31,139	147,71	261,139	11:33:36	395,223	110,363	55,139
kozu	326,42	338,386	170,183	11:34:06	163,267	327,379	235,323
pimiko	118,74	160,342	370,12	11:34:45	264,65	32,209	273,412
mipu	380,204	304,39	187,259	11:35:20	319,265	452,462	178,466
mibu	231,424	126,490	261,36	11:35:59	133,165	334,56	300,140
fodipu	13,411	101,153	108,87	11:36:52	232,482	259,369	62,30
lepu	29,416	341,470	387,28	11:37:29	29,416	341,470	387,28
kiripu	445,249	73,281	301,369	11:38:12	445,249	73,281	301,369
koda	456,223	140,201	442,74	11:38:44	439,308	311,84	190,258
mipo	295,183	487,411	182,258	11:39:25	193,284	165,278	189,126
kiporu	437,184	178,47	327,275	11:40:04	465,38	272,65	289,38
zodipu	124,345	201,455	325,98	11:40:50	418,284	454,42	176,179
kimopu	473,280	336,55	70,147	11:41:26	473,280	336,55	70,147
dipita	413,36	359,63	226,311	11:42:03	103,487	450,73	299,109
pidopu	126,31	483,122	431,175	11:43:04	39,11	337,456	419,326
kozu	370,377	348,57	414,185	11:43:43	92,488	378,186	311,399
dipido	322,47	39,33	12,353	11:44:25	322,47	39,33	12,353
foda	120,474	143,446	38,203	11:45:07	411,69	124,298	244,424
fomu	102,441	228,451	13,443	11:45:34	360,429	341,341	281,440
midipo	272,128	463,264	240,404	11:46:22	272,128	463,264	240,404
dipido	428,119	291,286	166,215	11:47:03	401,320	209,307	370,145
kiza	460,478	252,489	20,253	11:47:39	483,72	384,328	421,216
dipo	352,130	236,484	85,263	11:48:10	332,304	182,55	284,85
midipu	196,177	214,413	138,216	11:48:50	386,213	380,390	314,73
kaza	366,399	333,339	173,83	11:49:41	366,399	333,339	173,83
midipo	252,111	192,53	387,347	11:50:24	465,50	228,434	170,40
mifiko	257,356	335,18	354,345	11:51:15	55,59	58,90	405,177
mimoku	260,215	464,485	209,59	11:51:57	417,288	465,445	162,198
mipu	258,394	226,462	316,354	11:52:26	386,234	448,302	376,183
miza	187,192	263,30	40,425	11:52:56	71,279	49,278	302,173