tadale	391,41	216,359	395,193	11:44:03	416,15	285,412	322,481	34
kita	486,420	466,135	48,26	11:41:46	267,99	487,317	206,98	31
letara	77,378	218,284	101,337	11:48:34	62,51	159,440	384,489	41
lafidu	17,46	151,56	365,187	11:25:55	96,355	221,309	331,41	6
rapa	451,398	119,210	123,346	11:31:16	284,28	81,101	17,367	15
raza	480,200	18,58	163,93	11:52:37	480,200	18,58	163,93	47
tapa	115,72	67,147	76,253	11:37:02	363,150	175,370	297,483	24
laza	23,28	369,459	24,30	11:27:45	317,465	380,357	419,200	9
leraba	154,238	467,70	310,310	11:49:57	21,280	357,68	284,308	43
lapa	47,391	148,373	38,126	11:33:04	101,373	133,338	336,417	18
rapa	281,293	134,442	28,68	11:34:57	490,141	277,95	429,99	21
lamiki	196,412	444,339	304,208	11:26:27	47,220	276,365	376,276	7
leta	14,381	248,59	194,65	11:39:12	14,381	248,59	194,65	27
kiba	302,153	253,50	22,320	11:41:10	423,391	373,176	117,317	30
letara	254,421	291,307	450,150	11:51:31	164,319	459,294	484,371	45
lerale	76,358	489,417	96,438	11:46:39	90,202	335,329	101,61	38
lerada	94,322	203,172	357,266	11:49:26	94,322	203,172	357,266	42
kiri	472,215	100,255	419,377	11:40:26	472,215	100,255	419,377	29
bapa	83,486	84,230	32,399	11:31:50	83,486	84,230	32,399	16
lapa	35,425	89,233	175,236	11:27:14	183,118	426,241	229,416	8
tapoki	44,216	18,283	221,415	11:24:43	319,77	214,440	139,265	4
bapa	264,426	482,179	18,329	11:37:46	264,426	482,179	18,329	25
letara	50,230	454,95	53,165	11:43:25	50,230	454,95	53,165	33
letada	67,215	473,407	217,122	11:47:26	134,144	301,475	373,116	39
rapa	428,58	228,125	188,159	11:42:21	428,58	228,125	188,159	32
lerale	27,166	224,232	336,184	11:45:59	103,108	93,436	143,25	37
raleta	436,397	257,297	167,38	11:50:49	450,342	443,484	15,381	44
letada	237,152	242,200	252,74	11:45:22	331,81	449,429	416,181	36
tapa	348,115	438,274	26,142	11:36:13	276,44	319,188	421,324	23
tami	163,62	52,204	431,228	11:39:40	163,62	52,204	431,228	28
lapazu	361,351	363,67	427,305	11:23:45	42,432	235,100	88,307	3
raleta	434,46	256,333	263,59	11:44:53	434,46	256,333	263,59	35
bapa	328,478	105,100	94,196	11:35:34	328,478	105,100	94,196	22
lapa	43,236	379,412	248,230	11:32:37	43,236	379,412	248,230	17
ralata	347,119	193,213	98,56	11:52:13	436,290	127,227	312,164	46
rapa	437,319	434,366	263,222	11:29:22	437,319	434,366	263,222	12
rapa	340,30	42,217	206,132	11:30:41	412,387	229,412	455,122	14
tapa	367,14	142,80	418,272	11:28:29	367,14	142,80	418,272	10
kipa	288,255	363,115	201,424	11:23:02	350,433	108,408	312,387	2
batipa	165,353	21,269	375,230	11:25:24	15,297	329,167	490,51	5
rapa	309,341	144,310	36,277	11:34:17	463,348	35,446	369,434	20
tarale	149,207	426,247	34,439	11:47:57	65,44	330,403	232,29	40
rapa	426,423	260,418	118,450	11:28:57	426,423	260,418	118,450	11
lapa	89,154	125,240	275,406	11:33:47	89,154	125,240	275,406	19
raleta	430,321	167,177	252,84	11:53:30	430,321	167,177	252,84	48
kafadipu	106,64	466,431	23,193	11:22:22	464,350	118,300	225,399	1
lepu	215,192	480,472	474,272	11:38:25	20,442	74,338	67,16	26
lapa	76,347	113,369	99,460	11:30:16	76,347	113,369	99,460	13