rodu	266,417	349,433	185,171	11:23:20	432,217	45,58	303,467
pimpiku	273,108	55,449	177,344	11:24:16	116,456	113,31	218,109
kiku	118,375	263,427	56,397	11:25:17	118,375	263,427	56,397
kimipu	250,349	385,137	115,479	11:26:14	118,407	119,220	428,326
kopu	300,136	376,129	337,435	11:26:59	413,424	381,450	72,123
fifiko	136,235	56,45	62,32	11:27:48	375,456	45,418	11,279
pimiku	280,387	159,457	316,121	11:28:27	179,469	58,70	428,120
fodu	343,207	119,23	470,327	11:29:29	19,22	315,384	140,161
koda	236,128	384,60	407,204	11:30:01	54,381	14,102	440,432
kikopu	174,348	132,205	398,270	11:30:51	47,209	392,209	480,385
kimopu	173,283	236,207	210,236	11:31:53	439,379	428,442	470,378
pikapu	476,479	133,144	446,439	11:32:45	109,168	190,228	45,399
rodu	255,298	155,364	311,134	11:33:29	422,340	96,359	292,75
kipu	200,56	252,93	105,169	11:34:07	47,119	408,238	285,176
pikadu	287,268	26,408	462,414	11:34:39	95,455	230,180	324,31
kimipo	187,144	206,412	341,405	11:35:21	486,405	463,404	152,258
piku	158,326	394,281	460,349	11:35:59	158,326	394,281	460,349
kipa	229,225	157,373	98,457	11:36:33	229,225	157,373	98,457
pikamu	17,287	22,259	370,116	11:37:26	328,387	489,214	127,187
koda	417,166	374,433	84,345	11:37:58	417,166	374,433	84,345
fofiku	356,261	479,71	183,330	11:38:54	357,145	288,23	292,317
koda	466,330	166,369	121,135	11:39:39	466,330	166,369	121,135
piku	228,339	349,374	222,436	11:40:13	172,281	177,257	128,250
pimizu	340,229	233,351	477,112	11:40:54	340,229	233,351	477,112
pikuzu	457,404	267,340	346,341	11:41:28	457,404	267,340	346,341
pikuzu	195,212	111,183	273,283	11:42:01	122,325	334,368	415,413
rodu	23,248	123,178	127,233	11:42:30	346,359	16,106	282,34
miza	302,344	82,161	228,294	11:43:14	65,103	381,422	256,225
mifoko	107,77	32,329	418,19	11:43:49	147,402	388,153	18,179
midu	430,384	413,207	234,269	11:44:24	124,334	53,322	322,445
rodiko	57,418	470,157	111,252	11:45:04	57,418	470,157	111,252
pikado	429,123	490,62	290,127	11:45:42	330,109	186,348	247,187
kiku	138,394	142,332	68,207	11:46:44	138,394	142,332	68,207
domiko	358,176	450,27	11,430	11:47:27	181,171	484,489	31,125
kimipo	321,302	40,75	448,313	11:48:08	283,231	177,28	352,442
koda	431,463	66,34	378,30	11:48:39	431,463	66,34	378,30
pido	86,430	382,143	336,218	11:49:19	371,369	237,351	36,338
rodu	229,300	342,199	166,104	11:49:46	251,113	50,453	135,125
pikomo	386,315	443,160	486,139	11:50:22	372,32	378,71	181,444
kodomo	342,186	255,417	289,88	11:50:56	28,385	164,313	410,342
piku	272,105	252,93	197,244	11:51:28	272,105	252,93	197,244
pikomo	142,464	402,211	168,411	11:51:54	450,334	273,76	102,33
pikofo	319,130	223,482	312,429	11:52:33	377,296	367,159	362,459
roduza	16,42	318,315	118,80	11:53:07	236,169	446,463	30,471
mifomo	17,333	159,132	430,170	11:53:40	17,333	159,132	430,170
komo	433,212	264,194	294,451	11:54:18	369,84	170,290	375,143
rodoku	428,425	425,339	146,102	11:54:59	27,401	150,220	396,472
kikomo	260,455	222,472	446,44	11:55:43	488,263	341,366	107,33