dipita	391,41	216,359	395,193	11:23:46	391,41	216,359	395,193	1
kimopu	486,420	466,135	48,26	11:35:40	129,199	112,79	199,292	16
piko	77,378	218,284	101,337	11:29:02	77,378	218,284	101,337	7
mofiko	17,46	151,56	365,187	11:25:51	17,46	151,56	365,187	3
romu	451,398	119,210	123,346	11:44:43	59,467	443,372	347,132	30
kaza	480,200	18,58	163,93	11:43:30	96,42	259,252	245,189	28
piku	115,72	67,147	76,253	11:50:36	115,72	67,147	76,253	39
za	23,28	369,459	24,30	11:52:43	23,28	369,459	24,30	43
rodopo	154,238	467,70	310,310	11:48:25	130,230	295,35	189,143	35
rodiko	47,391	148,373	38,126	11:47:45	47,391	148,373	38,126	34
rodiko	281,293	134,442	28,68	11:55:58	28,184	489,71	236,74	48
dipito	196,412	444,339	304,208	11:34:58	231,393	218,80	193,459	15
dimofo	14,381	248,59	194,65	11:39:23	301,128	176,120	343,66	21
rodiko	302,153	253,50	22,320	11:46:57	163,419	335,419	181,394	33
mifomu	254,421	291,307	450,150	11:33:10	254,421	291,307	450,150	12
rodu	76,358	489,417	96,438	11:24:46	439,449	11,357	202,11	2
kodu	94,322	203,172	357,266	11:27:26	346,358	489,130	479,419	5
koda	472,215	100,255	419,377	11:28:06	447,156	318,193	194,122	6
mikuzo	83,486	84,230	32,399	11:41:42	367,133	186,442	368,198	25
domu	35,425	89,233	175,236	11:54:36	14,432	440,77	406,273	46
mikifo	44,216	18,283	221,415	11:31:18	119,205	152,42	196,217	10
mikodo	264,426	482,179	18,329	11:34:23	264,426	482,179	18,329	14
mifiko	50,230	454,95	53,165	11:45:25	50,230	454,95	53,165	31
mifopo	67,215	473,407	217,122	11:53:25	433,348	26,355	356,298	44
mido	428,58	228,125	188,159	11:26:36	286,83	471,280	40,395	4
rodiko	27,166	224,232	336,184	11:37:40	316,178	310,226	381,240	19
ropito	436,397	257,297	167,38	11:30:29	236,52	253,110	232,85	9
kodu	237,152	242,200	252,74	11:32:17	344,463	344,100	43,296	11
mikoda	348,115	438,274	26,142	11:38:28	22,474	146,228	352,414	20
koda	163,62	52,204	431,228	11:42:11	480,287	134,112	67,348	26
rokoda	361,351	363,67	427,305	11:48:57	445,417	66,446	452,38	36
roda	434,46	256,333	263,59	11:40:01	296,331	252,318	305,191	22
dipo	328,478	105,100	94,196	11:49:32	294,65	231,404	341,38	37
piku	43,236	379,412	248,230	11:36:10	80,229	39,367	79,61	17
poza	347,119	193,213	98,56	11:40:37	78,351	55,381	205,266	23
pimiko	437,319	434,366	263,222	11:29:47	339,223	246,71	442,181	8
dimo	340,30	42,217	206,132	11:33:43	475,327	463,284	461,273	13
mida	367,14	142,80	418,272	11:42:53	346,169	182,115	20,330	27
za	288,255	363,115	201,424	11:43:58	288,255	363,115	201,424	29
mifoku	165,353	21,269	375,230	11:55:22	265,315	324,55	449,345	47
dikado	309,341	144,310	36,277	11:46:09	311,110	331,136	374,82	32
mimofo	149,207	426,247	34,439	11:52:13	161,285	404,363	448,288	42
fomu	426,423	260,418	118,450	11:51:40	376,74	375,49	376,294	41
fopiku	89,154	125,240	275,406	11:54:02	466,24	397,444	481,27	45
komiku	430,321	167,177	252,84	11:51:10	217,193	358,104	254,49	40
midifo	106,64	466,431	23,193	11:36:59	78,463	33,465	429,236	18
pikodo	215,192	480,472	474,272	11:50:00	220,379	309,86	253,193	38
piku	76,347	113,369	99,460	11:41:04	76,347	113,369	99,460	24