pimaku	194,153	200,127	484,25	15:23:29	286,488	163,153	304,480
pimiku	92,280	287,461	482,97	15:24:27	366,224	301,229	398,157
reduko	387,278	60,469	402,475	15:25:11	363,323	485,275	37,405
piku	446,473	425,334	419,348	15:25:48	279,288	294,240	205,361
mifomo	90,71	365,199	160,258	15:26:25	51,266	15,105	170,182
pikapu	239,29	273,395	53,470	15:27:07	135,388	176,420	412,363
piku	157,134	260,433	105,251	15:27:33	341,172	45,346	266,205
koda	40,482	39,89	461,431	15:28:05	40,482	39,89	461,431
reduko	73,416	413,487	260,342	15:28:43	74,353	453,83	358,60
kikapu	345,339	402,219	47,72	15:29:33	372,67	312,128	262,55
mifoko	467,276	90,249	181,133	15:30:32	426,328	343,389	400,210
kiku	228,327	256,477	269,351	15:31:03	143,219	277,325	480,60
piku	238,299	342,267	377,312	15:31:28	238,299	342,267	377,312
mifoku	207,439	238,130	436,487	15:32:06	330,128	335,230	382,144
pimizu	462,290	336,373	18,373	15:32:43	272,334	208,265	88,128
kipu	434,475	158,34	233,328	15:33:15	347,426	360,395	256,86
kikopu	156,450	165,402	437,423	15:33:45	378,260	308,149	308,114
mifoko	262,185	231,113	441,118	15:34:20	103,180	172,272	208,360
kipu	414,158	66,162	278,11	15:34:44	171,390	147,214	227,310
pikapu	158,249	291,484	132,299	15:35:27	158,249	291,484	132,299
pikopu	366,76	283,33	99,25	15:36:03	117,80	116,330	24,229
kiku	351,245	464,25	157,411	15:36:30	296,369	453,284	419,429
pikomo	438,408	105,179	31,56	15:37:05	286,472	286,382	188,250
kiku	286,435	204,342	106,472	15:37:28	373,36	49,462	158,383
pimizu	343,254	231,143	247,353	15:38:05	343,254	231,143	247,353
pikofo	431,122	418,223	145,27	15:38:33	276,284	174,424	417,249
pimizo	237,486	262,211	20,408	15:39:01	411,451	19,271	95,418
rodu	132,448	325,227	137,345	15:39:28	450,34	211,338	457,364
pimiku	273,412	289,467	264,384	15:40:05	273,412	289,467	264,384
pikofo	448,116	148,189	248,384	15:40:40	81,172	41,199	214,297
koda	51,188	15,459	401,150	15:41:06	51,188	15,459	401,150
mifomo	475,147	145,246	348,155	15:41:40	390,29	146,392	471,459
fifiko	164,469	112,478	205,238	15:42:16	164,469	112,478	205,238
kodapu	333,468	160,132	444,413	15:42:47	333,468	160,132	444,413
pikofo	26,401	39,163	100,276	15:43:22	26,401	39,163	100,276
kodaku	56,140	454,61	109,364	15:43:55	56,140	454,61	109,364
kikopu	200,93	21,334	329,359	15:44:26	467,379	192,465	469,371
pikomo	478,482	338,100	470,53	15:44:52	352,439	41,281	237,412
pikomo	328,313	30,477	434,463	15:45:22	313,304	247,343	94,474
fodu	400,449	374,428	121,463	15:45:48	477,219	285,475	454,201
piku	214,167	113,177	217,211	15:46:23	273,136	304,183	38,162
piku	51,406	294,62	250,133	15:47:32	96,29	73,103	196,153
domiko	316,172	14,415	143,408	15:47:56	320,277	54,436	123,340
kiku	235,310	109,428	57,128	15:48:20	151,198	91,194	143,204
rodu	275,295	128,48	421,173	15:48:45	308,185	350,107	177,112
pimizu	130,163	253,239	399,287	15:49:12	421,419	133,478	398,242
piku	93,375	455,216	362,362	15:49:41	227,382	37,430	166,488
pimizo	447,232	88,373	441,389	15:50:07	395,299	301,98	309,73