pikapu	391,41	216,359	395,193	15:38:17	490,398	304,118	414,354	25
kodazu	486,420	466,135	48,26	15:50:19	486,420	466,135	48,26	48
pikaku	77,378	218,284	101,337	15:27:22	55,122	111,322	240,415	6
pikaku	17,46	151,56	365,187	15:45:03	52,395	28,416	346,304	38
kodazu	451,398	119,210	123,346	15:33:55	332,432	408,313	98,42	17
pikazu	480,200	18,58	163,93	15:35:37	111,412	27,70	174,228	20
pikazu	115,72	67,147	76,253	15:37:38	115,72	67,147	76,253	24
pikaku	23,28	369,459	24,30	15:38:44	383,212	438,362	300,233	26
kodaku	154,238	467,70	310,310	15:47:42	154,238	467,70	310,310	42
kodapu	47,391	148,373	38,126	15:40:22	436,490	351,295	146,246	29
kodazu	281,293	134,442	28,68	15:39:12	281,293	134,442	28,68	27
kodaku	196,412	444,339	304,208	15:31:43	484,406	48,243	201,62	13
pimaku	14,381	248,59	194,65	15:30:46	14,381	248,59	194,65	11
kodazu	302,153	253,50	22,320	15:24:01	459,487	131,423	29,380	1
pikaku	254,421	291,307	450,150	15:49:56	84,358	417,247	53,405	47
kodaku	76,358	489,417	96,438	15:25:27	76,358	489,417	96,438	3
kodaku	94,322	203,172	357,266	15:46:01	464,88	411,455	303,61	40
kodazu	472,215	100,255	419,377	15:34:33	472,215	100,255	419,377	18
pikazu	83,486	84,230	32,399	15:36:43	140,436	402,71	233,342	22
pikaku	35,425	89,233	175,236	15:46:33	233,91	119,246	44,356	41
pikapu	44,216	18,283	221,415	15:45:33	46,37	23,444	247,267	39
kodamu	264,426	482,179	18,329	15:28:58	264,426	482,179	18,329	9
kodaku	50,230	454,95	53,165	15:49:29	408,175	462,411	130,483	46
kodaku	67,215	473,407	217,122	15:44:06	67,215	473,407	217,122	36
pikazu	428,58	228,125	188,159	15:33:26	118,83	63,168	95,406	16
kodaku	27,166	224,232	336,184	15:26:03	455,116	346,477	213,471	4
kodazu	436,397	257,297	167,38	15:30:10	247,252	190,289	71,442	10
pikaku	237,152	242,200	252,74	15:43:00	157,315	43,116	82,80	34
kodapu	348,115	438,274	26,142	15:44:39	348,115	438,274	26,142	37
kodapu	163,62	52,204	431,228	15:36:18	447,122	379,433	164,89	21
pikaku	361,351	363,67	427,305	15:37:17	23,194	24,183	305,416	23
kodazu	434,46	256,333	263,59	15:31:15	434,46	256,333	263,59	12
pikazu	328,478	105,100	94,196	15:41:26	219,153	450,392	428,349	31
kodaku	43,236	379,412	248,230	15:27:51	43,236	379,412	248,230	7
kodazu	347,119	193,213	98,56	15:48:06	410,238	125,257	327,105	43
pikazu	437,319	434,366	263,222	15:48:57	12,326	13,446	31,71	45
pikazu	340,30	42,217	206,132	15:48:30	340,30	42,217	206,132	44
kodapu	367,14	142,80	418,272	15:41:53	325,86	420,488	198,344	32
pikamu	288,255	363,115	201,424	15:32:56	187,175	215,216	37,396	15
kodamu	165,353	21,269	375,230	15:24:47	270,439	24,321	48,81	2
pimazu	309,341	144,310	36,277	15:26:46	92,419	277,129	315,93	5
kodamu	149,207	426,247	34,439	15:28:19	149,207	426,247	34,439	8
pikazu	426,423	260,418	118,450	15:34:54	426,423	260,418	118,450	19
pikaku	89,154	125,240	275,406	15:39:39	190,42	244,176	441,479	28
kodazu	430,321	167,177	252,84	15:40:53	430,321	167,177	252,84	30
kodapu	106,64	466,431	23,193	15:42:25	106,64	466,431	23,193	33
kodaku	215,192	480,472	474,272	15:43:32	461,262	40,11	223,417	35
pikaku	76,347	113,369	99,460	15:32:20	248,42	40,352	192,482	14