koda	471,444	288,34	201,328	14:28:05	471,444	288,34	201,328
daku	57,110	252,318	284,70	14:28:56	104,252	33,341	204,102
piku	371,124	382,93	335,27	14:29:22	371,124	382,93	335,27
reduko	465,388	124,203	421,65	14:30:18	155,32	149,225	434,166
mifoko	286,450	69,253	259,14	14:31:13	431,233	155,149	18,397
pimizo	179,72	177,402	16,382	14:31:52	179,72	177,402	16,382
kaku	181,63	482,423	371,275	14:32:29	18,122	264,75	320,226
reduko	483,251	389,374	334,233	14:33:13	324,473	33,443	102,193
pifoku	391,308	130,24	20,61	14:33:48	444,11	390,460	309,49
piku	79,296	21,137	58,269	14:34:17	153,48	92,103	14,107
pimizo	141,227	330,307	139,336	14:34:53	141,227	330,307	139,336
piku	199,310	388,190	242,269	14:35:26	199,310	388,190	242,269
mifoku	455,234	30,353	118,353	14:35:59	130,166	454,227	174,49
mimzo	95,19	170,215	33,180	14:36:28	418,200	319,324	75,475
mofoku	266,101	466,276	227,33	14:37:00	266,101	466,276	227,33
kaku	54,357	250,374	174,378	14:37:45	417,450	446,472	95,69
mipoku	220,362	198,118	62,429	14:38:19	54,51	150,412	271,335
reduko	376,27	173,395	369,281	14:38:58	376,27	173,395	369,281
piku	257,453	289,417	178,311	14:39:22	257,453	289,417	178,311
pimizo	106,433	402,82	218,138	14:39:50	70,460	101,95	191,305
pikapu	105,262	485,344	146,168	14:40:23	11,428	19,271	101,471
pikamu	232,355	40,419	462,92	14:40:55	444,153	223,419	84,305
mifomo	358,347	108,41	252,466	14:41:35	115,222	317,263	361,121
piku	311,18	429,110	425,117	14:42:03	311,18	429,110	425,117
pikapu	411,41	59,322	112,267	14:42:35	139,165	385,304	441,473
koda	450,206	39,444	59,174	14:43:06	450,206	39,444	59,174
pimiku	122,281	39,151	209,490	14:43:37	44,427	383,241	389,202
roda	232,77	347,330	107,108	14:44:04	489,127	413,463	77,445
mimizo	305,408	116,244	28,51	14:44:32	434,138	83,302	268,72
reduko	350,428	81,399	260,182	14:45:09	171,443	337,465	436,378
reduko	176,219	377,204	173,426	14:45:40	349,63	108,457	421,212
daku	367,284	217,395	425,416	14:46:14	126,255	12,71	328,422
reduko	395,167	482,252	486,99	14:46:47	226,373	460,484	305,465
daku	350,301	16,456	55,33	14:47:26	255,444	161,28	261,436
kaku	16,394	451,86	303,220	14:47:52	232,325	114,469	337,42
daraku	257,468	429,144	181,111	14:48:41	255,412	252,348	405,55
daku	80,58	384,286	443,318	14:49:21	80,58	384,286	443,318
pikapu	211,347	475,203	109,470	14:49:51	388,441	359,80	277,409
daku	291,448	280,297	413,324	14:50:16	341,98	74,309	140,241
kadu	320,418	228,280	13,41	14:50:45	153,373	477,330	289,71
pikapu	490,260	18,429	394,189	14:51:10	486,421	384,404	267,325
mifoku	49,464	236,423	260,188	14:51:33	468,181	32,69	373,440
pikapu	417,459	436,439	37,319	14:52:04	95,293	42,185	130,322
pikapu	389,278	343,221	26,208	14:52:33	389,278	343,221	26,208
mifoku	332,313	148,100	450,224	14:53:05	375,480	151,241	89,319
redukop	276,452	445,420	162,325	14:53:38	347,398	15,60	481,302
pikapu	457,357	145,382	487,279	14:54:03	264,171	304,401	261,264
kikaou	109,330	82,457	356,328	14:54:32	369,244	122,373	294,112