mifoko	391,41	216,359	395,193	14:47:38	39,288	150,443	150,125	34
mofomo	486,420	466,135	48,26	14:28:33	328,162	306,433	195,280	1
piku	77,378	218,284	101,337	14:36:13	77,378	218,284	101,337	13
pikapu	17,46	151,56	365,187	14:49:34	348,104	106,417	225,166	37
kikapu	451,398	119,210	123,346	14:29:52	102,155	118,431	327,45	3
deruko	480,200	18,58	163,93	14:48:24	109,186	388,295	300,248	35
piku	115,72	67,147	76,253	14:54:42	115,72	67,147	76,253	48
deruko	23,28	369,459	24,30	14:40:07	23,28	369,459	24,30	20
mifoko	154,238	467,70	310,310	14:42:21	194,253	463,425	144,169	24
kodaku	47,391	148,373	38,126	14:44:55	352,293	409,91	364,371	29
kodaku	281,293	134,442	28,68	14:42:52	62,96	62,35	31,196	25
reduko	196,412	444,339	304,208	14:54:15	196,412	444,339	304,208	47
kodaku	14,381	248,59	194,65	14:38:05	320,142	108,266	213,315	16
reduko	302,153	253,50	22,320	14:53:25	426,312	254,290	354,16	45
mifomo	254,421	291,307	450,150	14:49:02	427,181	25,207	13,122	36
reduko	76,358	489,417	96,438	14:35:39	192,371	74,137	449,325	12
deruko	94,322	203,172	357,266	14:30:54	101,404	202,394	101,250	4
mifomo	472,215	100,255	419,377	14:52:49	292,85	298,332	400,34	44
pimiku	83,486	84,230	32,399	14:41:16	83,486	84,230	32,399	22
kodaku	35,425	89,233	175,236	14:35:14	429,145	187,116	74,336	11
pimiku	44,216	18,283	221,415	14:43:23	44,216	18,283	221,415	26
domiku	264,426	482,179	18,329	14:47:12	264,426	482,179	18,329	33
kodaku	50,230	454,95	53,165	14:50:29	255,475	77,181	85,46	39
kirupo	67,215	473,407	217,122	14:38:44	441,355	430,431	234,213	17
pikapu	428,58	228,125	188,159	14:39:38	159,401	229,185	239,198	19
pikapu	27,166	224,232	336,184	14:50:58	12,484	355,52	253,125	40
kikapu	436,397	257,297	167,38	14:32:08	358,298	336,202	181,427	6
piku	237,152	242,200	252,74	14:39:10	237,152	242,200	252,74	18
mifoko	348,115	438,274	26,142	14:32:54	348,115	438,274	26,142	7
mifomo	163,62	52,204	431,228	14:40:38	472,357	100,166	434,405	21
deruko	361,351	363,67	427,305	14:34:36	331,427	436,88	261,88	10
mifoko	434,46	256,333	263,59	14:44:16	315,340	23,406	88,256	28
pifoku	328,478	105,100	94,196	14:34:06	93,446	420,42	263,168	9
piku	43,236	379,412	248,230	14:29:11	103,45	170,129	199,138	2
reduko	347,119	193,213	98,56	14:52:22	347,119	193,213	98,56	43
piku	437,319	434,366	263,222	14:31:27	38,265	63,229	168,153	5
pikapu	340,30	42,217	206,132	14:53:52	139,215	37,189	241,415	46
mifoko	367,14	142,80	418,272	14:41:49	483,322	433,475	194,109	23
deruko	288,255	363,115	201,424	14:37:24	288,255	363,115	201,424	15
pimizo	165,353	21,269	375,230	14:33:30	477,72	287,276	379,381	8
pika	309,341	144,310	36,277	14:50:05	232,184	249,59	287,19	38
domiko	149,207	426,247	34,439	14:46:02	206,36	85,398	486,88	31
pimiku	426,423	260,418	118,450	14:43:52	469,211	229,81	453,232	27
mofoko	89,154	125,240	275,406	14:36:49	89,154	125,240	275,406	14
mifoko	430,321	167,177	252,84	14:45:22	39,429	318,147	365,117	30
kodaku	106,64	466,431	23,193	14:51:51	401,365	188,320	286,300	42
mifomo	215,192	480,472	474,272	14:46:34	476,379	317,83	278,292	32
piku	76,347	113,369	99,460	14:51:19	76,347	113,369	99,460	41