kikaou	450,175	145,348	382,350	13:21:02	433,307	245,95	316,263
rodaku	172,321	155,83	39,238	13:21:34	172,321	155,83	39,238
kaku	402,345	451,373	171,400	13:22:25	161,276	426,73	94,295
pimiko	41,291	277,476	147,331	13:23:34	381,110	251,40	107,46
ridakop	209,54	293,85	208,379	13:24:42	441,469	358,397	431,118
kaku	56,423	154,113	147,154	13:25:08	69,364	445,234	19,218
rodaku	138,309	464,283	381,12	13:25:44	191,101	348,229	76,161
rodaku	31,293	346,471	175,27	13:26:14	129,77	87,437	30,16
pimaku	381,205	308,167	191,444	13:26:57	263,15	311,126	241,47
kadu	488,390	488,290	464,206	13:27:37	155,214	228,323	126,102
kaku	179,30	138,322	132,275	13:28:04	280,345	450,190	446,114
kaku	465,260	93,438	52,464	13:28:51	288,467	349,305	316,116
daku	440,73	266,296	53,430	13:29:33	488,237	436,297	207,45
mimizo	312,423	145,130	100,326	13:30:01	456,205	301,154	94,200
daku	84,97	225,81	377,199	13:30:25	212,199	201,102	478,366
mimizo	277,65	218,404	376,340	13:31:01	279,410	26,475	432,490
mifoku	189,351	109,271	299,151	13:31:40	335,159	21,51	149,402
mimozu	244,249	214,19	54,256	13:32:21	244,249	214,19	54,256
kaku	202,377	108,149	59,131	13:32:52	421,113	473,101	488,30
mofoku	16,165	142,486	443,332	13:33:34	388,17	51,487	278,339
mimizo	365,285	164,362	318,39	13:34:07	247,214	304,143	26,243
koda	87,22	183,211	222,311	13:35:09	196,441	92,490	489,400
daku	277,421	422,251	335,326	13:35:36	277,421	422,251	335,326
mimizo	276,47	212,373	185,261	13:36:19	472,192	213,388	413,106
rodaku	14,191	415,145	186,367	13:36:48	436,448	402,59	470,338
rodaku	467,60	162,140	412,469	13:37:24	49,445	24,259	248,304
kikaou	169,488	480,342	209,212	13:37:59	353,425	465,429	248,125
pimizo	163,476	142,94	236,467	13:38:32	472,424	57,73	190,208
rodaku	410,21	23,131	384,198	13:38:58	213,429	250,188	368,488
mimizo	381,387	378,305	42,74	13:39:51	200,350	129,323	91,97
kaku	182,18	123,334	148,44	13:40:18	182,18	123,334	148,44
mimizo	313,307	42,303	158,240	13:40:58	238,460	48,341	465,272
rodaku	24,311	225,155	395,451	13:41:33	316,319	134,56	218,407
kaku	153,114	12,266	274,66	13:41:56	153,114	12,266	274,66
mimizo	200,242	423,445	135,74	13:42:27	200,242	423,445	135,74
kaku	182,111	442,395	269,211	13:42:52	381,351	240,131	342,405
piku	179,90	64,313	114,233	13:43:25	179,90	64,313	114,233
mimizo	341,420	62,464	465,269	13:43:51	401,360	77,185	481,350
kaku	380,127	372,382	383,156	13:44:24	251,180	321,388	223,259
rodako	437,93	387,370	47,32	13:44:50	82,96	144,152	331,15
kaku	433,219	132,385	123,391	13:45:24	433,219	132,385	123,391
rodako	105,291	470,159	114,94	13:45:50	105,291	470,159	114,94
daku	382,444	23,433	417,478	13:46:24	339,19	261,393	370,79
mimizo	212,306	115,93	198,487	13:46:56	212,306	115,93	198,487
kaku	239,144	90,135	24,126	13:47:45	239,144	90,135	24,126
rodaku	157,447	334,279	341,447	13:48:23	387,57	72,34	12,408
rodaku	179,436	248,158	105,351	13:49:00	438,160	268,395	129,254
mofaku	174,283	179,124	480,242	13:49:27	250,355	19,312	379,21