daku	391,41	216,359	395,193	13:42:38	281,232	373,41	291,193	35
ridoku	486,420	466,135	48,26	13:46:44	455,469	460,354	203,249	43
pimizo	77,378	218,284	101,337	13:44:10	367,347	275,14	199,42	38
pimizo	17,46	151,56	365,187	13:49:09	32,130	265,155	80,116	47
mifoku	451,398	119,210	123,346	13:48:10	270,459	134,441	342,280	45
pimizo	480,200	18,58	163,93	13:45:39	451,351	183,315	101,190	41
daku	115,72	67,147	76,253	13:26:00	109,135	81,252	118,175	7
kaku	23,28	369,459	24,30	13:46:07	23,28	369,459	24,30	42
mofoku	154,238	467,70	310,310	13:33:10	38,109	69,304	222,32	19
rodaku	47,391	148,373	38,126	13:43:39	81,208	204,384	279,25	37
rodaku	281,293	134,442	28,68	13:42:11	232,360	125,310	279,86	34
ridukop	196,412	444,339	304,208	13:47:33	196,412	444,339	304,208	44
daku	14,381	248,59	194,65	13:22:00	14,381	248,59	194,65	2
ridakop	302,153	253,50	22,320	13:24:13	200,47	455,62	273,304	4
pimizo	254,421	291,307	450,150	13:43:11	254,421	291,307	450,150	36
ridoku	76,358	489,417	96,438	13:32:08	76,358	489,417	96,438	17
kikaou	94,322	203,172	357,266	13:25:29	94,322	203,172	357,266	6
kaku	472,215	100,255	419,377	13:27:21	329,180	355,399	421,462	9
roda	83,486	84,230	32,399	13:45:11	392,17	388,69	476,61	40
pimizo	35,425	89,233	175,236	13:32:39	286,143	24,265	232,72	18
daku	44,216	18,283	221,415	13:38:42	25,329	280,49	228,166	28
mifoku	264,426	482,179	18,329	13:26:30	372,382	58,467	79,204	8
pimizo	50,230	454,95	53,165	13:38:21	204,363	172,466	209,314	27
mofoku	67,215	473,407	217,122	13:37:05	85,258	201,100	351,375	25
piku	428,58	228,125	188,159	13:40:33	428,58	228,125	188,159	31
daku	27,166	224,232	336,184	13:28:36	361,109	490,288	319,142	11
pimizo	436,397	257,297	167,38	13:33:51	467,246	140,76	146,172	20
kaku	237,152	242,200	252,74	13:44:39	237,152	242,200	252,74	39
mimzo	348,115	438,274	26,142	13:29:47	121,288	237,434	356,435	13
mifoku	163,62	52,204	431,228	13:27:50	94,41	480,103	440,219	10
kaku	361,351	363,67	427,305	13:37:37	86,34	104,71	377,248	26
roda	434,46	256,333	263,59	13:34:51	180,383	309,426	474,70	21
kaku	328,478	105,100	94,196	13:29:03	339,97	22,18	422,112	12
mifoku	43,236	379,412	248,230	13:39:25	43,236	379,412	248,230	29
ridukop	347,119	193,213	98,56	13:49:54	172,386	26,90	417,53	48
kaku	437,319	434,366	263,222	13:30:15	186,298	306,383	136,197	14
piku	340,30	42,217	206,132	13:40:00	340,30	42,217	206,132	30
mofoku	367,14	142,80	418,272	13:48:45	335,20	184,106	127,358	46
piku	288,255	363,115	201,424	13:41:15	218,147	238,86	159,281	32
mifoku	165,353	21,269	375,230	13:31:20	68,99	253,233	73,309	16
piku	309,341	144,310	36,277	13:21:15	31,466	159,317	78,383	1
mifoku	149,207	426,247	34,439	13:35:23	149,207	426,247	34,439	22
kaku	426,423	260,418	118,450	13:41:42	424,126	211,242	434,92	33
piku	89,154	125,240	275,406	13:24:53	89,154	125,240	275,406	5
ridoku	430,321	167,177	252,84	13:36:06	308,37	283,127	452,267	23
mofoku	106,64	466,431	23,193	13:36:37	226,166	15,19	283,456	24
rodaku	215,192	480,472	474,272	13:22:47	406,115	234,98	415,404	3
kikaou	76,347	113,369	99,460	13:30:50	203,343	248,145	399,225	15