mimizo	119,484	412,308	426,104	13:21:52	60,184	124,51	442,382
mimizo	240,292	79,112	138,295	13:22:33	362,298	437,394	227,431
daku	143,399	178,401	319,41	13:23:21	143,399	178,401	319,41
mimizo	194,289	268,331	157,102	13:23:55	66,242	278,13	146,15
rodaku	61,390	178,474	395,193	13:24:44	254,17	426,387	138,268
rodaku	306,329	229,119	143,223	13:25:21	82,170	235,99	268,461
rodaku	451,373	25,40	475,153	13:25:57	134,407	177,69	304,304
mimizo	325,127	61,12	38,369	13:26:56	392,217	302,129	333,407
mimizo	43,222	168,301	63,315	13:27:44	266,309	365,171	322,38
koda	393,113	214,80	96,118	13:28:21	466,29	28,90	32,117
mimizo	262,392	437,481	20,90	13:28:54	311,340	228,409	355,391
mimizo	214,461	452,229	11,436	13:29:24	41,383	185,25	293,12
rodaku	371,326	73,421	327,101	13:29:50	371,326	73,421	327,101
rodoku	300,360	312,457	170,365	13:30:15	195,367	27,160	268,238
pimizo	281,73	467,484	142,73	13:30:56	14,241	210,315	439,27
rodaku	112,394	455,58	384,465	13:31:31	112,394	455,58	384,465
mimizo	138,108	436,99	326,436	13:32:02	171,450	125,371	275,74
mofoku	45,207	271,107	137,108	13:33:03	361,442	316,336	126,252
kaku	198,427	458,20	393,138	13:33:47	198,427	458,20	393,138
koda	374,184	200,351	177,331	13:34:22	22,71	457,146	418,69
rodaku	414,279	234,378	327,128	13:35:01	420,481	171,363	286,93
kaku	352,454	226,297	63,62	13:35:26	352,454	226,297	63,62
kaku	243,97	258,24	194,385	13:35:46	243,97	258,24	194,385
rodaku	121,381	321,89	390,224	13:36:20	94,245	303,334	143,100
mimizo	216,273	397,405	133,84	13:36:49	216,273	397,405	133,84
mimizo	246,56	352,469	423,189	13:37:24	227,70	403,91	371,326
daku	107,285	152,322	92,204	13:37:59	196,24	209,109	373,380
koda	373,324	291,141	337,474	13:38:48	273,366	342,231	285,43
rodaku	35,448	364,346	47,263	13:39:18	35,448	364,346	47,263
daku	79,252	45,465	167,168	13:39:39	122,184	108,148	130,275
mimizo	58,402	213,400	381,146	13:40:11	149,288	325,327	25,398
mofoku	62,220	14,175	192,33	13:40:55	282,207	397,234	117,312
rodaku	457,478	26,364	221,132	13:41:33	457,478	26,364	221,132
kaku	185,348	198,334	136,409	13:42:02	185,348	198,334	136,409
pimizo	143,416	251,125	313,232	13:42:35	25,468	286,218	141,197
daku	227,474	257,231	295,178	13:43:02	227,474	257,231	295,178
koda	357,51	29,201	99,224	13:43:28	357,51	29,201	99,224
mimizo	20,66	211,36	419,422	13:44:17	97,132	161,481	269,190
kaku	478,488	210,148	478,469	13:44:43	478,488	210,148	478,469
mofoku	327,170	177,387	424,302	13:45:12	246,421	135,12	161,420
pimizo	251,481	380,487	314,153	13:45:50	281,409	98,311	423,378
mimizo	441,44	465,197	141,463	13:46:19	280,449	473,250	156,201
pimizo	472,83	362,33	42,272	13:46:58	26,485	383,468	440,335
koda	111,29	269,311	167,257	13:47:27	234,320	135,162	253,322
mimizo	289,484	416,456	380,350	13:48:02	467,323	62,234	348,192
daku	267,140	341,157	137,165	13:48:34	267,140	341,157	137,165
pimizo	299,87	198,274	274,328	13:49:04	414,261	391,172	183,337
mimizo	246,256	401,118	278,432	13:49:33	246,256	401,118	278,432