mimizo	391,41	216,359	395,193	13:33:35	391,41	216,359	395,193	18
ridaku	486,420	466,135	48,26	13:23:38	217,121	349,115	336,410	3
daku	77,378	218,284	101,337	13:39:30	481,142	213,292	102,439	29
daku	17,46	151,56	365,187	13:42:49	206,56	382,367	443,376	35
rodaku	451,398	119,210	123,346	13:44:57	451,398	119,210	123,346	39
daku	480,200	18,58	163,93	13:49:15	19,172	275,173	245,143	47
mimizo	115,72	67,147	76,253	13:30:33	376,396	94,259	471,330	14
kaku	23,28	369,459	24,30	13:30:00	23,28	369,459	24,30	13
ridakop	154,238	467,70	310,310	13:48:21	286,408	191,189	32,177	45
mofoku	47,391	148,373	38,126	13:47:45	472,236	439,26	153,198	44
mimizo	281,293	134,442	28,68	13:27:17	287,230	50,313	55,138	8
rodaku	196,412	444,339	304,208	13:22:11	360,220	36,403	478,449	1
koda	14,381	248,59	194,65	13:29:37	14,381	248,59	194,65	12
mimizo	302,153	253,50	22,320	13:49:53	302,153	253,50	22,320	48
mimizo	254,421	291,307	450,150	13:31:18	397,188	262,403	452,446	15
pimizo	76,358	489,417	96,438	13:41:17	76,358	489,417	96,438	32
rodaku	94,322	203,172	357,266	13:29:07	13,109	316,54	369,352	11
rodaku	472,215	100,255	419,377	13:37:05	472,215	100,255	419,377	25
kikaou	83,486	84,230	32,399	13:32:34	458,175	256,69	432,66	17
koda	35,425	89,233	175,236	13:45:30	35,425	89,233	175,236	40
mimizo	44,216	18,283	221,415	13:24:24	325,65	249,391	164,231	4
rodaku	264,426	482,179	18,329	13:42:17	148,50	371,445	415,108	34
daku	50,230	454,95	53,165	13:36:07	429,399	383,172	453,372	23
pimizo	67,215	473,407	217,122	13:44:32	15,395	157,371	305,487	38
daku	428,58	228,125	188,159	13:28:03	428,58	228,125	188,159	9
pimizo	27,166	224,232	336,184	13:40:33	27,166	224,232	336,184	31
ridakop	436,397	257,297	167,38	13:28:39	52,16	110,471	184,68	10
daku	237,152	242,200	252,74	13:35:37	237,152	242,200	252,74	22
mimizo	348,115	438,274	26,142	13:47:13	313,375	155,437	431,441	43
rodaku	163,62	52,204	431,228	13:36:31	163,62	52,204	431,228	24
pimizo	361,351	363,67	427,305	13:41:49	361,351	363,67	427,305	33
rodaku	434,46	256,333	263,59	13:43:12	489,222	11,295	342,12	36
daku	328,478	105,100	94,196	13:34:09	398,431	365,487	295,163	19
mimizo	43,236	379,412	248,230	13:43:43	350,410	49,479	490,240	37
ridakop	347,119	193,213	98,56	13:23:00	326,443	487,115	299,105	2
koda	437,319	434,366	263,222	13:39:02	437,319	434,366	263,222	28
daku	340,30	42,217	206,132	13:39:55	340,30	42,217	206,132	30
mimizo	367,14	142,80	418,272	13:38:21	450,439	247,486	318,143	27
kaku	288,255	363,115	201,424	13:46:03	191,30	485,236	191,31	41
mimizo	165,353	21,269	375,230	13:34:39	477,388	415,145	154,60	20
daku	309,341	144,310	36,277	13:37:36	309,341	144,310	36,277	26
rodaku	149,207	426,247	34,439	13:48:49	138,388	441,59	278,487	46
daku	426,423	260,418	118,450	13:24:59	426,423	260,418	118,450	5
daku	89,154	125,240	275,406	13:25:37	328,131	327,87	31,480	6
mimizo	430,321	167,177	252,84	13:26:17	29,170	11,345	247,32	7
ridakop	106,64	466,431	23,193	13:46:42	379,130	153,194	219,326	42
rodaku	215,192	480,472	474,272	13:31:48	34,408	473,25	72,14	16
mimizo	76,347	113,369	99,460	13:35:15	211,180	194,339	24,108	21