mimizo	457,165	192,326	265,107	09:29:12	472,348	412,161	90,91
pimizo	437,92	119,438	398,282	09:30:17	228,303	339,291	346,67
kuda	263,311	432,354	464,337	09:31:04	263,311	432,354	464,337
mimizo	448,341	60,440	489,52	09:31:37	448,341	60,440	489,52
koda	223,282	25,193	74,245	09:32:15	266,354	311,275	440,279
kaku	331,392	173,156	190,125	09:33:16	331,392	173,156	190,125
mofoku	148,362	66,212	357,258	09:34:00	148,362	66,212	357,258
kaku	227,312	425,15	356,99	09:34:32	143,243	249,252	190,157
koda	450,267	294,127	428,288	09:35:08	450,267	294,127	428,288
mimizo	137,241	345,60	452,337	09:35:42	308,12	44,443	404,115
daku	124,350	199,308	344,364	09:36:23	124,350	199,308	344,364
rodaku	345,327	88,338	326,415	09:36:58	91,165	473,125	118,387
pimozo	313,124	281,216	32,56	09:37:32	313,124	281,216	32,56
mimozo	56,352	230,393	458,87	09:38:16	194,229	403,262	171,348
daku	114,407	32,219	105,288	09:38:45	114,407	32,219	105,288
kodu	374,59	242,356	173,349	09:39:14	459,388	378,413	290,230
rodaku	469,55	136,66	89,152	09:39:43	156,312	160,18	331,274
daku	253,392	213,333	459,469	09:40:06	378,413	144,317	367,460
mimozo	178,477	32,451	389,140	09:40:31	178,477	32,451	389,140
kuko	469,440	338,244	159,183	09:41:04	401,79	479,152	425,161
pimozo	169,23	480,358	321,333	09:41:33	169,23	480,358	321,333
mimozo	306,47	106,440	353,462	09:42:16	192,490	132,31	347,136
mofuku	231,143	446,21	348,467	09:42:46	250,416	470,89	198,206
kuku	410,351	50,315	489,369	09:43:22	410,351	50,315	489,369
pimozo	66,452	384,88	181,479	09:43:54	330,35	344,380	389,74
kuko	191,262	384,161	250,250	09:44:21	191,262	384,161	250,250
mimozo	365,159	43,490	215,122	09:45:13	471,333	185,415	194,74
rodaku	204,121	86,145	361,323	09:45:55	377,60	40,26	303,280
rodaku	152,382	108,173	343,487	09:46:19	376,139	108,70	64,292
pimizo	134,338	22,407	26,111	09:46:47	363,17	207,118	453,451
rodaku	153,188	274,288	483,162	09:47:22	385,212	337,396	128,352
pimozo	401,471	68,88	169,403	09:47:52	424,110	340,177	82,93
mofoku	348,317	214,53	123,255	09:48:33	110,484	359,258	226,13
rodaku	22,74	18,351	240,89	09:49:07	22,74	18,351	240,89
mimozo	320,97	288,294	469,456	09:49:34	209,123	355,46	263,475
daku	434,42	258,218	447,313	09:50:07	153,160	178,375	46,188
mofoku	75,111	25,240	420,109	09:50:32	247,473	64,11	462,12
koda	385,371	300,112	305,166	09:51:15	268,465	373,297	235,377
kuku	297,198	454,313	89,53	09:51:36	297,198	454,313	89,53
rodaku	89,325	174,202	481,355	09:52:14	202,421	249,111	468,146
rodaku	300,232	230,83	30,223	09:52:33	60,209	170,421	211,15
pimizo	466,106	19,393	33,149	09:52:59	112,242	146,287	475,378
pimizo	235,368	50,438	411,162	09:53:21	235,368	50,438	411,162
mofoku	385,164	279,192	104,441	09:53:46	300,44	212,307	385,442
mimozo	202,240	249,480	43,227	09:54:09	202,240	249,480	43,227
rodaku	488,277	351,30	184,192	09:54:32	125,12	463,74	106,295
kado	446,108	328,461	337,257	09:54:58	227,445	269,383	347,379
daku	87,133	455,435	99,63	09:55:35	274,343	190,366	380,210