mimizo	391,41	216,359	395,193	09:36:39	210,445	315,449	206,15	11
mimizo	486,420	466,135	48,26	09:32:36	393,479	79,432	435,23	5
daku	77,378	218,284	101,337	09:34:12	335,137	172,104	289,285	7
daku	17,46	151,56	365,187	09:41:17	17,46	151,56	365,187	20
mimizo	451,398	119,210	123,346	09:40:45	411,400	184,478	202,282	19
kaku	480,200	18,58	163,93	09:40:17	480,200	18,58	163,93	18
daku	115,72	67,147	76,253	09:54:18	115,72	67,147	76,253	45
kaku	23,28	369,459	24,30	09:29:34	243,388	138,349	487,478	1
mimizo	154,238	467,70	310,310	09:39:30	154,238	467,70	310,310	16
pimizo	47,391	148,373	38,126	09:39:55	354,311	306,25	134,88	17
mofoku	281,293	134,442	28,68	09:54:43	281,293	134,442	28,68	46
pimizo	196,412	444,339	304,208	09:31:21	349,93	362,205	40,317	3
pimizo	14,381	248,59	194,65	09:44:04	391,116	112,331	325,21	25
pidaku	302,153	253,50	22,320	09:55:23	424,44	270,476	50,99	47
daku	254,421	291,307	450,150	09:51:27	400,187	99,90	188,171	38
pimizo	76,358	489,417	96,438	09:53:09	456,154	432,448	233,166	42
radoku	94,322	203,172	357,266	09:51:03	94,322	203,172	357,266	37
rodaku	472,215	100,255	419,377	09:55:52	461,214	477,318	221,146	48
daku	83,486	84,230	32,399	09:48:55	375,179	124,485	333,186	33
daku	35,425	89,233	175,236	09:50:20	35,425	89,233	175,236	36
pimizo	44,216	18,283	221,415	09:49:21	357,142	452,122	401,340	34
mofoku	264,426	482,179	18,329	09:37:13	181,55	406,188	57,372	12
pimizo	50,230	454,95	53,165	09:45:25	50,230	454,95	53,165	27
mimizo	67,215	473,407	217,122	09:51:49	103,474	381,28	290,366	39
daku	428,58	228,125	188,159	09:52:48	117,368	38,179	103,251	41
daku	27,166	224,232	336,184	09:38:28	27,166	224,232	336,184	14
daku	436,397	257,297	167,38	09:33:38	195,216	187,173	113,361	6
koda	237,152	242,200	252,74	09:52:23	366,271	477,180	246,285	40
mimizo	348,115	438,274	26,142	09:49:51	120,490	423,171	112,339	35
mimizo	163,62	52,204	431,228	09:38:03	316,374	207,102	416,29	13
koda	361,351	363,67	427,305	09:42:27	43,60	57,28	392,440	22
mofoku	434,46	256,333	263,59	09:43:02	324,63	195,296	51,277	23
pimizo	328,478	105,100	94,196	09:53:30	328,478	105,100	94,196	43
mofoku	43,236	379,412	248,230	09:36:06	43,236	379,412	248,230	10
koda	347,119	193,213	98,56	09:38:59	372,385	331,413	106,131	15
daku	437,319	434,366	263,222	09:43:31	437,319	434,366	263,222	24
daku	340,30	42,217	206,132	09:44:45	340,30	42,217	206,132	26
mofoku	367,14	142,80	418,272	09:35:31	321,312	62,209	309,375	9
kaku	288,255	363,115	201,424	09:46:04	288,255	363,115	201,424	28
mimizo	165,353	21,269	375,230	09:53:58	111,428	196,53	385,419	44
kaku	309,341	144,310	36,277	09:34:47	438,437	117,53	479,425	8
rodaku	149,207	426,247	34,439	09:46:31	108,192	134,376	393,489	29
daku	426,423	260,418	118,450	09:30:31	426,423	260,418	118,450	2
daku	89,154	125,240	275,406	09:47:40	358,166	433,103	32,239	31
pimizo	430,321	167,177	252,84	09:48:08	336,467	194,458	275,271	32
pimizo	106,64	466,431	23,193	09:42:03	38,171	431,219	400,378	21
mofoku	215,192	480,472	474,272	09:31:59	247,97	416,32	385,378	4
koda	76,347	113,369	99,460	09:47:08	76,347	113,369	99,460	30