mimizo	263,179	237,450	150,92	13:28:20	422,84	51,321	483,264
pimizo	36,169	217,145	145,393	13:29:04	46,418	331,448	176,92
momozo	324,54	219,301	481,483	13:30:01	324,54	219,301	481,483
daku	338,328	155,125	160,228	13:30:55	267,410	261,204	81,187
daku	335,299	416,204	213,295	13:31:46	286,211	72,227	360,419
kadu	481,405	221,168	273,277	13:33:03	481,405	221,168	273,277
mimozo	81,456	15,310	278,149	13:33:54	81,456	15,310	278,149
kudo	24,85	404,22	13,124	13:34:49	288,311	185,186	362,360
rodaku	148,362	361,335	488,180	13:35:30	424,23	32,14	280,170
midaku	395,287	467,308	414,224	13:37:02	439,160	476,397	25,329
daku	432,302	326,365	176,313	13:38:03	220,181	253,325	104,440
kada	117,234	296,410	462,435	13:38:35	22,179	13,319	15,166
rodaku	121,489	429,239	65,380	13:39:21	146,167	97,388	482,190
rodaku	53,87	271,443	320,346	13:40:04	410,38	170,183	447,119
koda	389,436	316,101	284,115	13:41:05	96,334	263,102	85,398
midaku	185,139	290,126	150,54	13:41:45	185,139	290,126	150,54
mofok	231,435	58,83	415,139	13:42:25	231,435	58,83	415,139
daku	246,216	286,74	441,296	13:42:56	246,216	286,74	441,296
mofuku	243,73	490,114	397,488	13:43:47	243,73	490,114	397,488
mofuku	387,346	93,363	164,16	13:44:23	387,346	93,363	164,16
kado	283,339	299,119	213,465	13:45:13	66,315	359,360	435,357
daku	97,271	239,382	190,210	13:45:42	86,190	365,274	135,365
kuku	421,323	464,359	71,38	13:46:10	421,323	464,359	71,38
daku	327,233	287,108	185,116	13:46:47	327,233	287,108	185,116
mofuku	249,450	464,74	60,257	13:47:27	249,450	464,74	60,257
kuku	443,360	245,243	476,384	13:48:03	443,360	245,243	476,384
kadu	179,281	201,227	354,126	13:48:49	179,281	201,227	354,126
daku	286,231	110,81	295,60	13:49:34	243,23	164,228	258,314
rodaku	355,107	188,355	210,95	13:50:03	355,107	188,355	210,95
pimozo	367,191	396,449	64,70	13:50:43	367,191	396,449	64,70
mofuku	352,483	424,161	111,147	13:51:09	352,483	424,161	111,147
rodaku	454,150	330,203	41,29	13:51:49	177,53	321,240	159,198
koda	135,41	460,109	390,41	13:52:32	134,365	267,341	184,252
kaku	403,357	251,199	454,426	13:53:08	403,357	251,199	454,426
rodaku	137,148	480,110	212,50	13:53:37	381,328	161,158	179,335
momozu	304,407	295,58	159,280	13:54:31	276,377	310,39	397,72
pimozo	356,380	321,67	116,184	13:55:07	356,380	321,67	116,184
mafuku	432,435	21,51	26,305	13:55:47	438,477	305,29	86,385
kada	302,267	488,260	93,133	13:56:28	65,303	198,385	16,229
koku	228,364	34,142	221,341	13:57:08	228,364	34,142	221,341
mofuku	478,51	456,473	47,305	13:57:40	478,51	456,473	47,305
pimozo	476,461	61,159	231,202	13:58:33	476,461	61,159	231,202
rodaku	42,102	118,230	476,123	13:59:05	67,400	325,338	270,159
koda	393,141	234,36	161,63	13:59:42	470,97	94,277	242,175
mimizo	159,160	33,474	487,293	14:00:07	368,453	429,395	206,116
mokoda	448,388	41,54	61,146	14:00:56	448,388	41,54	61,146
kadu	152,232	337,385	356,369	14:01:31	103,149	66,68	42,33
pimizo	278,223	14,348	367,271	14:02:12	296,350	383,15	223,156