daku	391,41	216,359	395,193	13:29:26	76,242	318,236	21,323	2
mofoku	486,420	466,135	48,26	13:41:25	486,420	466,135	48,26	15
koda	77,378	218,284	101,337	13:34:17	77,378	218,284	101,337	7
kado	17,46	151,56	365,187	13:45:29	274,158	266,436	245,144	21
rodaku	451,398	119,210	123,346	13:31:25	451,398	119,210	123,346	4
kadu	480,200	18,58	163,93	14:01:19	274,46	209,363	264,234	46
koda	115,72	67,147	76,253	13:59:22	128,27	398,237	363,246	43
kuku	23,28	369,459	24,30	13:39:34	219,251	21,346	344,191	13
mimizo	154,238	467,70	310,310	13:37:46	395,118	129,111	101,388	10
pimizo	47,391	148,373	38,126	13:58:01	423,21	317,412	186,336	41
mimizo	281,293	134,442	28,68	14:01:47	281,293	134,442	28,68	47
daku	196,412	444,339	304,208	13:42:09	104,202	134,48	346,172	16
pimozo	14,381	248,59	194,65	13:58:49	209,430	401,399	469,204	42
mimizo	302,153	253,50	22,320	13:30:32	114,201	361,349	26,467	3
koda	254,421	291,307	450,150	13:45:59	254,421	291,307	450,150	22
rodaku	76,358	489,417	96,438	14:00:18	178,339	126,127	368,361	45
rodaku	94,322	203,172	357,266	13:28:36	273,17	483,117	338,145	1
mimizo	472,215	100,255	419,377	13:52:55	93,220	445,36	21,396	33
kodu	83,486	84,230	32,399	13:40:33	432,433	398,158	489,471	14
koda	35,425	89,233	175,236	13:51:27	192,206	160,224	345,388	31
pimizo	44,216	18,283	221,415	13:56:03	363,67	93,87	71,353	38
mimozo	264,426	482,179	18,329	13:44:44	264,426	482,179	18,329	20
mimizo	50,230	454,95	53,165	13:32:27	150,197	186,396	475,442	5
mimizo	67,215	473,407	217,122	13:46:27	67,215	473,407	217,122	23
koda	428,58	228,125	188,159	13:44:00	428,58	228,125	188,159	19
rodaku	27,166	224,232	336,184	13:54:49	396,329	173,243	458,82	36
pimizo	436,397	257,297	167,38	13:49:48	466,411	136,45	233,46	28
kaku	237,152	242,200	252,74	13:47:44	237,152	242,200	252,74	25
pimozo	348,115	438,274	26,142	13:35:13	50,222	368,277	182,28	8
rodaku	163,62	52,204	431,228	14:02:27	340,185	30,269	257,117	48
mimozo	361,351	363,67	427,305	13:55:23	387,468	402,231	136,294	37
daku	434,46	256,333	263,59	13:50:57	201,144	389,113	203,128	30
pimizo	328,478	105,100	94,196	13:43:19	149,155	396,486	378,79	18
rodaku	43,236	379,412	248,230	13:35:53	42,481	302,435	244,267	9
daku	347,119	193,213	98,56	13:48:19	450,330	191,207	377,214	26
koda	437,319	434,366	263,222	13:38:17	450,159	169,324	451,128	11
kaku	340,30	42,217	206,132	13:33:20	340,30	42,217	206,132	6
daku	367,14	142,80	418,272	13:38:52	163,269	121,128	283,26	12
kuku	288,255	363,115	201,424	13:59:51	288,255	363,115	201,424	44
mimozo	165,353	21,269	375,230	13:50:20	165,353	21,269	375,230	29
kaku	309,341	144,310	36,277	13:49:15	309,341	144,310	36,277	27
mimozo	149,207	426,247	34,439	13:52:12	38,89	214,163	123,436	32
koku	426,423	260,418	118,450	13:57:22	363,384	200,50	293,279	40
kado	89,154	125,240	275,406	13:47:08	89,154	125,240	275,406	24
rodaku	430,321	167,177	252,84	13:53:24	389,487	144,440	294,248	34
pimizo	106,64	466,431	23,193	13:42:41	106,64	466,431	23,193	17
pimizo	215,192	480,472	474,272	13:53:51	33,211	329,149	316,463	35
koda	76,347	113,369	99,460	13:56:42	273,104	214,87	122,290	39