kadu	72,54	338,355	38,138	16:53:51	149,88	330,153	426,207
rokadu	93,330	388,328	200,239	16:54:50	54,279	135,203	456,389
kadu	108,19	314,159	441,300	16:55:52	469,115	213,146	142,144
kaku	125,162	299,249	355,264	16:56:38	125,162	299,249	355,264
kuku	300,239	354,386	236,83	16:57:20	300,239	354,386	236,83
mofoko	342,279	99,116	100,391	16:58:08	147,399	22,33	255,121
rodaku	444,229	78,300	362,51	16:59:19	232,209	73,73	93,135
pimizo	304,411	123,482	248,227	17:00:25	319,428	467,50	439,431
mufoko	450,472	378,55	37,264	17:01:06	450,472	378,55	37,264
midaku	125,224	51,109	21,173	17:02:01	135,212	86,475	225,365
mufoko	175,17	177,346	408,78	17:02:50	291,468	302,75	30,168
kuku	336,408	407,406	437,396	17:03:26	336,408	407,406	437,396
mimizo	128,117	70,485	43,73	17:04:18	126,298	448,190	395,353
rodaku	266,477	226,132	337,272	17:04:59	440,363	17,476	344,443
mimizo	246,461	276,13	198,279	17:05:40	220,126	279,449	443,355
kadu	175,154	304,335	403,39	17:06:40	73,256	309,16	318,116
kaku	471,416	458,427	20,198	17:07:20	299,141	390,362	353,298
mikadu	289,447	355,334	405,444	17:08:01	23,385	140,63	483,150
daku	301,153	223,216	252,303	17:08:40	454,239	188,239	242,376
daku	367,244	123,334	316,383	17:09:01	367,244	123,334	316,383
koda	28,167	321,39	466,132	17:09:47	84,425	301,292	310,75
mimizo	250,328	277,380	380,270	17:10:49	57,349	71,189	406,447
mimizo	51,434	143,379	71,484	17:11:22	51,434	143,379	71,484
rodaku	406,287	310,198	122,236	17:12:00	406,287	310,198	122,236
mufoko	140,364	396,396	270,149	17:12:49	226,362	39,57	390,14
kadu	241,337	436,295	488,464	17:13:38	485,146	449,144	112,193
mufoko	418,81	141,116	372,336	17:14:17	488,469	300,36	35,199
pimizo	402,169	85,444	140,467	17:15:01	232,213	47,20	172,327
mimozo	181,181	466,80	52,328	17:15:44	61,124	63,350	150,88
pimizo	482,389	197,251	73,315	17:16:15	482,389	197,251	73,315
mimozo	39,116	108,97	247,341	17:17:11	438,262	121,329	301,119
kaku	347,391	200,128	342,351	17:17:44	347,391	200,128	342,351
mimozu	100,284	349,91	57,478	17:18:52	353,246	478,428	425,45
mufoko	366,81	91,127	361,485	17:19:49	366,81	91,127	361,485
pimizo	408,91	291,389	419,429	17:20:26	408,91	291,389	419,429
pimizo	461,368	403,45	242,125	17:20:55	461,368	403,45	242,125
daku	45,270	333,304	180,445	17:21:35	15,163	34,28	264,76
mikadu	171,354	309,429	280,247	17:22:04	171,354	309,429	280,247
rodaku	75,380	453,231	433,382	17:22:54	124,253	331,217	208,402
pimizo	355,390	43,45	232,436	17:23:32	362,266	231,46	414,215
rodaku	200,381	163,110	469,441	17:24:18	229,437	442,306	20,144
pimizo	357,14	271,116	332,160	17:24:49	280,473	351,138	74,398
iozo	133,370	453,60	421,272	17:25:45	169,26	415,144	84,175
pimizo	344,160	213,36	64,343	17:26:28	229,32	407,376	474,280
pimizo	385,469	45,140	415,440	17:27:12	300,452	484,236	224,304
daku	33,340	232,347	403,490	17:27:58	172,190	104,422	252,357
kiku	44,319	320,435	84,356	17:28:47	342,279	245,48	363,277
daku	71,245	297,381	184,190	17:29:25	71,245	297,381	184,190