rodaku	391,41	216,359	395,193	17:05:15	391,41	216,359	395,193	14
modaku	486,420	466,135	48,26	17:29:08	486,420	466,135	48,26	47
rodaku	77,378	218,284	101,337	17:11:43	185,164	120,443	356,289	23
kuko	17,46	151,56	365,187	16:59:53	385,420	88,55	100,140	7
pimizo	451,398	119,210	123,346	16:54:14	429,213	257,228	13,413	1
kiko	480,200	18,58	163,93	17:26:01	480,200	18,58	163,93	43
daku	115,72	67,147	76,253	17:01:28	313,42	395,107	187,189	9
kuku	23,28	369,459	24,30	17:20:36	23,28	369,459	24,30	35
pimizo	154,238	467,70	310,310	17:12:21	83,275	124,326	314,114	24
pimizo	47,391	148,373	38,126	16:57:08	487,109	308,427	478,292	4
daku	281,293	134,442	28,68	17:27:28	83,329	45,28	87,130	45
daku	196,412	444,339	304,208	17:03:53	210,295	357,401	244,242	12
kiko	14,381	248,59	194,65	17:30:07	271,335	36,87	475,470	48
rodaku	302,153	253,50	22,320	17:23:08	302,153	253,50	22,320	39
kaku	254,421	291,307	450,150	17:18:01	193,354	32,339	69,353	32
pimiozo	76,358	489,417	96,438	17:14:40	473,78	350,58	148,364	27
daku	94,322	203,172	357,266	17:08:51	94,322	203,172	357,266	19
pimizo	472,215	100,255	419,377	17:15:59	61,477	227,111	78,165	29
rodaku	83,486	84,230	32,399	17:08:21	251,47	44,52	85,256	18
mimizo	35,425	89,233	175,236	17:11:05	35,425	89,233	175,236	22
pimizo	44,216	18,283	221,415	17:10:23	431,182	311,399	152,448	21
pimizo	264,426	482,179	18,329	17:04:42	113,183	216,375	109,402	13
rodaku	50,230	454,95	53,165	17:00:46	133,50	367,395	406,169	8
pimizo	67,215	473,407	217,122	16:55:21	67,215	473,407	217,122	2
kuko	428,58	228,125	188,159	17:13:04	428,58	228,125	188,159	25
rodaku	27,166	224,232	336,184	17:06:13	249,166	490,213	378,488	15
rodaku	436,397	257,297	167,38	17:22:28	27,11	273,107	128,143	38
miku	237,152	242,200	252,74	17:15:14	237,152	242,200	252,74	28
rodaku	348,115	438,274	26,142	17:23:52	348,115	438,274	26,142	40
rodaku	163,62	52,204	431,228	16:58:37	136,412	288,476	286,31	6
mimozu	361,351	363,67	427,305	17:19:16	361,351	363,67	427,305	33
pimiozo	434,46	256,333	263,59	17:16:46	306,487	124,463	57,109	30
rodaku	328,478	105,100	94,196	17:03:11	172,177	127,450	218,303	11
daku	43,236	379,412	248,230	17:21:18	280,115	241,18	93,324	36
daku	347,119	193,213	98,56	17:02:24	47,340	77,390	236,302	10
rodaku	437,319	434,366	263,222	16:56:16	379,89	432,273	300,217	3
kako	340,30	42,217	206,132	17:07:40	340,30	42,217	206,132	17
daku	367,14	142,80	418,272	17:17:27	367,14	142,80	418,272	31
kuku	288,255	363,115	201,424	17:24:34	288,255	363,115	201,424	41
kadu	165,353	21,269	375,230	17:06:59	430,392	348,364	388,411	16
kiko	309,341	144,310	36,277	17:21:48	309,341	144,310	36,277	37
daku	149,207	426,247	34,439	17:25:13	116,324	291,439	137,460	42
kiku	426,423	260,418	118,450	17:28:24	426,423	260,418	118,450	46
rodaku	89,154	125,240	275,406	17:20:11	148,64	330,84	163,259	34
pimizo	430,321	167,177	252,84	17:09:15	187,436	41,477	435,182	20
pimizo	106,64	466,431	23,193	17:26:41	106,64	466,431	23,193	44
daku	215,192	480,472	474,272	16:57:45	111,330	18,164	120,232	5
rodaku	76,347	113,369	99,460	17:13:59	107,360	310,258	434,249	26