dadimumi	158,16	170,288	199,52
muda	261,338	118,156	43,397
foduzu	310,153	107,350	36,113
pofimipu	43,71	155,60	476,36
fozofika	310,421	122,248	15,141
mufizo	53,460	478,458	451,352
zapimofo	413,296	63,71	262,269
dufa	294,413	445,486	137,450
zifizumu	379,422	211,264	414,358
fafi	242,482	146,245	449,132
zizika	267,451	421,422	211,315
pudifu	283,325	27,126	345,402
puzakuki	116,77	416,420	363,255
pizaku	322,238	372,341	189,267
fudifafu	44,288	419,437	168,165
zafa	359,169	339,182	120,165
kudazadu	464,228	165,346	483,230
komipo	456,386	273,228	272,49
fodo	443,278	411,96	436,133
zukama	100,186	206,128	442,303
mazo	309,324	353,69	341,481
dopapafu	452,205	200,312	469,443
dozo	13,398	448,199	444,67
pafu	381,211	11,183	73,441
kufi	299,211	351,418	479,317
dazizizu	430,196	253,25	280,418
fikadami	344,472	298,442	420,237
kukakifo	397,201	387,389	472,263
zipofuma	315,261	148,274	480,396
zumiki	324,474	218,99	414,477
zafakufo	428,404	352,412	437,425
pudo	185,390	219,127	442,34
kazapazi	31,429	401,300	288,452
mupopafu	102,432	134,64	93,87
fokima	303,475	82,358	295,83
zukufu	152,73	223,136	275,294
pizoko	125,47	89,200	150,390
pama	428,434	476,357	249,279
fofifo	438,77	202,280	92,220
pifa	114,211	413,459	208,350
kodiku	359,300	105,405	377,367
pimofo	255,321	38,454	454,248
kuko	21,398	303,471	196,139
dufumipo	322,424	461,64	472,274
zoma	86,71	342,151	100,422
kazamo	83,117	284,269	268,198
duduko	417,488	348,267	462,472
zami	71,319	472,124	342,391