dizu	391,41	216,359	395,193
kakopu	486,420	466,135	48,26
fimo	77,378	218,284	101,337
madi	17,46	151,56	365,187
puzipo	451,398	119,210	123,346
fimozo	480,200	18,58	163,93
dudo	115,72	67,147	76,253
zopazama	23,28	369,459	24,30
fipi	154,238	467,70	310,310
zupimi	47,391	148,373	38,126
kafopamu	281,293	134,442	28,68
zupu	196,412	444,339	304,208
zoduki	14,381	248,59	194,65
kupiki	302,153	253,50	22,320
fadi	254,421	291,307	450,150
zapifida	76,358	489,417	96,438
kokizi	94,322	203,172	357,266
difupu	472,215	100,255	419,377
kopo	83,486	84,230	32,399
zudima	35,425	89,233	175,236
famomamu	44,216	18,283	221,415
pimi	264,426	482,179	18,329
fikoki	50,230	454,95	53,165
zokudu	67,215	473,407	217,122
pimukamu	428,58	228,125	188,159
domuki	27,166	224,232	336,184
poku	436,397	257,297	167,38
makikafu	237,152	242,200	252,74
zimodo	348,115	438,274	26,142
pufoku	163,62	52,204	431,228
zozozi	361,351	363,67	427,305
fopo	434,46	256,333	263,59
zomufapi	328,478	105,100	94,196
kukodifu	43,236	379,412	248,230
fokuma	347,119	193,213	98,56
pakuku	437,319	434,366	263,222
zuzupo	340,30	42,217	206,132
mifodu	367,14	142,80	418,272
kuma	288,255	363,115	201,424
podada	165,353	21,269	375,230
pufafoki	309,341	144,310	36,277
kamifo	149,207	426,247	34,439
paza	426,423	260,418	118,450
zapuki	89,154	125,240	275,406
kazizi	430,321	167,177	252,84
famo	106,64	466,431	23,193
pupafi	215,192	480,472	474,272
fokopida	76,347	113,369	99,460