zumisake	289,432	305,288	292,489	13:23:48	289,432	305,288	292,489
suma	330,181	121,144	15,304	13:24:43	330,181	121,144	15,304
zuma	271,458	99,443	140,490	13:25:35	418,107	367,300	437,332
zumi	121,448	277,320	457,250	13:26:34	121,448	277,320	457,250
doja	115,407	173,452	259,205	13:27:31	286,168	377,162	458,324
padu	356,293	239,408	147,213	13:28:17	197,41	346,299	56,260
padu	105,134	373,267	107,352	13:29:19	105,134	373,267	107,352
zuma	310,384	218,266	250,393	13:29:49	316,120	226,65	37,362
doja	381,106	290,183	194,115	13:30:56	381,106	290,183	194,115
padu	359,81	349,355	285,283	13:31:41	484,344	445,488	331,270
padu	239,386	48,262	348,244	13:32:27	239,386	48,262	348,244
doja	49,32	361,67	69,157	13:32:54	62,148	255,128	268,323
zumisake	35,101	235,446	220,378	13:33:25	35,101	235,446	220,378
zuma	350,259	401,414	287,252	13:34:20	350,259	401,414	287,252
dojapadu	345,173	33,132	159,283	13:35:34	395,356	201,141	317,29
zumapadu	338,473	283,193	282,329	13:36:09	459,226	363,327	285,116
doja	30,231	131,192	281,449	13:37:10	189,108	90,242	244,233
doja	206,38	452,472	82,271	13:37:41	442,102	222,170	357,461
saki	440,171	64,240	344,248	13:38:14	14,34	340,94	266,93
zuma	336,289	102,247	285,196	13:39:13	316,79	326,481	199,283
doja	311,209	186,376	319,444	13:39:58	311,209	186,376	319,444
zumasake	98,124	88,114	162,417	13:40:57	98,124	88,114	162,417
zumapadu	425,441	460,413	381,487	13:42:00	195,160	315,390	342,145
doja	302,82	22,97	90,460	13:42:31	302,82	22,97	90,460
zumasake	421,460	159,57	435,484	13:43:28	421,460	159,57	435,484
padu	53,120	250,58	258,141	13:44:20	78,200	389,38	129,336
suma	289,438	28,139	41,283	13:45:11	278,306	45,295	191,355
zuma	266,481	284,70	235,307	13:46:15	97,408	105,245	454,49
zumapadu	170,282	19,150	172,192	13:47:37	443,459	144,338	326,91
padu	49,112	364,31	448,309	13:48:23	303,413	340,202	440,458
zumisake	276,485	449,152	404,206	13:48:59	276,485	449,152	404,206
padu	287,439	74,262	126,204	13:49:39	20,333	89,156	214,194
zumisake	186,153	94,102	355,213	13:50:03	186,153	94,102	355,213
sumadoja	66,247	269,299	337,256	13:51:05	214,40	384,415	430,125
zuma	474,386	89,147	461,238	13:52:34	141,350	451,34	203,354
zumisuma	424,424	174,39	179,137	13:54:20	424,424	174,39	179,137
zumisake	180,478	334,205	398,30	13:54:51	205,192	159,318	222,174
sumisake	398,426	355,402	317,366	13:55:33	460,31	16,146	108,437
zumisake	231,187	120,167	418,248	13:56:23	231,187	120,167	418,248
padu	132,173	72,359	17,327	13:56:55	359,401	198,198	149,341
zumisake	77,407	380,64	173,271	13:57:49	304,416	319,428	137,327
padu	457,300	287,284	452,148	13:58:31	256,63	290,452	129,110
zumisake	81,212	372,435	232,329	13:59:10	81,212	372,435	232,329
zuma	75,214	33,260	449,416	14:00:13	369,17	404,392	481,289
zumisake	253,29	278,316	281,393	14:00:58	206,467	208,358	237,87
doja	355,328	11,267	416,106	14:01:27	224,356	478,467	280,332
zumadoja	29,336	149,288	145,476	14:02:30	460,177	225,101	103,411
zumadoja	207,358	310,351	298,229	14:03:24	219,344	80,52	125,298