zumadoja	391,41	216,359	395,193	13:34:57	28,89	377,167	33,212	14
doja	486,420	466,135	48,26	13:25:06	362,353	269,84	202,249	2
zumapadu	77,378	218,284	101,337	13:46:31	238,162	154,330	398,429	28
zumapadu	17,46	151,56	365,187	13:57:18	460,210	116,485	106,355	40
dojapadu	451,398	119,210	123,346	13:26:14	129,73	265,290	35,401	3
zumisake	480,200	18,58	163,93	13:42:13	480,200	18,58	163,93	23
zumapadu	115,72	67,147	76,253	13:41:17	362,259	333,241	426,113	22
zumisake	23,28	369,459	24,30	13:35:44	23,28	369,459	24,30	15
zumipadu	154,238	467,70	310,310	13:29:02	164,230	396,390	146,112	6
sumipadu	47,391	148,373	38,126	13:55:58	47,391	148,373	38,126	38
zumapadu	281,293	134,442	28,68	13:43:10	75,475	270,398	226,205	24
dojapadu	196,412	444,339	304,208	13:33:58	76,40	232,484	278,411	13
zumisake	14,381	248,59	194,65	13:49:53	115,217	84,258	57,472	32
zumadoja	302,153	253,50	22,320	13:40:42	121,129	271,29	345,353	21
zumisake	254,421	291,307	450,150	14:03:43	298,213	426,403	207,41	48
sake	76,358	489,417	96,438	13:37:59	398,253	159,432	179,394	18
padu	94,322	203,172	357,266	13:48:40	94,322	203,172	357,266	30
dojapadu	472,215	100,255	419,377	13:43:52	135,188	490,359	384,52	25
zumipadu	83,486	84,230	32,399	13:58:08	83,486	84,230	32,399	41
zumi	35,425	89,233	175,236	13:27:11	76,438	258,66	200,446	4
zumipadu	44,216	18,283	221,415	13:59:31	44,216	18,283	221,415	43
dojapadu	264,426	482,179	18,329	13:27:58	474,245	25,323	24,446	5
zumapadu	50,230	454,95	53,165	13:45:30	64,167	256,319	236,146	27
padu	67,215	473,407	217,122	13:38:30	264,332	431,58	46,44	19
zumasake	428,58	228,125	188,159	13:39:24	174,402	85,465	258,325	20
zumapadu	27,166	224,232	336,184	13:36:32	194,182	247,23	380,410	16
zumisuma	436,397	257,297	167,38	13:54:40	330,278	51,489	377,154	36
zumisake	237,152	242,200	252,74	13:37:27	237,152	242,200	252,74	17
padu	348,115	438,274	26,142	14:02:46	348,115	438,274	26,142	47
padu	163,62	52,204	431,228	13:50:34	220,266	335,228	87,247	33
dojasake	361,351	363,67	427,305	13:30:39	404,337	419,464	157,189	8
zumadoja	434,46	256,333	263,59	14:00:37	224,354	23,433	11,355	44
zumipadu	328,478	105,100	94,196	13:51:49	337,413	169,110	114,153	34
padu	43,236	379,412	248,230	13:48:03	43,236	379,412	248,230	29
doja	347,119	193,213	98,56	13:32:09	347,119	193,213	98,56	10
zumisuma	437,319	434,366	263,222	13:55:18	286,432	267,339	136,110	37
zuma	340,30	42,217	206,132	13:24:13	34,213	70,311	261,477	1
doja	367,14	142,80	418,272	13:56:42	121,214	488,205	306,352	39
zumisake	288,255	363,115	201,424	13:29:30	288,255	363,115	201,424	7
doja	165,353	21,269	375,230	14:01:14	414,274	13,386	58,470	45
zumisake	309,341	144,310	36,277	13:58:50	309,341	144,310	36,277	42
padu	149,207	426,247	34,439	13:31:15	186,20	268,211	287,67	9
zumi	426,423	260,418	118,450	13:32:41	426,423	260,418	118,450	11
zumisake	89,154	125,240	275,406	13:33:11	162,69	206,234	196,156	12
zumidoja	430,321	167,177	252,84	13:53:39	82,381	231,84	221,198	35
zumapadu	106,64	466,431	23,193	13:44:42	106,64	466,431	23,193	26
zumadoja	215,192	480,472	474,272	14:02:09	189,58	316,484	21,485	46
zumipadu	76,347	113,369	99,460	13:49:15	62,42	81,20	367,144	31