modo	437,74	199,417	94,277	11:22:36	211,386	455,481	50,40
fodo	300,478	335,362	272,352	11:23:22	233,424	155,12	355,225
pifa	103,415	388,475	88,354	11:24:00	288,109	416,132	460,198
fuzumuki	407,271	401,270	178,105	11:25:19	244,267	401,160	11,314
komipo	389,89	204,150	200,290	11:26:06	341,210	116,20	28,439
fodo	301,422	223,445	424,87	11:26:43	299,359	279,487	149,433
mumipupa	179,16	147,327	112,363	11:27:24	190,17	390,296	26,408
fodo	249,205	288,147	189,365	11:28:05	262,224	346,225	421,13
zoma	490,216	178,177	238,472	11:28:30	308,411	268,105	68,447
paduku	378,164	126,320	12,79	11:29:16	413,444	392,190	58,449
padumi	146,28	27,198	133,475	11:29:38	465,407	135,93	452,463
fodo	344,326	299,468	408,261	11:30:32	344,326	299,468	408,261
fodo	441,100	406,185	394,397	11:31:12	320,50	256,279	341,136
padkiu	304,57	161,158	54,139	11:31:55	451,344	226,315	412,433
fumizupa	422,54	117,412	222,261	11:32:26	394,327	306,244	357,310
komipu	149,371	292,41	156,153	11:32:56	246,348	397,399	244,48
mumifu	414,489	468,222	467,385	11:33:31	249,131	232,155	40,466
doza	473,418	475,388	112,379	11:34:03	455,367	28,321	449,453
pifa	295,406	425,445	73,468	11:34:51	420,218	39,438	49,478
kofi	94,485	32,200	406,243	11:35:37	332,381	269,125	217,368
pimofo	450,65	124,252	96,270	11:36:09	450,65	124,252	96,270
padu	394,19	269,372	231,245	11:36:35	487,155	328,128	208,459
fumizuka	267,213	172,251	111,274	11:37:03	19,24	307,369	449,196
foma	426,309	474,137	26,222	11:37:25	140,395	190,74	350,253
fodo	189,121	280,193	273,219	11:37:57	370,67	394,134	430,51
kumi	319,282	233,136	160,191	11:38:26	191,31	39,169	90,144
paduku	321,317	146,171	312,218	11:38:57	307,325	104,412	338,281
mofu	219,275	248,86	181,443	11:39:35	219,275	248,86	181,443
padu	132,116	262,116	242,277	11:40:02	460,123	377,38	62,181
kufi	327,421	388,116	124,170	11:40:23	327,421	388,116	124,170
kufi	325,433	441,67	78,111	11:40:43	427,403	470,218	317,436
zoma	248,388	417,384	69,239	11:41:05	106,377	346,423	326,17
dozo	86,258	40,66	466,346	11:41:30	416,326	22,157	476,430
pidu	12,445	370,373	309,478	11:41:59	112,277	23,349	352,193
mufa	218,109	361,185	123,379	11:42:39	409,197	16,355	259,390
padifufa	17,30	288,209	313,126	11:43:09	136,321	421,423	327,472
fufimi	69,233	114,276	185,426	11:43:42	413,94	434,368	148,336
padifufa	393,261	194,422	317,169	11:44:08	369,110	167,365	46,240
pafurifu	278,319	124,157	202,423	11:44:42	278,319	124,157	202,423
zukifuma	144,409	41,15	104,154	11:45:06	24,392	267,148	307,112
kofu	383,110	173,181	308,475	11:45:31	429,19	280,149	394,207
fodo	297,366	217,401	152,392	11:46:01	297,366	217,401	152,392
komifuki	336,54	163,39	466,469	11:46:24	336,54	163,39	466,469
mufimofa	198,254	298,311	401,489	11:46:48	450,168	65,380	450,239
zufo	244,54	408,274	59,21	11:47:13	45,181	230,428	344,63
pafu	418,431	120,100	122,418	11:47:35	272,51	154,276	288,11
kofifu	85,408	294,292	318,435	11:48:01	147,475	36,444	85,353
kofu	194,163	478,346	192,454	11:48:21	194,163	478,346	192,454