kakzumi	391,41	216,359	395,193	11:24:54	416,280	441,46	108,452	3
zumikiku	486,420	466,135	48,26	11:38:39	382,358	379,254	381,438	26
zizikafu	77,378	218,284	101,337	11:41:18	354,389	427,447	191,85	32
didaki	17,46	151,56	365,187	11:35:51	402,427	51,427	54,191	20
paduku	451,398	119,210	123,346	11:29:26	140,209	48,369	404,207	10
pokikafu	480,200	18,58	163,93	11:35:17	341,89	257,63	141,83	19
dadizaku	115,72	67,147	76,253	11:47:51	225,235	120,460	250,50	46
pipakazu	23,28	369,459	24,30	11:48:34	23,28	369,459	24,30	48
padu	154,238	467,70	310,310	11:36:25	142,94	69,429	294,144	21
padu	47,391	148,373	38,126	11:45:49	47,391	148,373	38,126	41
zoma	281,293	134,442	28,68	11:40:11	383,39	417,149	417,484	29
fadu	196,412	444,339	304,208	11:30:51	384,41	60,111	326,397	12
paduki	14,381	248,59	194,65	11:37:43	140,420	199,23	192,479	24
padufifi	302,153	253,50	22,320	11:43:54	302,153	253,50	22,320	37
mafu	254,421	291,307	450,150	11:47:00	254,421	291,307	450,150	44
padakiku	76,358	489,417	96,438	11:38:13	459,64	52,287	43,298	25
foma	94,322	203,172	357,266	11:37:16	382,420	78,286	171,161	23
padufifa	472,215	100,255	419,377	11:44:26	200,68	149,406	80,234	38
kafu	83,486	84,230	32,399	11:33:52	343,334	272,300	326,248	17
zuma	35,425	89,233	175,236	11:32:40	315,317	240,425	215,376	15
didizazu	44,216	18,283	221,415	11:41:43	33,65	48,449	22,229	33
zoma	264,426	482,179	18,329	11:28:17	55,173	326,187	139,358	8
pamazu	50,230	454,95	53,165	11:40:34	22,78	145,45	414,486	30
padu	67,215	473,407	217,122	11:26:57	486,48	125,262	248,468	6
komipo	428,58	228,125	188,159	11:26:28	378,407	143,456	43,47	5
dadiziku	27,166	224,232	336,184	11:44:53	187,201	153,448	195,155	39
pafu	436,397	257,297	167,38	11:34:23	323,283	33,432	487,340	18
padu	237,152	242,200	252,74	11:48:12	200,340	404,309	309,164	47
paduki	348,115	438,274	26,142	11:28:57	17,391	471,168	308,252	9
zumo	163,62	52,204	431,228	11:23:43	413,43	155,136	216,415	2
paduki	361,351	363,67	427,305	11:33:09	361,351	363,67	427,305	16
padu	434,46	256,333	263,59	11:46:33	82,63	245,26	421,383	43
padukika	328,478	105,100	94,196	11:42:55	328,478	105,100	94,196	35
padufifu	43,236	379,412	248,230	11:43:26	22,107	392,460	391,361	36
pada	347,119	193,213	98,56	11:39:49	420,258	59,405	234,482	28
pada	437,319	434,366	263,222	11:23:00	111,328	43,260	259,145	1
pady	340,30	42,217	206,132	11:46:10	242,112	79,248	66,69	42
padu	367,14	142,80	418,272	11:30:15	359,373	323,101	89,355	11
mofu	288,255	363,115	201,424	11:39:26	288,255	363,115	201,424	27
foma	165,353	21,269	375,230	11:36:45	435,283	381,287	352,256	22
pudiki	309,341	144,310	36,277	11:25:40	93,123	435,70	454,237	4
zoma	149,207	426,247	34,439	11:40:54	300,158	440,440	375,229	31
padiku	426,423	260,418	118,450	11:31:33	28,194	110,340	284,188	13
fafu	89,154	125,240	275,406	11:47:25	328,337	62,467	304,36	45
foma	430,321	167,177	252,84	11:32:09	28,285	195,31	394,204	14
zoma	106,64	466,431	23,193	11:45:19	329,218	402,235	373,188	40
padu	215,192	480,472	474,272	11:42:23	446,53	272,484	12,283	34
pafu	76,347	113,369	99,460	11:27:50	174,165	274,361	28,411	7