pifa	152,114	170,63	338,52	13:29:55	74,54	143,339	50,467
fukisame	241,182	365,56	218,205	13:30:59	409,151	20,371	107,125
doza	114,26	479,109	395,243	13:31:42	65,380	47,244	460,373
padifufu	340,383	182,282	34,79	13:32:34	57,359	448,26	122,239
foma	408,309	207,449	283,472	13:33:19	112,21	255,488	110,48
fodo	243,191	373,142	16,199	13:34:22	191,377	337,179	475,241
pifa	366,104	72,458	150,440	13:34:59	377,339	355,20	432,461
pimofo	181,424	87,380	207,148	13:35:38	180,433	291,178	276,241
dozu	266,308	159,31	306,258	13:36:54	266,308	159,31	306,258
fujisame	156,133	327,22	187,112	13:37:35	69,270	189,60	70,348
parifufu	329,401	253,227	31,373	13:38:28	247,230	183,286	100,127
pifa	184,300	303,379	133,368	13:39:12	172,223	156,108	200,424
padu	20,476	320,470	204,281	13:39:53	26,139	320,109	241,312
foma	382,382	399,396	73,159	13:40:59	380,179	365,416	413,335
padifafu	392,219	282,229	231,459	13:41:31	84,300	273,150	280,387
zuma	330,69	370,92	286,390	13:41:58	259,26	186,298	158,365
kofu	455,460	200,267	348,322	13:42:27	212,490	364,191	448,193
padimofo	145,357	308,455	337,22	13:43:05	87,29	411,177	460,47
zuma	245,228	393,154	134,455	13:44:04	252,437	385,485	354,466
padifurfa	303,35	184,94	253,404	13:44:42	448,108	49,103	317,466
fodo	62,93	462,421	174,258	13:45:42	352,218	457,197	212,383
dozu	321,139	227,30	395,84	13:46:19	164,360	335,110	202,338
padumufa	342,50	431,160	14,278	13:46:49	178,172	193,348	141,142
padu	171,249	16,74	392,139	13:47:38	12,174	381,187	462,49
mofu	38,204	164,211	288,406	13:48:02	451,301	306,319	205,340
kofu	125,340	489,97	271,173	13:48:43	125,340	489,97	271,173
zumo	344,101	301,81	121,206	13:49:20	411,165	356,360	387,324
zumi	357,217	296,141	347,211	13:49:57	357,217	296,141	347,211
kofu	79,326	84,395	332,233	13:50:38	109,311	474,168	463,113
dozu	296,440	164,242	381,391	13:51:17	179,126	364,253	307,386
zumi	199,403	52,130	269,418	13:52:01	199,403	52,130	269,418
zumimofo	467,279	442,334	249,462	13:52:31	467,279	442,334	249,462
padu	218,404	171,270	416,289	13:53:07	438,201	218,487	89,330
padu	13,484	125,87	389,447	13:53:31	144,104	215,333	427,308
dozu	309,195	396,462	427,287	13:54:05	309,195	396,462	427,287
fujimofo	363,136	200,405	255,458	13:54:58	168,176	292,273	88,78
zumi	332,231	247,283	74,485	13:55:50	79,324	255,360	107,332
dozu	255,282	399,416	61,325	13:56:27	455,136	165,84	152,407
padu	215,64	319,329	141,217	13:56:57	365,238	110,101	183,462
parfu	285,439	402,191	411,338	13:57:46	285,439	402,191	411,338
padifufa	468,284	463,177	198,227	13:58:48	174,370	320,35	119,159
domifufa	145,40	448,381	312,31	13:59:33	402,84	89,451	307,229
fodo	376,77	302,284	482,353	14:00:08	271,454	60,350	414,356
pifa	204,489	143,109	260,195	14:00:34	327,433	110,426	43,282
parfurfa	85,41	159,135	381,82	14:01:18	110,114	175,252	442,242
zoma	347,465	436,31	226,388	14:01:51	152,280	176,363	218,447
doja	458,361	397,354	377,487	14:02:28	336,179	418,429	153,293
fodo	344,39	276,30	391,483	14:03:02	270,439	209,46	166,229