padi	391,41	216,359	395,193	13:43:53	472,46	326,13	83,295	18
fodo	486,420	466,135	48,26	13:34:42	83,237	302,16	111,154	6
fodo	77,378	218,284	101,337	13:31:21	77,378	218,284	101,337	2
zumipadu	17,46	151,56	365,187	13:52:54	398,321	480,469	36,146	32
fodo	451,398	119,210	123,346	13:53:16	453,350	411,73	282,398	33
domizu	480,200	18,58	163,93	13:59:12	480,200	18,58	163,93	41
padi	115,72	67,147	76,253	13:48:57	115,72	67,147	76,253	26
mizu	23,28	369,459	24,30	13:57:12	23,28	369,459	24,30	39
padina	154,238	467,70	310,310	13:45:28	113,235	377,127	105,73	20
paduku	47,391	148,373	38,126	13:30:22	131,433	171,48	216,219	1
paduka	281,293	134,442	28,68	13:39:30	281,293	134,442	28,68	12
kofifodo	196,412	444,339	304,208	14:03:15	428,370	340,270	142,168	48
kofi	14,381	248,59	194,65	13:50:22	381,263	306,204	268,123	28
dozo	302,153	253,50	22,320	13:47:52	354,325	148,342	73,31	24
fodo	254,421	291,307	450,150	13:41:45	170,271	298,309	75,113	15
doza	76,358	489,417	96,438	13:37:16	164,163	249,12	210,280	9
padukofi	94,322	203,172	357,266	13:59:53	250,364	173,485	448,285	42
dozofodo	472,215	100,255	419,377	13:56:10	472,215	100,255	419,377	37
kofi	83,486	84,230	32,399	13:42:10	83,486	84,230	32,399	16
kofimifu	35,425	89,233	175,236	13:54:30	254,83	91,429	211,19	35
dozo	44,216	18,283	221,415	13:38:01	168,269	218,280	160,455	10
kofifodo	264,426	482,179	18,329	13:51:42	264,426	482,179	18,329	30
paduka	50,230	454,95	53,165	13:35:22	254,476	446,66	482,67	7
paduka	67,215	473,407	217,122	13:32:56	113,65	487,343	283,429	4
dozumizu	428,58	228,125	188,159	13:48:28	428,58	228,125	188,159	25
dozo	27,166	224,232	336,184	13:32:13	449,326	241,228	433,196	3
fodo	436,397	257,297	167,38	13:50:57	411,67	428,200	296,189	29
mumizumi	237,152	242,200	252,74	13:45:57	237,152	242,200	252,74	21
padi	348,115	438,274	26,142	13:44:23	73,211	359,321	153,325	19
padkiu	163,62	52,204	431,228	14:01:36	162,301	376,328	127,57	45
pifo	361,351	363,67	427,305	14:00:56	154,149	177,317	172,325	44
padudoki	434,46	256,333	263,59	13:47:14	179,51	166,202	171,61	23
fodomifu	328,478	105,100	94,196	13:53:45	195,291	177,323	439,28	34
paduka	43,236	379,412	248,230	13:41:13	133,441	76,201	444,105	14
dozopadu	347,119	193,213	98,56	13:56:43	175,437	88,203	417,54	38
fodo	437,319	434,366	263,222	13:42:38	437,319	434,366	263,222	17
dozi	340,30	42,217	206,132	13:46:31	433,98	479,239	373,159	22
dopadkiu	367,14	142,80	418,272	13:58:26	474,455	87,130	302,308	40
zumi	288,255	363,115	201,424	14:00:17	288,255	363,115	201,424	43
kofifodo	165,353	21,269	375,230	14:02:49	295,60	228,396	215,306	47
mizu	309,341	144,310	36,277	13:40:15	309,341	144,310	36,277	13
padu	149,207	426,247	34,439	13:49:40	310,443	316,285	437,300	27
zumifodo	426,423	260,418	118,450	13:52:13	426,423	260,418	118,450	31
paduzumi	89,154	125,240	275,406	14:02:09	154,319	486,66	20,406	46
dozo	430,321	167,177	252,84	13:34:06	209,252	147,279	486,355	5
fumizuka	106,64	466,431	23,193	13:38:59	151,115	17,161	476,113	11
zumi	215,192	480,472	474,272	13:36:40	406,80	478,48	74,484	8
kofifuki	76,347	113,369	99,460	13:55:38	394,377	403,18	414,345	36