padu	306,231	412,156	490,64	09:22:57	197,235	195,81	20,78
zumi	20,461	283,322	139,403	09:23:55	20,461	283,322	139,403
parfurfa	150,20	100,458	321,443	09:24:45	150,20	100,458	321,443
doja	406,27	188,110	98,197	09:25:41	382,374	129,430	270,490
fumisake	235,455	11,151	391,45	09:26:18	62,483	317,33	324,105
dozu	198,55	354,193	110,363	09:27:11	198,55	354,193	110,363
zumofo	109,13	349,298	369,22	09:27:51	170,455	275,40	240,365
zumimofo	195,461	308,120	30,485	09:28:40	195,461	308,120	30,485
doja	348,101	67,161	463,403	09:29:22	317,487	71,165	334,274
padu	446,208	367,447	349,267	09:30:00	280,374	426,470	428,164
dozu	481,56	312,344	239,412	09:30:46	204,50	471,139	29,408
pimofa	217,337	415,75	144,293	09:31:39	321,363	26,410	331,336
parfurfa	87,328	263,384	438,283	09:32:18	450,89	340,313	139,195
padu	379,295	374,435	446,346	09:33:04	110,105	206,400	388,200
zuma	347,402	64,223	358,402	09:33:42	371,253	224,176	317,233
zuma	481,440	192,366	278,309	09:34:27	154,420	343,225	238,361
padu	412,430	261,390	465,152	09:35:14	412,430	261,390	465,152
fumisake	367,71	96,237	210,74	09:35:58	475,117	255,194	73,388
doja	155,98	302,281	101,263	09:36:55	214,134	113,267	347,460
parfura	291,391	115,291	366,15	09:37:37	421,11	424,314	321,359
zumi	53,411	332,107	275,161	09:38:07	203,379	338,130	158,478
zumimofo	252,226	464,259	17,28	09:38:54	252,226	464,259	17,28
paru	128,110	149,298	419,51	09:39:44	162,442	182,93	81,334
doza	381,317	224,365	216,322	09:40:20	436,354	127,128	436,198
fumisake	95,368	410,76	20,417	09:41:01	95,368	410,76	20,417
padumofo	298,423	414,472	26,249	09:41:36	34,233	336,474	90,440
padu	292,416	350,79	155,60	09:42:23	135,387	449,95	270,413
doja	52,146	137,11	230,397	09:43:15	52,146	137,11	230,397
zumi	76,62	359,401	46,439	09:44:08	297,126	166,409	233,194
zuma	351,298	131,140	441,48	09:44:56	54,172	13,192	460,421
zuma	317,27	349,63	431,383	09:45:36	232,370	153,52	443,252
zumi	217,249	53,87	310,390	09:46:08	217,249	53,87	310,390
mofu	476,259	226,317	404,254	09:46:48	338,461	131,105	67,151
dozu	443,470	306,312	381,341	09:47:25	352,80	276,205	370,387
padimofo	261,241	149,381	371,99	09:48:10	27,349	46,482	365,55
parfurfa	419,197	116,277	249,57	09:48:35	326,456	336,393	46,105
padu	169,456	296,212	52,115	09:49:19	70,385	458,396	287,14
zumo	111,38	364,327	344,278	09:49:45	168,140	60,485	310,483
doja	205,124	356,162	420,45	09:50:36	312,76	88,179	464,229
padu	106,428	236,364	244,331	09:51:28	118,33	253,299	389,40
paru	242,307	222,412	123,230	09:51:57	381,394	267,248	95,393
parfurfa	313,46	237,437	465,19	09:52:42	313,46	237,437	465,19
zumi	43,59	102,196	211,354	09:53:09	43,59	102,196	211,354
zuma	322,101	257,99	338,342	09:53:40	50,210	310,108	455,401
zumimofo	481,262	121,394	319,431	09:54:22	146,449	143,374	443,238
zumi	450,389	248,300	413,360	09:54:49	450,389	248,300	413,360
padu	47,235	395,273	181,369	09:55:24	137,133	168,422	334,209
doja	281,214	418,373	400,139	09:55:59	93,476	363,460	361,132