mofu	391,41	216,359	395,193	09:45:53	216,193	463,114	282,437	31
padifufu	486,420	466,135	48,26	09:25:19	486,420	466,135	48,26	3
zumo	77,378	218,284	101,337	09:41:16	238,232	57,141	138,293	25
zumu	17,46	151,56	365,187	09:47:51	451,124	337,117	257,193	34
mofu	451,398	119,210	123,346	09:24:20	143,68	129,305	62,86	2
fujisake	480,200	18,58	163,93	09:45:17	463,383	229,231	173,103	30
zumo	115,72	67,147	76,253	09:48:22	76,399	192,295	140,354	35
fukisame	23,28	369,459	24,30	09:50:53	308,67	300,94	261,179	39
fumimofu	154,238	467,70	310,310	09:36:20	39,347	470,193	325,48	18
padu	47,391	148,373	38,126	09:47:05	47,391	148,373	38,126	33
parfu	281,293	134,442	28,68	09:41:50	287,302	244,127	475,260	26
padu	196,412	444,339	304,208	09:34:08	196,412	444,339	304,208	15
parifuma	14,381	248,59	194,65	09:55:09	428,16	25,366	392,271	46
foma	302,153	253,50	22,320	09:23:28	302,153	253,50	22,320	1
fumisake	254,421	291,307	450,150	09:37:16	254,421	291,307	450,150	19
parfufu	76,358	489,417	96,438	09:37:55	94,53	484,222	281,202	20
padu	94,322	203,172	357,266	09:49:59	94,322	203,172	357,266	38
padifufu	472,215	100,255	419,377	09:34:51	22,161	373,378	224,327	16
padifufu	83,486	84,230	32,399	09:44:27	41,169	129,186	376,108	29
fumi	35,425	89,233	175,236	09:43:38	35,425	89,233	175,236	28
mofu	44,216	18,283	221,415	09:39:58	346,426	231,305	232,432	23
dofu	264,426	482,179	18,329	09:33:23	205,253	355,258	262,123	14
pari	50,230	454,95	53,165	09:53:27	160,342	198,294	109,399	43
padu	67,215	473,407	217,122	09:26:42	26,58	79,270	230,130	5
dozu	428,58	228,125	188,159	09:31:12	227,105	212,192	410,489	11
padimofu	27,166	224,232	336,184	09:49:06	68,107	341,394	213,107	36
mofi	436,397	257,297	167,38	09:40:35	338,107	374,277	449,383	24
zumi	237,152	242,200	252,74	09:25:56	101,179	63,172	361,111	4
parifomu	348,115	438,274	26,142	09:52:13	30,383	409,131	142,124	41
parfu	163,62	52,204	431,228	09:38:22	281,46	449,297	212,210	21
foma	361,351	363,67	427,305	09:52:59	361,351	363,67	427,305	42
parfura	434,46	256,333	263,59	09:54:02	195,481	116,249	287,17	44
mofu	328,478	105,100	94,196	09:30:15	457,117	126,311	430,413	10
padu	43,236	379,412	248,230	09:46:19	210,276	449,362	260,408	32
mofo	347,119	193,213	98,56	09:54:40	36,36	334,213	207,357	45
zumo	437,319	434,366	263,222	09:28:09	437,319	434,366	263,222	7
zumimofu	340,30	42,217	206,132	09:32:42	340,30	42,217	206,132	13
mofu	367,14	142,80	418,272	09:55:36	144,273	16,159	149,398	47
fumisame	288,255	363,115	201,424	09:39:28	38,438	474,40	150,427	22
padimofo	165,353	21,269	375,230	09:35:37	106,159	435,43	478,413	17
zumi	309,341	144,310	36,277	09:29:01	309,341	144,310	36,277	8
fomu	149,207	426,247	34,439	09:42:52	289,142	128,288	481,453	27
padifufu	426,423	260,418	118,450	09:29:45	403,183	427,238	210,458	9
zumi	89,154	125,240	275,406	09:49:33	89,154	125,240	275,406	37
padu	430,321	167,177	252,84	09:27:31	425,118	242,360	380,468	6
fomi	106,64	466,431	23,193	09:51:46	338,166	105,359	216,419	40
padifufu	215,192	480,472	474,272	09:32:02	125,140	165,332	487,456	12
zumo	76,347	113,369	99,460	09:56:14	209,143	376,297	79,144	48