padu	236,231	229,482	319,77	13:24:39	26,316	365,269	125,263
zumofo	147,430	48,32	237,116	13:25:22	12,18	203,397	281,374
zuma	166,53	129,52	467,331	13:25:55	213,169	69,300	362,12
padu	354,100	139,176	44,88	13:26:20	166,187	220,339	173,148
fumisake	218,472	52,118	455,488	13:26:59	218,472	52,118	455,488
zumi	374,483	409,302	388,151	13:27:30	360,145	131,305	343,74
zuma	207,45	91,245	66,317	13:28:07	114,97	388,61	326,215
padu	350,222	360,469	264,336	13:28:40	350,222	360,469	264,336
zumimofo	309,127	425,438	292,458	13:29:12	449,40	382,489	318,321
fumisake	36,20	439,77	128,404	13:29:55	366,325	63,246	344,411
zuma	75,11	396,474	302,294	13:30:21	263,287	26,301	77,376
doja	134,19	328,214	253,384	13:30:46	257,356	112,231	227,350
doja	161,71	269,131	478,482	13:31:22	136,364	296,85	430,413
mofu	296,184	155,486	241,445	13:32:00	35,415	324,258	429,159
doja	18,407	181,241	410,466	13:32:30	18,407	181,241	410,466
zumimofo	103,177	332,205	397,68	13:33:21	322,440	218,321	284,298
zma	64,184	88,372	27,461	13:34:22	64,184	88,372	27,461
zumimofo	214,177	42,473	298,29	13:34:56	214,177	42,473	298,29
fumisake	464,104	203,129	99,433	13:35:35	489,32	412,294	375,484
zumi	84,106	350,255	337,270	13:36:05	355,238	342,211	381,345
paru	244,336	22,332	348,265	13:36:54	128,197	35,206	78,51
doja	22,238	251,91	122,396	13:37:34	22,238	251,91	122,396
domi	489,281	186,280	247,51	13:38:16	225,400	117,429	147,307
zuma	11,134	385,226	424,132	13:38:55	231,348	223,231	148,350
paru	428,449	56,262	217,474	13:39:50	158,479	263,219	299,315
zuma	410,450	320,422	291,177	13:40:29	400,469	420,392	161,452
doja	197,303	405,437	384,36	13:40:57	119,399	113,49	300,263
zmuimofo	343,382	307,38	171,63	13:41:32	433,69	190,327	77,422
doja	79,171	187,453	387,121	13:41:57	79,171	187,453	387,121
zumi	95,325	79,140	96,285	13:42:19	450,56	364,412	394,374
fumisake	123,16	245,433	427,46	13:42:52	202,483	15,268	44,271
padu	144,140	310,173	282,24	13:43:32	78,319	266,312	261,202
fumisake	338,473	16,343	251,50	13:43:58	338,473	16,343	251,50
zumimofo	24,60	486,339	244,389	13:44:31	134,32	202,140	364,443
mofu	244,168	340,71	204,156	13:45:31	387,204	72,200	414,255
mofu	327,34	370,122	297,198	13:46:02	145,121	263,60	411,79
doja	52,26	29,219	430,354	13:47:09	260,254	424,125	76,137
zumo	370,85	465,143	135,386	13:48:00	32,359	35,336	358,206
zumi	446,65	265,475	471,56	13:48:28	318,48	140,293	180,264
doja	221,440	96,210	343,251	13:48:55	221,440	96,210	343,251
paru	265,372	156,399	97,287	13:49:42	76,140	119,257	314,411
fumi	462,232	63,206	453,291	13:50:27	462,232	63,206	453,291
zumi	172,474	160,197	320,27	13:50:54	137,484	354,199	247,280
padu	392,275	82,167	259,63	13:51:27	266,135	198,301	406,109
zumi	487,254	457,258	336,11	13:52:02	487,254	457,258	336,11
zumi	254,320	343,149	216,414	13:52:25	254,320	343,149	216,414
zumofo	396,80	161,248	281,51	13:53:00	31,120	258,159	465,394
paru	102,118	102,245	165,280	13:54:00	389,309	281,369	315,414