zumi	391,41	216,359	395,193	13:27:49	295,459	67,363	25,318	6
doja	486,420	466,135	48,26	13:41:06	244,138	94,400	474,282	27
padu	77,378	218,284	101,337	13:25:34	448,466	472,322	244,107	2
zumi	17,46	151,56	365,187	13:41:42	17,46	151,56	365,187	28
doja	451,398	119,210	123,346	13:39:18	81,218	123,453	432,209	24
doja	480,200	18,58	163,93	13:34:34	44,250	44,450	237,314	17
zumi	115,72	67,147	76,253	13:30:33	38,396	93,270	303,33	11
zumisake	23,28	369,459	24,30	13:40:40	23,28	369,459	24,30	26
zumi	154,238	467,70	310,310	13:26:07	439,30	69,384	272,209	3
doja	47,391	148,373	38,126	13:38:30	281,362	194,29	475,61	23
doja	281,293	134,442	28,68	13:48:45	252,339	30,299	211,153	39
doja	196,412	444,339	304,208	13:36:28	237,314	168,165	482,450	20
zumisake	14,381	248,59	194,65	13:37:56	137,370	384,18	242,292	22
mofu	302,153	253,50	22,320	13:32:15	302,153	253,50	22,320	14
zumi	254,421	291,307	450,150	13:28:18	314,237	450,147	69,272	7
fumi	76,358	489,417	96,438	13:44:14	208,290	21,387	279,243	33
doja	94,322	203,172	357,266	13:48:14	94,322	203,172	357,266	38
doja	472,215	100,255	419,377	13:44:58	158,145	323,176	350,285	34
paru	83,486	84,230	32,399	13:32:46	107,460	397,79	209,402	15
padu	35,425	89,233	175,236	13:52:42	257,382	66,426	23,48	46
paru	44,216	18,283	221,415	13:28:57	424,24	461,383	160,39	8
doja	264,426	482,179	18,329	13:42:07	381,287	98,465	197,81	29
paru	50,230	454,95	53,165	13:30:08	79,389	344,423	354,302	10
padu	67,215	473,407	217,122	13:45:45	458,106	201,290	272,61	35
zumi	428,58	228,125	188,159	13:31:01	428,58	228,125	188,159	12
padu	27,166	224,232	336,184	13:51:07	141,298	458,262	286,168	43
fumi	436,397	257,297	167,38	13:50:39	63,200	473,327	269,349	42
zumi	237,152	242,200	252,74	13:31:34	193,441	364,310	450,181	13
doja	348,115	438,274	26,142	13:49:18	392,424	92,443	211,269	40
parfurfa	163,62	52,204	431,228	13:29:29	18,370	463,22	474,179	9
zumi	361,351	363,67	427,305	13:52:12	98,147	90,140	35,432	45
padu	434,46	256,333	263,59	13:43:07	117,94	365,315	237,13	31
fumi	328,478	105,100	94,196	13:47:31	226,482	25,341	159,90	37
zumi	43,236	379,412	248,230	13:24:58	356,466	387,109	404,232	1
padu	347,119	193,213	98,56	13:43:42	347,119	193,213	98,56	32
fumi	437,319	434,366	263,222	13:54:14	279,423	131,321	418,99	48
fumisake	340,30	42,217	206,132	13:35:53	340,30	42,217	206,132	19
doja	367,14	142,80	418,272	13:40:07	367,14	142,80	418,272	25
zumisake	288,255	363,115	201,424	13:46:45	288,255	363,115	201,424	36
mofu	165,353	21,269	375,230	13:33:49	81,352	373,489	319,285	16
padu	309,341	144,310	36,277	13:26:35	268,87	231,304	298,401	4
doja	149,207	426,247	34,439	13:42:32	263,382	25,351	357,211	30
zuma	426,423	260,418	118,450	13:35:11	223,393	291,283	177,148	18
paru	89,154	125,240	275,406	13:27:13	89,154	125,240	275,406	5
paru	430,321	167,177	252,84	13:50:06	157,280	261,174	50,217	41
fumi	106,64	466,431	23,193	13:51:43	106,64	466,431	23,193	44
doja	215,192	480,472	474,272	13:53:18	390,132	488,269	128,343	47
zumi	76,347	113,369	99,460	13:37:12	472,283	366,228	75,431	21