padu	356,215	425,276	115,264	15:23:04	438,235	293,291	374,19
zumimofo	175,298	489,49	122,236	15:23:48	175,298	489,49	122,236
zumi	51,59	484,306	144,45	15:24:36	241,114	45,398	281,17
padu	267,411	246,224	350,129	15:25:07	234,84	303,160	102,402
zumi	134,194	106,178	445,461	15:25:40	481,322	53,53	38,15
zuma	239,184	19,250	15,201	15:26:09	478,22	451,212	215,312
padu	166,179	488,165	217,120	15:26:40	295,68	31,85	426,336
padu	390,258	169,383	73,302	15:27:14	245,73	389,266	148,324
zumi	418,330	223,173	64,82	15:27:35	418,330	223,173	64,82
doja	292,187	266,388	355,220	15:27:57	356,443	166,126	392,235
zuma	358,104	393,367	344,397	15:28:24	358,104	393,367	344,397
padu	467,325	395,451	455,277	15:28:48	438,337	192,213	234,57
zumi	173,468	140,109	129,430	15:29:15	173,468	140,109	129,430
padu	26,243	188,168	160,226	15:29:42	103,52	55,269	271,24
zumimofo	194,85	468,488	88,105	15:30:09	279,24	262,324	282,42
doja	330,440	137,289	287,176	15:30:31	454,235	282,114	70,250
zumisake	120,263	11,25	224,455	15:31:03	120,263	11,25	224,455
doja	291,387	433,421	485,71	15:31:25	403,302	361,256	128,419
zumi	361,21	304,58	179,454	15:31:53	361,21	304,58	179,454
fumisake	274,362	48,252	360,126	15:32:18	258,208	404,168	130,257
doja	346,199	75,473	477,351	15:32:42	147,200	283,61	357,403
doja	307,19	466,113	431,378	15:33:09	382,34	278,420	275,148
fumisake	55,14	304,357	283,57	15:33:36	467,295	429,21	134,200
doja	209,368	29,214	489,123	15:34:00	80,289	335,374	197,430
doja	264,310	469,115	174,230	15:34:26	359,93	483,418	329,425
zumi	145,243	28,470	127,215	15:34:53	145,243	28,470	127,215
fumisake	410,62	383,256	195,198	15:35:16	141,428	193,318	225,144
zumimofo	266,252	470,79	247,272	15:35:44	266,252	470,79	247,272
fumisake	16,433	302,128	448,319	15:36:11	30,29	336,147	44,369
padu	146,221	138,125	326,301	15:36:30	478,194	186,433	469,348
fumisake	344,460	54,362	440,170	15:36:54	344,460	54,362	440,170
fumisake	337,274	246,466	448,485	15:37:17	406,454	347,218	92,304
padu	187,141	138,398	109,253	15:37:37	187,141	138,398	109,253
zuma	315,264	142,472	399,101	15:38:00	164,429	384,339	372,362
zuma	386,314	64,242	41,146	15:38:22	472,434	111,396	27,416
doja	55,76	362,79	238,213	15:38:45	153,295	92,202	475,318
zumimofo	418,212	397,247	228,452	15:39:13	265,375	440,86	250,393
doja	25,405	103,152	313,202	15:39:32	113,367	326,294	187,445
zumi	394,137	456,46	118,364	15:39:54	475,307	444,311	110,141
zuma	136,13	187,190	244,218	15:40:19	136,13	187,190	244,218
padu	325,289	284,197	357,32	15:40:43	452,368	124,346	216,485
padu	399,284	233,305	41,450	15:41:06	210,476	32,167	237,287
doja	36,409	360,462	130,298	15:41:26	36,409	360,462	130,298
zuma	133,325	443,196	463,109	15:41:48	290,442	190,164	311,376
zumi	374,450	61,283	362,419	15:42:08	374,450	61,283	362,419
padu	486,81	405,28	238,152	15:42:29	486,81	405,28	238,152
zumi	304,330	69,451	287,379	15:42:51	304,330	69,451	287,379
zumi	138,226	164,224	27,429	15:43:09	138,226	164,224	27,429