padu	391,41	216,359	395,193	15:34:17	448,286	362,347	456,54	24
fumisake	486,420	466,135	48,26	15:40:03	486,420	466,135	48,26	39
zma	77,378	218,284	101,337	15:41:34	77,378	218,284	101,337	43
zumi	17,46	151,56	365,187	15:27:24	184,51	303,273	137,41	8
padu	451,398	119,210	123,346	15:28:36	228,177	451,61	83,481	11
zumi	480,200	18,58	163,93	15:37:50	480,200	18,58	163,93	33
zma	115,72	67,147	76,253	15:39:23	115,72	67,147	76,253	37
zumimofo	23,28	369,459	24,30	15:32:04	23,28	369,459	24,30	19
padu	154,238	467,70	310,310	15:39:44	270,191	374,437	354,220	38
doja	47,391	148,373	38,126	15:35:59	47,391	148,373	38,126	28
doja	281,293	134,442	28,68	15:41:59	135,261	374,139	85,207	44
doja	196,412	444,339	304,208	15:34:44	408,164	431,473	260,161	25
zuma	14,381	248,59	194,65	15:42:19	14,381	248,59	194,65	45
zuma	302,153	253,50	22,320	15:35:04	390,461	428,400	22,382	26
zuma	254,421	291,307	450,150	15:41:16	133,332	183,468	179,477	42
padu	76,358	489,417	96,438	15:38:35	58,296	415,308	120,364	35
doja	94,322	203,172	357,266	15:42:40	58,219	257,93	165,336	46
padu	472,215	100,255	419,377	15:43:01	444,273	422,136	338,477	47
doja	83,486	84,230	32,399	15:36:21	338,133	351,304	67,159	29
paru	35,425	89,233	175,236	15:24:53	59,333	181,319	369,380	3
doja	44,216	18,283	221,415	15:23:22	65,32	45,186	217,236	1
doja	264,426	482,179	18,329	15:29:31	132,25	44,330	261,229	13
zumi	50,230	454,95	53,165	15:24:12	441,212	277,278	20,462	2
fumisake	67,215	473,407	217,122	15:27:03	67,215	473,407	217,122	7
zumi	428,58	228,125	188,159	15:30:43	428,58	228,125	188,159	16
doja	27,166	224,232	336,184	15:31:15	396,105	463,302	203,340	17
fumisake	436,397	257,297	167,38	15:37:27	277,124	421,444	62,304	32
zma	237,152	242,200	252,74	15:36:40	237,152	242,200	252,74	30
padu	348,115	438,274	26,142	15:32:31	148,60	277,120	351,470	20
padu	163,62	52,204	431,228	15:26:29	403,353	467,425	343,485	6
paru	361,351	363,67	427,305	15:31:38	361,351	363,67	427,305	18
paru	434,46	256,333	263,59	15:32:55	330,244	51,373	204,212	21
zuma	328,478	105,100	94,196	15:38:11	451,484	166,297	113,269	34
doja	43,236	379,412	248,230	15:25:57	146,134	221,450	316,258	5
padu	347,119	193,213	98,56	15:40:55	61,430	76,336	243,121	41
padu	437,319	434,366	263,222	15:29:54	359,335	198,472	343,228	14
zumi	340,30	42,217	206,132	15:30:19	340,30	42,217	206,132	15
doja	367,14	142,80	418,272	15:28:12	157,460	102,74	394,454	10
zumimofo	288,255	363,115	201,424	15:37:04	288,255	363,115	201,424	31
doja	165,353	21,269	375,230	15:40:31	165,353	21,269	375,230	40
zumi	309,341	144,310	36,277	15:33:48	309,341	144,310	36,277	23
doja	149,207	426,247	34,439	15:29:05	194,385	415,389	28,37	12
zuma	426,423	260,418	118,450	15:43:24	240,122	239,188	340,381	48
zumi	89,154	125,240	275,406	15:27:45	89,154	125,240	275,406	9
paru	430,321	167,177	252,84	15:33:23	146,264	204,196	308,430	22
padu	106,64	466,431	23,193	15:25:26	246,413	284,121	170,473	4
doja	215,192	480,472	474,272	15:38:58	384,62	246,336	212,76	36
zma	76,347	113,369	99,460	15:35:33	295,238	488,167	31,302	27