zumi	242,476	305,254	419,231	16:22:00	346,357	92,14	183,160
zuma	394,122	428,303	486,266	16:22:40	343,451	368,423	96,382
zuma	285,76	399,27	79,194	16:23:19	51,147	464,280	363,373
zumi	208,456	197,291	73,80	16:24:07	21,262	280,348	153,300
doja	137,355	456,15	425,244	16:24:53	137,355	456,15	425,244
fumisake	349,151	208,317	95,172	16:25:23	413,109	303,355	207,84
doja	14,479	283,431	291,279	16:26:14	198,120	348,275	86,134
doja	207,86	344,115	103,413	16:27:32	148,436	327,24	445,107
fumisake	299,301	378,485	101,441	16:28:12	299,301	378,485	101,441
padu	75,228	305,40	233,239	16:29:12	75,228	305,40	233,239
zuma	273,91	379,471	397,464	16:29:50	340,451	447,445	51,204
padu	152,401	452,425	342,253	16:30:35	417,317	151,31	358,79
zuma	214,58	329,67	163,421	16:31:20	376,41	382,90	35,413
doja	470,451	231,357	446,322	16:32:01	285,307	104,25	74,278
zuma	307,31	59,122	60,281	16:32:38	85,255	11,75	185,248
fumisake	350,323	362,239	303,269	16:33:15	72,447	334,414	85,246
doja	212,445	179,174	380,30	16:33:51	139,431	441,407	404,100
padu	196,467	426,393	357,285	16:34:15	380,153	375,433	488,258
padu	283,485	226,233	402,139	16:35:05	206,223	296,375	387,185
padu	322,132	427,305	125,89	16:35:40	258,378	351,123	151,253
zuma	40,488	398,229	233,412	16:36:08	285,384	291,90	268,187
zuma	331,145	364,272	379,451	16:36:33	223,296	156,315	485,79
zuma	413,85	428,348	467,294	16:36:54	255,339	312,312	283,490
doja	142,260	289,357	483,200	16:37:23	89,238	43,180	236,221
zuma	486,315	321,423	129,435	16:37:57	230,92	273,114	63,215
doja	21,159	433,409	377,176	16:38:32	155,263	234,448	348,67
zumi	330,218	311,204	480,199	16:38:59	330,218	311,204	480,199
zuma	165,402	274,102	259,250	16:39:25	165,402	274,102	259,250
fumisake	386,391	20,184	258,12	16:39:57	481,446	170,462	305,76
zumi	373,253	316,203	185,435	16:40:23	110,83	147,464	124,448
zumisake	148,196	103,91	115,470	16:40:53	388,45	272,68	17,87
zuma	257,435	197,77	148,186	16:41:17	111,239	177,162	386,54
zuma	266,303	97,49	394,346	16:41:42	293,155	325,124	421,278
zumi	289,290	246,298	463,14	16:42:06	289,290	246,298	463,14
doja	300,345	256,125	58,431	16:42:28	300,345	256,125	58,431
zumi	69,196	136,162	276,240	16:42:54	122,216	143,226	403,171
suma	141,43	184,327	109,322	16:43:20	110,184	24,47	368,482
zumi	23,364	134,110	403,38	16:43:50	116,297	161,115	55,347
zuma	446,202	317,202	490,290	16:44:18	307,365	347,374	46,128
zuma	205,299	145,450	414,192	16:44:54	51,30	156,168	33,103
doja	390,473	378,36	144,164	16:45:19	390,473	378,36	144,164
fumisake	265,274	196,439	111,294	16:45:39	265,274	196,439	111,294
zumi	270,124	168,394	223,81	16:46:08	366,401	288,341	224,44
zuma	422,179	272,248	370,272	16:46:31	464,220	261,413	366,345
zumi	47,84	80,181	44,484	16:46:52	47,84	80,181	44,484
zumi	363,424	466,251	449,119	16:47:19	363,424	466,251	449,119
zuma	404,224	383,110	172,484	16:47:42	471,46	434,11	79,370
zumisake	394,432	118,71	336,331	16:48:17	394,432	118,71	336,331