padu	391,41	216,359	395,193	16:36:42	281,483	58,279	356,134	22
padu	486,420	466,135	48,26	16:46:17	486,420	466,135	48,26	43
zuma	77,378	218,284	101,337	16:45:55	236,153	377,446	284,152	42
doja	17,46	151,56	365,187	16:38:20	162,125	422,255	29,256	25
padu	451,398	119,210	123,346	16:25:08	256,183	382,183	160,319	5
zumisake	480,200	18,58	163,93	16:28:44	480,200	18,58	163,93	9
zuma	115,72	67,147	76,253	16:37:45	115,72	67,147	76,253	24
zumimofo	23,28	369,459	24,30	16:35:54	23,28	369,459	24,30	20
padu	154,238	467,70	310,310	16:43:05	77,49	317,26	422,471	36
doja	47,391	148,373	38,126	16:41:06	339,253	104,80	97,314	31
padu	281,293	134,442	28,68	16:44:03	281,293	134,442	28,68	38
doja	196,412	444,339	304,208	16:33:00	471,57	76,353	53,84	15
zumi	14,381	248,59	194,65	16:36:19	424,383	281,223	204,97	21
zuma	302,153	253,50	22,320	16:43:32	312,96	67,311	453,89	37
zuma	254,421	291,307	450,150	16:41:54	254,421	291,307	450,150	33
padu	76,358	489,417	96,438	16:42:44	220,280	459,37	441,371	35
doja	94,322	203,172	357,266	16:46:42	111,478	473,477	433,267	44
doja	472,215	100,255	419,377	16:39:13	472,215	100,255	419,377	27
padu	83,486	84,230	32,399	16:22:20	364,354	379,176	267,77	1
zuma	35,425	89,233	175,236	16:48:00	348,377	199,334	14,41	47
zuma	44,216	18,283	221,415	16:25:48	44,216	18,283	221,415	6
fumisake	264,426	482,179	18,329	16:39:42	142,455	452,149	490,134	28
zuma	50,230	454,95	53,165	16:47:06	344,475	428,366	405,145	45
padu	67,215	473,407	217,122	16:40:14	67,215	473,407	217,122	29
zumi	428,58	228,125	188,159	16:33:26	428,58	228,125	188,159	16
padu	27,166	224,232	336,184	16:38:45	179,390	175,169	463,456	26
doja	436,397	257,297	167,38	16:22:59	276,337	252,215	181,448	2
zuma	237,152	242,200	252,74	16:34:45	86,94	397,42	461,124	18
fumisake	348,115	438,274	26,142	16:24:23	348,115	438,274	26,142	4
padu	163,62	52,204	431,228	16:41:30	163,62	52,204	431,228	32
zuma	361,351	363,67	427,305	16:32:20	22,203	14,22	132,473	14
padu	434,46	256,333	263,59	16:45:04	434,46	256,333	263,59	40
zumi	328,478	105,100	94,196	16:40:35	463,420	62,94	128,201	30
padu	43,236	379,412	248,230	16:42:18	43,236	379,412	248,230	34
padu	347,119	193,213	98,56	16:47:32	20,263	173,69	415,427	46
zuma	437,319	434,366	263,222	16:30:06	397,202	110,354	464,98	11
zumi	340,30	42,217	206,132	16:31:09	152,110	270,403	454,172	12
fumisake	367,14	142,80	418,272	16:44:35	367,14	142,80	418,272	39
zumimofo	288,255	363,115	201,424	16:48:28	288,255	363,115	201,424	48
doja	165,353	21,269	375,230	16:35:20	165,353	21,269	375,230	19
zumisake	309,341	144,310	36,277	16:28:00	479,451	241,171	454,90	8
fumisake	149,207	426,247	34,439	16:34:01	149,207	426,247	34,439	17
doja	426,423	260,418	118,450	16:29:34	277,431	48,272	464,88	10
zumi	89,154	125,240	275,406	16:23:52	94,208	237,460	136,227	3
zumi	430,321	167,177	252,84	16:45:30	180,416	246,354	433,23	41
doja	106,64	466,431	23,193	16:26:46	50,418	208,291	143,379	7
doja	215,192	480,472	474,272	16:31:44	53,481	373,486	18,327	13
doja	76,347	113,369	99,460	16:37:10	52,382	209,479	389,355	23