zumi	210,360	436,33	381,23	15:54:42	206,113	177,362	187,165
zumisake	87,438	113,14	68,111	15:55:24	87,438	113,14	68,111
padu	398,224	333,44	13,315	15:56:12	398,224	333,44	13,315
padu	335,124	276,389	476,185	15:56:50	335,124	276,389	476,185
zumisake	362,41	51,173	393,50	15:57:26	166,431	401,81	407,16
padu	464,28	345,315	251,202	15:57:54	464,28	345,315	251,202
suma	476,439	339,103	226,177	15:58:42	46,302	33,484	74,341
zuma	15,141	480,432	353,450	15:59:08	253,188	17,126	395,131
doja	113,69	435,389	372,39	15:59:37	113,69	435,389	372,39
doja	189,486	452,106	105,180	16:00:06	349,459	392,198	52,480
doja	469,183	233,465	46,183	16:00:38	34,108	196,458	487,78
padu	447,83	485,459	160,469	16:01:07	145,292	204,47	480,245
zuma	374,277	427,307	249,208	16:01:42	156,358	138,342	326,134
zuma	480,412	455,122	425,314	16:02:41	11,187	474,330	332,416
zumi	459,123	309,420	219,404	16:03:09	482,84	219,130	416,54
zuma	110,197	96,332	172,131	16:03:51	227,488	449,210	328,290
padu	25,128	204,20	96,353	16:04:17	219,175	303,139	370,372
zuma	479,460	140,415	277,378	16:04:48	206,162	393,462	15,73
suma	133,266	300,97	377,234	16:05:16	55,483	288,168	211,295
zuma	400,345	347,219	275,76	16:05:39	400,345	347,219	275,76
zumi	132,375	263,217	217,424	16:06:16	254,335	365,130	377,162
zuma	338,231	61,51	240,147	16:06:40	13,109	29,200	272,337
padu	394,228	117,43	153,383	16:07:22	398,20	334,272	139,221
padu	142,470	465,466	252,114	16:07:59	142,470	465,466	252,114
zuma	196,185	272,86	44,308	16:08:38	72,175	477,123	216,227
doja	56,378	11,174	461,430	16:09:04	117,196	476,489	418,138
zuma	72,211	197,170	14,277	16:09:25	72,211	197,170	14,277
doja	71,181	329,289	388,124	16:10:01	71,181	329,289	388,124
doja	400,258	404,13	28,153	16:10:37	481,404	92,381	169,70
suma	326,225	237,380	469,194	16:11:03	247,289	276,295	423,400
suma	67,120	165,428	37,437	16:11:38	460,113	441,277	282,490
suma	180,469	184,193	312,222	16:12:17	180,469	184,193	312,222
zumi	195,309	136,308	347,178	16:12:44	195,309	136,308	347,178
doja	364,51	285,186	307,431	16:13:25	167,178	272,140	344,249
padu	32,329	81,158	291,269	16:14:00	416,443	382,201	247,314
padu	358,325	35,286	78,413	16:14:36	358,325	35,286	78,413
zuma	147,390	50,458	11,129	16:15:05	443,321	147,236	298,323
doja	385,52	218,391	129,166	16:15:34	70,22	96,342	383,25
padu	17,41	362,33	266,267	16:16:04	454,149	188,468	359,63
doja	366,378	22,161	338,12	16:16:29	366,378	22,161	338,12
zumi	398,113	161,279	464,128	16:17:09	63,150	466,239	337,187
doja	146,20	484,339	43,354	16:17:31	146,20	484,339	43,354
padu	14,193	405,407	189,95	16:17:54	159,164	244,308	336,296
padu	30,271	265,383	363,184	16:18:19	18,258	411,67	13,319
zuma	414,331	471,399	453,187	16:18:51	414,331	471,399	453,187
zuma	12,378	139,383	89,376	16:19:19	331,164	342,51	46,258
doja	336,164	338,255	166,164	16:19:45	190,35	59,294	396,294
zuma	428,256	275,257	477,381	16:20:12	361,268	361,373	418,209