zuma	391,41	216,359	395,193	16:05:27	425,326	390,357	31,311	19
doja	486,420	466,135	48,26	16:04:07	486,420	466,135	48,26	16
zumi	77,378	218,284	101,337	16:19:56	425,81	82,123	70,144	47
zumi	17,46	151,56	365,187	16:20:32	285,208	341,357	321,400	48
zuma	451,398	119,210	123,346	16:10:13	451,398	119,210	123,346	28
zumisake	480,200	18,58	163,93	16:12:29	480,200	18,58	163,93	32
suma	115,72	67,147	76,253	15:58:56	115,72	67,147	76,253	7
suma	23,28	369,459	24,30	15:55:54	142,321	439,197	64,305	2
padu	154,238	467,70	310,310	16:03:37	373,352	411,206	80,47	15
padu	47,391	148,373	38,126	16:17:40	168,96	60,246	398,283	42
padu	281,293	134,442	28,68	16:19:33	45,315	211,377	356,247	46
doja	196,412	444,339	304,208	16:15:16	179,322	301,110	54,53	37
zumi	14,381	248,59	194,65	16:06:30	383,438	295,418	19,411	21
zuma	302,153	253,50	22,320	15:57:40	353,237	461,139	59,323	5
zumi	254,421	291,307	450,150	15:58:21	447,36	60,393	316,321	6
zumi	76,358	489,417	96,438	16:00:23	75,348	128,448	124,306	10
doja	94,322	203,172	357,266	16:16:54	339,326	155,417	20,222	40
padu	472,215	100,255	419,377	16:00:53	472,215	100,255	419,377	11
suma	83,486	84,230	32,399	16:11:23	83,486	84,230	32,399	30
zumi	35,425	89,233	175,236	15:55:09	35,425	89,233	175,236	1
zumi	44,216	18,283	221,415	16:05:59	44,216	18,283	221,415	20
padu	264,426	482,179	18,329	16:02:13	264,426	482,179	18,329	13
padu	50,230	454,95	53,165	16:18:05	83,309	377,287	170,47	43
padu	67,215	473,407	217,122	16:14:49	67,215	473,407	217,122	36
zumi	428,58	228,125	188,159	16:14:14	428,58	228,125	188,159	35
zumi	27,166	224,232	336,184	16:16:17	300,241	299,287	88,91	39
zumi	436,397	257,297	167,38	16:19:07	217,132	336,191	419,213	45
zuma	237,152	242,200	252,74	16:08:18	220,379	470,271	239,269	24
padu	348,115	438,274	26,142	16:13:10	348,115	438,274	26,142	33
doja	163,62	52,204	431,228	16:15:49	361,458	88,313	233,47	38
zuma	361,351	363,67	427,305	16:05:00	402,250	181,262	352,207	18
doja	434,46	256,333	263,59	16:09:13	201,31	114,427	426,341	26
zuma	328,478	105,100	94,196	16:04:34	328,478	105,100	94,196	17
zuma	43,236	379,412	248,230	16:07:46	177,369	292,477	139,124	23
padu	347,119	193,213	98,56	16:18:37	347,119	193,213	98,56	44
zumi	437,319	434,366	263,222	15:59:57	325,176	286,308	400,52	9
zumisake	340,30	42,217	206,132	16:10:51	340,30	42,217	206,132	29
doja	367,14	142,80	418,272	16:08:52	72,300	382,232	152,73	25
zumisake	288,255	363,115	201,424	16:12:01	116,453	397,30	456,414	31
zuma	165,353	21,269	375,230	16:06:51	348,478	69,193	183,338	22
zumisake	309,341	144,310	36,277	15:56:25	313,14	197,173	37,460	3
doja	149,207	426,247	34,439	15:59:21	323,97	293,461	458,301	8
zumi	426,423	260,418	118,450	16:02:53	230,206	371,193	205,20	14
zumisake	89,154	125,240	275,406	16:01:24	89,154	125,240	275,406	12
padu	430,321	167,177	252,84	15:57:11	430,321	167,177	252,84	4
padu	106,64	466,431	23,193	16:17:21	195,437	14,369	330,128	41
doja	215,192	480,472	474,272	16:09:51	488,404	123,48	53,440	27
zumi	76,347	113,369	99,460	16:13:43	211,426	484,161	386,345	34