zuma	471,490	469,484	328,267	16:22:56	186,377	77,417	436,262
padu	21,264	421,164	334,488	16:23:30	426,74	157,126	225,390
doja	259,346	414,205	135,277	16:24:05	296,215	62,334	84,130
zumi	437,176	412,51	372,52	16:24:30	219,32	83,365	147,298
padu	181,107	444,169	469,48	16:25:06	181,107	444,169	469,48
suma	50,259	249,488	86,47	16:25:35	175,318	213,98	48,90
zumisake	366,366	127,372	437,381	16:25:59	443,117	392,169	17,294
padu	18,137	86,382	213,302	16:26:25	33,260	170,421	436,61
suma	414,182	275,212	308,23	16:26:48	414,182	275,212	308,23
zumi	183,175	400,376	226,132	16:27:13	183,175	400,376	226,132
padu	62,289	23,41	282,340	16:27:36	470,117	350,108	418,357
padu	49,237	385,459	391,228	16:27:58	395,34	17,94	279,446
zumi	297,51	196,220	245,320	16:28:25	429,456	388,26	318,49
zumi	457,337	394,378	378,276	16:28:45	33,146	252,320	203,285
zumisake	487,415	417,440	94,396	16:29:07	436,26	171,412	30,481
doja	420,417	44,179	415,120	16:29:34	420,417	44,179	415,120
zumisake	478,450	271,114	331,218	16:30:01	394,480	316,350	290,290
zumi	215,423	246,291	314,448	16:30:28	129,375	369,247	197,399
zumi	485,255	389,269	456,207	16:30:50	378,427	368,309	47,44
doja	103,487	133,12	372,348	16:31:14	103,487	133,12	372,348
doja	282,28	485,294	58,277	16:31:35	181,303	226,54	67,287
padu	134,410	95,29	379,475	16:32:02	232,49	179,328	95,51
padu	144,344	317,329	74,72	16:32:30	87,90	425,298	269,429
suma	246,345	321,150	233,209	16:32:57	319,75	180,70	281,434
zumi	158,71	477,84	21,80	16:33:21	69,317	14,310	484,183
doja	415,162	135,449	331,60	16:33:49	183,291	66,456	432,283
zumisake	469,488	39,249	111,360	16:34:12	469,488	39,249	111,360
zuma	78,55	472,314	336,296	16:34:31	103,48	28,480	74,352
zuma	456,105	124,355	363,90	16:34:54	488,57	31,435	114,411
zuma	271,429	292,393	431,173	16:35:16	271,429	292,393	431,173
padu	71,155	107,66	438,154	16:35:35	71,155	107,66	438,154
zuma	251,74	93,335	92,461	16:35:55	49,174	366,415	390,469
zumi	478,141	384,422	149,464	16:36:20	220,77	132,206	151,142
suma	319,328	316,150	467,59	16:36:44	319,328	316,150	467,59
zuma	209,383	61,43	158,83	16:37:09	186,34	366,308	229,26
padu	348,392	211,473	351,51	16:37:32	134,327	221,114	241,340
padu	32,236	276,402	350,90	16:37:52	459,333	160,23	41,350
padu	43,419	96,24	242,421	16:38:13	43,419	96,24	242,421
zuma	211,46	114,86	343,332	16:38:38	301,218	469,450	231,20
zumisake	309,23	360,111	406,300	16:39:03	203,442	477,266	433,344
suma	102,293	336,237	371,154	16:39:28	257,268	33,217	330,83
doja	274,166	363,356	11,444	16:39:51	322,484	381,29	206,191
zuma	250,200	135,106	353,394	16:40:13	250,200	135,106	353,394
suma	327,320	281,153	460,258	16:40:32	331,318	278,221	337,473
doja	152,223	50,447	435,158	16:40:58	483,212	372,464	38,419
zumisake	201,317	160,401	300,20	16:41:19	201,317	160,401	300,20
suma	86,457	384,351	368,244	16:41:39	171,345	106,52	319,134
zuma	441,332	428,46	346,180	16:42:03	102,263	31,302	447,192