zuma	391,41	216,359	395,193	16:35:06	189,480	206,42	188,183	29
doja	486,420	466,135	48,26	16:42:13	87,352	117,109	350,353	48
zumisake	77,378	218,284	101,337	16:29:23	232,141	347,333	429,369	15
zuma	17,46	151,56	365,187	16:38:49	17,46	151,56	365,187	39
suna	451,398	119,210	123,346	16:27:03	190,488	251,345	218,259	9
zumi	480,200	18,58	163,93	16:28:55	480,200	18,58	163,93	14
zuma	115,72	67,147	76,253	16:30:38	186,212	54,48	355,365	18
zumiiii	23,28	369,459	24,30	16:33:12	307,393	440,442	63,340	24
padu	154,238	467,70	310,310	16:35:27	154,238	467,70	310,310	30
padu	47,391	148,373	38,126	16:38:03	96,212	118,443	273,222	37
padu	281,293	134,442	28,68	16:28:35	281,293	134,442	28,68	13
padu	196,412	444,339	304,208	16:27:23	196,412	444,339	304,208	10
zumisake	14,381	248,59	194,65	16:38:25	456,211	393,239	148,390	38
doja	302,153	253,50	22,320	16:34:00	230,22	151,179	454,204	26
suma	254,421	291,307	450,150	16:39:17	96,120	101,314	286,285	40
padu	76,358	489,417	96,438	16:39:41	114,58	223,125	45,359	41
suma	94,322	203,172	357,266	16:35:46	94,322	203,172	357,266	31
padu	472,215	100,255	419,377	16:37:43	52,254	377,412	291,260	36
padu	83,486	84,230	32,399	16:34:45	475,280	459,119	276,172	28
padu	35,425	89,233	175,236	16:41:09	225,332	346,437	446,381	45
suma	44,216	18,283	221,415	16:32:47	476,244	440,227	278,275	23
doja	264,426	482,179	18,329	16:29:49	486,450	408,32	52,374	16
zuma	50,230	454,95	53,165	16:36:05	190,353	360,159	461,146	32
padu	67,215	473,407	217,122	16:36:56	236,474	411,292	398,434	34
zumi	428,58	228,125	188,159	16:27:46	428,58	228,125	188,159	11
zuma	27,166	224,232	336,184	16:40:04	119,314	108,269	367,390	42
zuma	436,397	257,297	167,38	16:31:53	256,191	268,278	260,158	21
zuma	237,152	242,200	252,74	16:37:21	205,207	357,71	115,244	35
doja	348,115	438,274	26,142	16:33:38	348,115	438,274	26,142	25
padu	163,62	52,204	431,228	16:25:49	13,327	424,174	60,92	6
suma	361,351	363,67	427,305	16:30:16	208,55	142,333	311,292	17
padu	434,46	256,333	263,59	16:26:36	167,112	483,175	97,247	8
zumisake	328,478	105,100	94,196	16:26:16	328,478	105,100	94,196	7
zuma	43,236	379,412	248,230	16:23:13	438,401	86,242	320,373	1
doja	347,119	193,213	98,56	16:31:24	394,210	69,311	232,110	20
zumi	437,319	434,366	263,222	16:31:01	437,319	434,366	263,222	19
zumi	340,30	42,217	206,132	16:24:51	340,30	42,217	206,132	4
padu	367,14	142,80	418,272	16:32:14	142,140	431,86	253,344	22
zumi	288,255	363,115	201,424	16:41:50	433,268	483,159	482,381	47
doja	165,353	21,269	375,230	16:25:18	313,399	158,380	326,104	5
zuma	309,341	144,310	36,277	16:34:22	411,204	403,86	294,430	27
zuma	149,207	426,247	34,439	16:23:53	202,158	197,450	230,450	2
zuma	426,423	260,418	118,450	16:40:23	140,425	386,322	176,384	43
zuma	89,154	125,240	275,406	16:28:11	89,154	125,240	275,406	12
suma	430,321	167,177	252,84	16:24:19	29,368	283,297	275,435	3
padu	106,64	466,431	23,193	16:36:30	456,421	191,472	190,220	33
doja	215,192	480,472	474,272	16:41:28	414,234	223,431	78,190	46
zuma	76,347	113,369	99,460	16:40:46	131,293	66,276	442,247	44