zuma	244,161	188,223	368,245	11:26:34	62,294	125,93	32,246
padu	124,217	147,407	186,118	11:27:34	134,109	462,90	120,320
zuma	34,465	187,14	196,124	11:29:06	422,153	312,157	447,21
padu	82,149	59,68	456,270	11:29:52	15,289	200,130	372,221
suma	239,198	216,42	120,99	11:30:52	239,198	216,42	120,99
doja	474,196	215,326	483,477	11:31:29	474,196	215,326	483,477
suma	482,474	66,126	358,173	11:32:19	303,182	130,226	425,352
padu	151,295	210,145	368,211	11:32:42	19,111	330,285	368,465
zumi	419,40	334,89	211,353	11:33:37	52,367	363,174	336,125
suma	420,439	433,13	230,448	11:34:35	215,337	68,40	286,250
zumisake	91,361	369,287	163,338	11:35:14	91,361	369,287	163,338
padu	164,442	362,420	274,118	11:36:10	164,442	362,420	274,118
doja	454,242	131,43	205,473	11:36:55	454,242	131,43	205,473
doja	415,283	266,420	180,301	11:37:51	16,171	442,186	377,23
zumi	31,118	81,161	284,49	11:38:44	31,118	81,161	284,49
doja	178,99	11,313	378,48	11:39:32	468,200	186,433	485,423
zuma	230,109	490,407	42,65	11:40:19	403,134	312,109	401,419
doja	128,134	191,366	483,63	11:41:20	183,349	92,137	435,32
zumi	485,183	350,205	317,228	11:41:52	314,360	259,150	232,297
dojasake	50,262	192,249	101,402	11:42:57	450,470	73,51	116,17
suma	405,247	176,348	249,396	11:43:42	208,187	183,258	284,200
padu	28,186	310,41	448,203	11:44:08	28,186	310,41	448,203
zumi	223,354	275,323	373,156	11:44:43	285,352	239,355	22,32
padu	182,372	476,438	302,165	11:45:26	145,435	381,350	410,231
zuma	208,91	333,381	338,127	11:46:04	94,375	247,323	240,259
zumisake	249,470	254,249	292,142	11:46:28	483,321	304,355	83,450
zumisake	90,472	124,209	136,146	11:47:01	125,212	413,362	44,162
zumisake	287,410	266,468	285,258	11:47:34	467,40	405,91	144,434
dojasake	355,200	121,189	99,258	11:48:16	150,114	26,72	465,59
zumi	40,325	29,222	83,120	11:48:49	162,325	429,416	132,419
zumisake	161,256	219,484	182,319	11:49:12	161,256	219,484	182,319
zuma	133,101	295,433	131,252	11:50:05	378,96	282,317	21,404
padu	67,394	183,332	226,66	11:50:35	67,394	183,332	226,66
padu	245,273	292,210	136,25	11:51:03	182,43	126,437	21,401
zuma	166,33	342,113	400,441	11:51:29	477,424	146,319	314,473
doja	377,461	330,21	102,90	11:52:08	26,121	392,308	320,38
padu	261,409	350,267	163,82	11:52:53	203,106	124,336	386,413
dojasake	323,109	284,17	198,117	11:53:27	93,247	407,318	459,177
doja	194,118	168,256	366,62	11:53:58	369,119	110,453	57,116
dojapadu	80,462	26,49	340,199	11:54:41	80,462	26,49	340,199
dojasuma	469,161	41,214	461,363	11:55:37	226,333	47,325	296,93
zumasuma	410,95	285,18	449,447	11:57:07	465,353	263,310	406,382
paduzumasaki	146,379	281,87	205,70	11:58:15	69,427	221,106	262,26
paduzumasaki	41,280	16,149	382,372	11:59:31	267,33	112,235	100,418
zumasaki	314,360	93,165	463,482	12:00:11	280,233	66,11	328,317
suma	268,398	482,170	216,312	12:00:54	397,199	487,312	470,115
dojapadu	115,233	401,454	490,74	12:02:04	115,233	401,454	490,74
zuma	198,48	410,471	54,117	12:02:54	177,101	182,173	402,162