zuma	391,41	216,359	395,193	11:30:31	317,302	332,108	251,94	4
doja	486,420	466,135	48,26	11:51:15	311,93	28,325	382,465	34
zumisake	77,378	218,284	101,337	11:39:13	79,165	361,63	463,41	15
zumisakepadu	17,46	151,56	365,187	11:56:06	17,46	151,56	365,187	41
zuma	451,398	119,210	123,346	11:40:48	451,398	119,210	123,346	17
zumisake	480,200	18,58	163,93	11:32:31	480,200	18,58	163,93	7
zuma	115,72	67,147	76,253	11:28:32	115,72	67,147	76,253	2
zumisake	23,28	369,459	24,30	11:39:48	266,197	451,377	218,169	16
paduzuma	154,238	467,70	310,310	11:55:09	21,278	479,145	156,121	40
padu	47,391	148,373	38,126	11:33:12	67,348	248,327	285,192	8
doja	281,293	134,442	28,68	11:43:21	281,293	134,442	28,68	20
suma	196,412	444,339	304,208	11:51:54	449,163	218,413	402,77	35
zumi	14,381	248,59	194,65	11:42:22	199,19	60,15	250,358	19
zumi	302,153	253,50	22,320	11:50:20	147,143	230,200	25,296	32
zumazumisake	254,421	291,307	450,150	12:01:30	254,421	291,307	450,150	46
padu	76,358	489,417	96,438	11:50:48	12,484	455,250	349,195	33
doja	94,322	203,172	357,266	11:45:40	432,177	142,406	134,51	24
paduzumi	472,215	100,255	419,377	11:57:36	252,259	480,265	396,82	42
padu	83,486	84,230	32,399	11:53:46	83,486	84,230	32,399	38
padu	35,425	89,233	175,236	11:44:24	72,245	460,130	328,230	22
zuma	44,216	18,283	221,415	11:52:36	224,384	268,350	138,244	36
dojazuma	264,426	482,179	18,329	11:59:04	364,332	79,364	347,155	43
zumi	50,230	454,95	53,165	11:45:10	296,214	149,370	98,469	23
padu	67,215	473,407	217,122	11:53:10	67,215	473,407	217,122	37
zumisake	428,58	228,125	188,159	11:35:40	428,58	228,125	188,159	11
zuma	27,166	224,232	336,184	11:49:43	276,129	262,35	89,393	31
zuma	436,397	257,297	167,38	11:38:26	76,62	79,425	49,402	14
zumisake	237,152	242,200	252,74	11:46:14	237,152	242,200	252,74	25
doja	348,115	438,274	26,142	11:27:05	348,115	438,274	26,142	1
padu	163,62	52,204	431,228	11:31:51	163,62	52,204	431,228	6
zuma	361,351	363,67	427,305	11:35:02	381,14	471,402	346,225	10
doja	434,46	256,333	263,59	11:59:49	49,175	305,94	420,471	44
zumasake	328,478	105,100	94,196	11:54:25	23,311	125,208	346,26	39
padu	43,236	379,412	248,230	12:00:31	43,236	379,412	248,230	45
dojesake	347,119	193,213	98,56	12:03:12	27,489	58,320	37,325	48
zuma	437,319	434,366	263,222	11:47:18	19,269	217,103	403,416	27
zumisake	340,30	42,217	206,132	11:47:50	340,30	42,217	206,132	28
doja	367,14	142,80	418,272	11:46:44	367,14	142,80	418,272	26
zumisake	288,255	363,115	201,424	12:02:24	384,290	136,414	17,440	47
doja	165,353	21,269	375,230	11:36:30	22,437	67,61	457,447	12
zumisake	309,341	144,310	36,277	11:48:59	309,341	144,310	36,277	30
doja	149,207	426,247	34,439	11:48:34	149,207	426,247	34,439	29
zumisake	426,423	260,418	118,450	11:31:06	426,423	260,418	118,450	5
zumisake	89,154	125,240	275,406	11:43:53	89,154	125,240	275,406	21
zumi	430,321	167,177	252,84	11:29:33	456,340	310,421	284,399	3
padu	106,64	466,431	23,193	11:37:31	106,64	466,431	23,193	13
zumi	215,192	480,472	474,272	11:41:40	149,489	64,375	35,420	18
suma	76,347	113,369	99,460	11:34:04	268,45	71,91	72,255	9