kozo	104,193	178,62	285,339
zazidipa	199,419	310,469	163,176
dido	470,482	292,271	232,12
pimomiku	142,107	90,66	459,26
pozazudu	299,332	57,43	357,61
dimofoka	11,325	45,361	95,200
kaduzozi	357,304	482,85	280,399
fokipa	292,104	334,235	79,407
zufipu	94,463	49,29	117,270
kupamu	276,235	340,457	204,422
zofazi	204,334	191,406	257,344
pakaza	479,206	187,277	441,35
fudopifo	71,451	484,60	179,368
kizimu	299,192	267,72	411,197
zida	485,417	133,213	404,24
zakapi	22,329	139,95	340,18
zudi	343,104	337,27	319,78
mapo	454,301	274,483	236,214
zozumuzu	422,426	447,412	447,342
madazi	235,375	134,409	331,64
diki	384,251	420,278	424,105
koma	409,43	471,291	281,101
momu	344,412	254,425	447,381
dizomimi	179,295	38,34	441,486
kazifipu	259,71	416,485	175,462
dofopoza	121,300	465,201	262,265
dokopa	220,31	141,133	418,309
dipapuzu	28,193	160,183	141,72
mozo	459,405	293,331	329,131
fifofu	91,221	452,90	100,349
pufupo	111,21	39,376	412,203
mapopami	355,415	285,45	437,313
mizifa	25,285	159,92	447,408
dufodumo	251,312	456,335	318,464
komidipi	47,301	107,113	378,286
pupukizi	93,43	481,268	319,47
kaka	252,475	317,127	362,170
mudumi	221,108	483,200	63,78
doki	244,276	325,230	258,367
miduzo	219,350	142,203	207,484
fapodo	205,483	173,159	473,448
mamapiku	344,101	197,293	282,50
pozofupi	63,399	108,305	430,225
pazu	179,266	52,173	347,140
fafomoko	227,162	364,15	401,305
zizamu	304,257	137,131	296,297
piki	191,57	413,251	272,335
fudufumi	50,171	336,326	54,296