zizi	126,120	475,121	149,114	15:37:31	126,120	475,121	149,114
zuzimu	483,212	133,59	270,165	15:37:59	109,391	396,333	417,67
mofuzo	274,438	428,218	434,478	15:38:30	390,76	35,473	314,307
zizimo	386,280	34,158	298,448	15:39:02	82,443	359,14	194,246
mofuzo	89,191	219,293	370,291	15:39:34	250,118	438,274	101,261
zimizo	55,368	85,403	371,269	15:40:03	325,86	208,348	234,16
fumozi	450,358	17,232	64,311	15:40:33	341,286	309,367	153,153
zizimu	306,23	165,490	189,173	15:41:02	226,489	440,88	380,246
mofumi	299,440	289,210	181,414	15:41:28	426,395	271,396	263,219
zumizu	188,334	164,100	333,161	15:42:00	399,486	122,356	86,237
fumuzu	14,296	43,478	407,182	15:42:29	14,296	43,478	407,182
fumizu	355,396	14,459	13,254	15:43:08	166,173	406,412	33,409
mofuzu	101,190	130,38	397,73	15:43:36	321,433	28,298	358,147
zizimu	25,366	463,113	459,357	15:44:06	216,130	125,370	129,303
zizu	25,476	254,234	278,133	15:44:44	413,341	329,315	17,137
zizu	451,363	160,306	379,308	15:45:08	489,302	292,124	182,411
zi	34,238	481,41	459,54	15:45:27	447,77	471,46	343,195
zumizo	236,141	360,287	97,263	15:45:52	180,440	464,397	23,395
zuzi	342,268	484,140	467,174	15:46:23	448,115	327,426	416,144
zumozu	54,476	207,232	319,143	15:46:57	197,57	433,264	306,456
mizi	64,471	460,96	458,377	15:47:25	254,158	397,78	475,205
muzi	419,475	306,335	396,328	15:47:57	306,200	13,248	454,309
mizumi	268,69	76,387	97,463	15:48:27	268,69	76,387	97,463
mofuzi	254,411	204,226	33,172	15:49:04	150,116	409,153	354,373
zumi	450,112	448,213	335,236	15:49:28	450,112	448,213	335,236
zu	462,258	433,279	482,319	15:49:50	181,355	135,378	96,443
zumozu	460,196	347,88	43,425	15:50:14	460,196	347,88	43,425
mizimu	409,309	346,134	12,156	15:50:51	474,210	83,46	129,384
zuzi	63,441	208,274	278,164	15:51:20	216,200	335,399	158,29
zimu	342,151	262,261	293,125	15:51:54	472,153	460,294	427,32
muzi	445,310	299,222	290,245	15:52:22	262,173	187,107	82,335
fomuzu	143,253	192,483	17,377	15:52:57	205,466	392,63	67,64
fumomi	48,389	39,20	297,78	15:53:28	48,389	39,20	297,78
zuzo	307,435	128,468	467,387	15:53:57	307,435	128,468	467,387
mizu	433,164	201,196	304,146	15:54:32	285,336	441,94	380,154
fumuzi	78,439	155,20	227,146	15:55:06	326,309	319,13	25,294
zumo	443,273	332,299	351,364	15:55:31	443,273	332,299	351,364
fumuzi	236,34	374,64	36,389	15:56:01	283,314	102,401	291,79
zuzi	234,403	315,431	187,103	15:56:26	300,310	361,204	269,336
mizumo	98,206	379,52	379,157	15:56:55	479,169	338,341	58,46
zimuzo	105,141	402,394	353,201	15:57:40	270,460	12,459	476,110
zizi	487,218	268,102	309,149	15:58:03	487,218	268,102	309,149
mofuzi	149,390	100,177	399,387	15:58:26	224,452	77,225	420,63
mizuzi	480,34	163,141	419,170	15:58:53	421,355	242,45	403,276
mizuzu	244,342	60,435	47,354	15:59:29	457,474	160,187	265,341
fuzi	231,461	117,268	267,348	16:00:01	87,274	478,227	65,437
mizi	325,489	139,470	311,326	16:00:22	325,489	139,470	311,326
fomuzi	348,436	44,123	313,151	16:00:47	128,169	430,380	475,197