momuzi	391,41	216,359	395,193	15:47:41	28,108	59,261	380,311	21
muzimu	486,420	466,135	48,26	15:57:22	483,320	179,60	51,470	40
fumi	77,378	218,284	101,337	15:55:46	103,455	86,189	474,130	37
fizu	17,46	151,56	365,187	16:00:12	227,326	352,223	171,87	46
fizu	451,398	119,210	123,346	15:58:14	233,281	156,313	198,222	42
zimuzu	480,200	18,58	163,93	15:59:41	480,200	18,58	163,93	45
zimi	115,72	67,147	76,253	15:54:12	50,99	91,407	77,85	34
zi	23,28	369,459	24,30	15:45:37	23,28	369,459	24,30	17
fimozu	154,238	467,70	310,310	15:55:19	109,56	356,358	284,476	36
mufuzi	47,391	148,373	38,126	15:44:57	142,172	312,26	359,426	15
mozizu	281,293	134,442	28,68	15:49:17	221,385	181,111	101,155	24
fumou	196,412	444,339	304,208	15:39:18	362,283	351,308	329,129	4
zizimo	14,381	248,59	194,65	15:39:46	14,381	248,59	194,65	5
mufusu	302,153	253,50	22,320	15:40:18	302,153	253,50	22,320	6
ifumu	254,421	291,307	450,150	15:42:13	254,421	291,307	450,150	10
muzimp	76,358	489,417	96,438	15:52:40	175,416	453,32	35,227	31
mufuzi	94,322	203,172	357,266	15:42:47	149,449	374,197	125,11	11
momuzu	472,215	100,255	419,377	15:46:39	454,110	79,204	208,279	19
zumozi	83,486	84,230	32,399	15:38:14	83,359	370,412	268,322	2
mofuzi	35,425	89,233	175,236	15:51:01	221,250	461,218	60,395	28
zumuzu	44,216	18,283	221,415	15:47:14	282,47	12,279	246,100	20
mofuzo	264,426	482,179	18,329	16:01:01	264,426	482,179	18,329	48
fumozu	50,230	454,95	53,165	15:46:07	131,441	70,123	418,219	18
momozi	67,215	473,407	217,122	15:48:45	464,311	452,37	149,224	23
fumi	428,58	228,125	188,159	15:57:52	431,73	404,87	227,51	41
muzimo	27,166	224,232	336,184	15:52:07	36,112	363,144	421,289	30
mofuzu	436,397	257,297	167,38	15:41:43	152,19	105,470	26,276	9
zizi	237,152	242,200	252,74	15:58:37	237,152	242,200	252,74	43
mizomo	348,115	438,274	26,142	16:00:33	365,424	425,49	304,424	47
momuzu	163,62	52,204	431,228	15:38:46	390,263	97,122	362,97	3
fimo	361,351	363,67	427,305	15:54:46	335,63	182,298	85,207	35
mozimo	434,46	256,333	263,59	15:51:35	331,12	74,90	147,290	29
zimozu	328,478	105,100	94,196	15:53:15	328,478	105,100	94,196	32
mofuzi	43,236	379,412	248,230	15:37:47	411,125	192,91	309,416	1
fimuzi	347,119	193,213	98,56	15:44:28	434,27	176,227	414,424	14
mizomu	437,319	434,366	263,222	15:59:07	437,319	434,366	263,222	44
zimuzu	340,30	42,217	206,132	15:50:33	44,233	250,145	227,38	27
mimozi	367,14	142,80	418,272	15:56:40	63,106	103,235	393,177	39
zimu	288,255	363,115	201,424	15:48:10	288,255	363,115	201,424	22
momuzu	165,353	21,269	375,230	15:50:02	353,486	174,307	246,11	26
zizi	309,341	144,310	36,277	15:40:45	115,116	55,50	344,379	7
fimozu	149,207	426,247	34,439	15:56:14	341,378	33,112	469,301	38
zimu	426,423	260,418	118,450	15:49:40	195,257	103,93	179,197	25
zizu	89,154	125,240	275,406	15:45:19	159,130	324,455	152,185	16
fumomu	430,321	167,177	252,84	15:41:14	460,453	28,249	484,176	8
momuzu	106,64	466,431	23,193	15:43:21	130,184	375,147	423,368	12
fumuzu	215,192	480,472	474,272	15:53:41	215,192	480,472	474,272	33
zizi	76,347	113,369	99,460	15:43:49	80,361	99,376	316,440	13