dimo	480,204	401,305	451,38	09:23:27	435,270	94,74	279,63
zuki	391,344	151,416	294,374	09:24:12	269,233	475,416	460,456
mamuki	270,294	104,251	304,394	09:25:00	102,327	285,199	153,118
mumufopi	260,248	174,343	312,442	09:25:39	260,248	174,343	312,442
dozo	395,223	347,321	440,150	09:26:03	124,281	172,289	124,256
zupo	309,178	298,163	167,362	09:27:05	416,424	175,204	75,131
mofopo	337,281	153,18	79,266	09:27:48	337,281	153,18	79,266
mofufu	264,291	43,117	98,407	09:28:45	227,268	449,309	97,478
podopu	162,321	22,192	29,45	09:29:25	145,286	26,103	104,112
zupodo	91,60	76,451	133,377	09:30:16	221,66	417,29	218,93
mofopo	252,19	102,121	202,293	09:31:27	485,101	431,411	120,158
modopi	348,18	142,85	261,222	09:32:17	348,18	142,85	261,222
zudi	312,366	307,423	342,213	09:32:41	312,366	307,423	342,213
mozopu	207,55	468,177	93,173	09:33:16	207,55	468,177	93,173
zozipu	220,407	282,381	448,57	09:34:02	51,479	277,410	119,393
modopu	127,233	490,177	321,339	09:34:32	344,431	312,89	468,333
zizu	267,130	366,387	230,15	09:35:00	267,130	366,387	230,15
dozudi	265,51	371,82	464,222	09:35:38	265,51	371,82	464,222
dopomu	408,283	146,55	304,402	09:36:12	284,180	266,261	347,348
zazopu	133,170	126,465	127,59	09:36:45	133,170	126,465	127,59
zupodu	243,67	134,101	413,344	09:37:25	454,165	116,489	458,159
madopi	291,336	119,466	244,123	09:38:21	444,131	295,69	130,263
madodu	447,350	223,20	162,482	09:38:55	441,425	59,262	24,37
zudipi	94,79	274,230	124,87	09:39:37	408,221	160,457	472,173
mopu	141,246	247,257	220,364	09:40:02	198,48	62,188	311,116
zudomo	406,258	162,108	486,478	09:40:38	228,369	21,11	108,134
dudomo	199,300	62,129	239,115	09:41:35	475,58	277,326	483,447
zodi	461,30	449,159	411,277	09:42:06	348,263	93,232	179,250
modo	90,423	62,361	169,336	09:42:35	443,345	272,229	181,265
mopu	304,386	214,314	387,312	09:43:38	304,386	214,314	387,312
modofo	438,465	61,317	300,56	09:44:09	438,465	61,317	300,56
zuzi	452,398	362,227	298,99	09:44:36	452,398	362,227	298,99
zafoda	61,435	452,171	107,417	09:45:25	61,435	452,171	107,417
mazado	374,361	462,147	201,468	09:45:53	374,361	462,147	201,468
modufu	42,406	237,425	223,115	09:46:29	313,231	445,339	436,275
momodu	476,208	333,23	409,454	09:47:01	40,321	332,142	71,144
zupi	143,477	400,464	129,461	09:47:35	143,477	400,464	129,461
midipo	117,133	483,158	488,243	09:48:06	373,435	442,323	407,231
mikafu	322,364	58,125	251,458	09:48:46	322,364	58,125	251,458
muzipu	23,250	183,269	336,364	09:49:28	23,250	183,269	336,364
dozimu	95,62	424,16	22,167	09:49:59	383,41	124,296	297,65
domadi	105,197	355,409	226,51	09:50:34	105,197	355,409	226,51
dodima	177,455	420,305	211,300	09:51:06	177,455	420,305	211,300
dudipa	190,206	390,130	126,19	09:51:41	190,206	390,130	126,19
zudapo	278,130	18,481	486,49	09:52:14	222,21	141,194	27,399
muzado	265,303	366,364	342,44	09:52:53	133,127	421,411	270,205
midopi	405,211	438,59	219,121	09:53:23	405,211	438,59	219,121
zudadi	325,345	76,164	327,400	09:53:56	325,345	76,164	327,400