dozoki	391,41	216,359	395,193	09:46:14	204,23	373,429	366,190	34
dokoma	486,420	466,135	48,26	09:51:56	486,420	466,135	48,26	44
zumi	77,378	218,284	101,337	09:27:32	77,378	218,284	101,337	6
moziki	17,46	151,56	365,187	09:43:53	384,395	52,357	209,389	30
fapodo	451,398	119,210	123,346	09:25:12	451,398	119,210	123,346	3
zuki	480,200	18,58	163,93	09:25:51	187,418	239,313	225,338	4
zizo	115,72	67,147	76,253	09:32:31	292,131	206,103	468,276	12
zafani	23,28	369,459	24,30	09:44:51	23,28	369,459	24,30	32
domimi	154,238	467,70	310,310	09:49:41	399,150	288,289	27,353	40
pakaza	47,391	148,373	38,126	09:23:54	402,51	137,297	109,348	1
mufafi	281,293	134,442	28,68	09:32:59	404,353	236,48	31,179	13
duzomi	196,412	444,339	304,208	09:41:53	196,412	444,339	304,208	27
zofini	14,381	248,59	194,65	09:34:48	14,381	248,59	194,65	16
mikofu	302,153	253,50	22,320	09:48:26	308,325	446,360	196,125	38
zufa	254,421	291,307	450,150	09:31:06	450,370	129,122	480,363	10
fapodi	76,358	489,417	96,438	09:38:35	125,213	356,409	484,58	22
dokomi	94,322	203,172	357,266	09:49:05	327,483	179,181	451,294	39
dimamo	472,215	100,255	419,377	09:50:48	448,73	99,421	18,19	42
fimini	83,486	84,230	32,399	09:53:07	185,93	78,178	241,75	46
midiki	35,425	89,233	175,236	09:44:26	197,258	450,389	152,164	31
domiko	44,216	18,283	221,415	09:39:21	384,133	421,403	61,150	23
mafodo	264,426	482,179	18,329	09:41:18	251,124	295,348	58,204	26
modoko	50,230	454,95	53,165	09:43:26	31,129	166,247	441,128	29
mifozo	67,215	473,407	217,122	09:28:16	360,196	335,421	84,286	7
zifo	428,58	228,125	188,159	09:34:20	239,53	232,25	135,411	15
mizi	27,166	224,232	336,184	09:47:48	351,311	466,227	304,320	37
dakodo	436,397	257,297	167,38	09:35:18	238,58	277,277	487,45	17
diki	237,152	242,200	252,74	09:28:56	237,152	242,200	252,74	8
madoko	348,115	438,274	26,142	09:37:52	369,324	22,471	154,25	21
mafoso	163,62	52,204	431,228	09:42:18	163,62	52,204	431,228	28
daka	361,351	363,67	427,305	09:26:52	361,351	363,67	427,305	5
mafodo	434,46	256,333	263,59	09:40:24	45,264	90,463	367,385	25
zudoko	328,478	105,100	94,196	09:39:49	309,397	125,137	162,201	24
fudomi	43,236	379,412	248,230	09:47:22	408,428	284,66	130,453	36
mizuku	347,119	193,213	98,56	09:37:11	46,411	113,321	13,310	20
doko	437,319	434,366	263,222	09:31:43	372,444	430,380	301,346	11
zufo	340,30	42,217	206,132	09:45:39	144,363	86,208	164,404	33
dafopo	367,14	142,80	418,272	09:50:13	367,14	142,80	418,272	41
zafidi	288,255	363,115	201,424	09:36:29	288,255	363,115	201,424	19
famoni	165,353	21,269	375,230	09:54:10	165,353	21,269	375,230	48
zuzi	309,341	144,310	36,277	09:53:35	309,341	144,310	36,277	47
modofo	149,207	426,247	34,439	09:46:41	149,207	426,247	34,439	35
fadimi	426,423	260,418	118,450	09:35:58	71,255	379,50	468,430	18
duzizo	89,154	125,240	275,406	09:51:23	175,276	440,459	380,326	43
doko	430,321	167,177	252,84	09:24:32	144,420	194,311	223,357	2
mizofifo	106,64	466,431	23,193	09:30:00	229,134	213,370	60,17	9
domiki	215,192	480,472	474,272	09:52:35	405,106	471,457	140,405	45
zofi	76,347	113,369	99,460	09:33:38	222,72	276,93	189,27	14