zudipu	116,103	110,84	119,313	11:23:29	179,346	15,244	20,332
dodimu	158,94	67,483	202,353	11:24:17	112,219	478,92	185,127
dofomu	106,469	369,199	423,248	11:25:04	12,155	372,479	236,67
mopi	387,167	426,231	259,253	11:25:34	331,258	372,387	250,84
mofu	140,445	339,480	74,382	11:26:15	365,29	67,252	128,347
mofufu	153,76	47,35	65,273	11:26:49	72,153	395,129	394,32
zupi	91,170	14,221	231,152	11:27:34	230,85	248,69	101,91
zupi	166,174	130,69	105,138	11:28:15	166,174	130,69	105,138
zufudu	213,482	295,149	223,63	11:29:00	213,482	295,149	223,63
modupu	391,352	18,240	342,81	11:29:50	374,226	258,466	244,106
mofudu	131,485	147,168	29,201	11:30:17	216,467	165,365	390,81
dudpi	278,337	58,306	216,204	11:30:47	343,256	351,147	394,83
dudimo	166,421	181,321	295,80	11:31:26	208,346	490,68	482,394
zupi	391,129	343,198	210,101	11:31:47	398,213	469,295	197,183
duzido	381,435	363,360	239,70	11:32:10	237,387	453,53	411,363
zupo	419,201	261,83	299,184	11:32:38	34,355	488,402	324,447
mopu	300,240	369,472	450,287	11:33:06	105,285	43,459	59,272
modomo	432,363	159,387	134,180	11:33:36	432,363	159,387	134,180
zipu	148,272	164,108	103,201	11:34:12	173,13	140,13	25,100
modomo	423,315	45,250	19,53	11:34:37	199,488	39,87	424,187
dopudi	319,226	148,146	22,205	11:35:06	451,414	108,359	273,329
modi	63,306	109,408	252,381	11:35:28	258,197	124,95	53,171
mofufu	195,275	445,22	411,446	11:35:53	195,275	445,22	411,446
zupodu	221,111	162,59	392,422	11:36:23	428,367	234,298	328,366
dupomu	384,427	77,88	75,287	11:36:50	489,297	411,369	108,206
duzipu	111,13	164,335	300,481	11:37:18	166,107	471,123	396,343
mofufu	125,202	241,482	332,177	11:37:42	125,202	241,482	332,177
madupo	344,202	190,90	239,342	11:38:13	361,168	45,341	281,430
dudimo	347,486	436,94	124,465	11:38:37	65,109	444,99	440,235
didomu	346,336	462,353	240,59	11:39:11	346,336	462,353	240,59
zupido	222,87	30,28	480,77	11:39:33	230,164	437,486	203,346
mozipo	378,189	225,250	52,217	11:40:04	291,16	317,324	464,366
zimapo	412,385	409,111	464,157	11:40:45	276,215	77,102	49,51
zupi	443,321	153,388	404,266	11:41:06	96,449	130,163	60,168
zipido	16,269	225,125	31,312	11:41:32	16,269	225,125	31,312
mofufu	69,152	201,28	484,436	11:41:59	395,222	488,16	67,120
zuki	41,358	375,31	383,68	11:42:19	41,358	375,31	383,68
zupido	425,469	26,64	141,76	11:42:41	425,469	26,64	141,76
mpoi	240,238	360,178	247,456	11:43:05	230,412	304,361	396,325
mofudu	415,292	209,327	323,51	11:43:25	76,217	385,79	298,376
dupi	175,203	277,140	251,452	11:43:50	223,340	420,30	153,317
mofufu	15,23	127,208	436,201	11:44:20	15,23	127,208	436,201
mpoi	200,324	143,436	428,343	11:44:42	89,200	461,354	33,224
zupido	234,177	91,104	345,327	11:45:10	265,103	347,235	447,369
mopi	69,270	129,267	106,441	11:45:33	101,395	42,82	104,57
zuzi	307,271	153,94	400,394	11:46:01	307,271	153,94	400,394
zupi	46,17	477,53	157,25	11:46:25	46,17	477,53	157,25
zuzu	78,338	40,235	112,389	11:46:55	78,338	40,235	112,389