dudimo	391,41	216,359	395,193	11:31:10	32,340	85,208	411,101	12
modopo	486,420	466,135	48,26	11:25:17	297,19	406,469	218,187	3
zuki	77,378	218,284	101,337	11:34:51	248,310	217,325	107,404	20
zidapo	17,46	151,56	365,187	11:40:29	17,46	151,56	365,187	32
dumado	451,398	119,210	123,346	11:45:22	307,436	176,323	490,306	44
zupi	480,200	18,58	163,93	11:39:44	29,188	14,85	141,76	31
zimu	115,72	67,147	76,253	11:34:25	489,291	481,239	465,239	19
zuzi	23,28	369,459	24,30	11:43:37	23,28	369,459	24,30	40
modofu	154,238	467,70	310,310	11:42:52	26,361	69,167	450,351	38
dodumi	47,391	148,373	38,126	11:41:45	395,238	316,48	165,402	35
mazimo	281,293	134,442	28,68	11:37:58	284,206	145,385	360,278	27
modofo	196,412	444,339	304,208	11:39:21	196,412	444,339	304,208	30
zuki	14,381	248,59	194,65	11:30:03	195,456	27,77	192,376	10
dudimo	302,153	253,50	22,320	11:28:38	302,153	253,50	22,320	8
mopo	254,421	291,307	450,150	11:33:22	426,276	161,251	326,173	17
didomo	76,358	489,417	96,438	11:38:25	76,358	489,417	96,438	28
modofo	94,322	203,172	357,266	11:41:20	483,421	108,268	103,322	34
modofo	472,215	100,255	419,377	11:37:00	138,278	265,22	469,390	25
zopu	83,486	84,230	32,399	11:30:28	447,412	364,335	145,85	11
dodimu	35,425	89,233	175,236	11:36:05	342,19	66,443	72,260	23
didomu	44,216	18,283	221,415	11:33:57	429,50	88,288	197,125	18
mudofu	264,426	482,179	18,329	11:31:58	415,264	467,45	92,324	14
zimodo	50,230	454,95	53,165	11:38:57	50,230	454,95	53,165	29
dodimo	67,215	473,407	217,122	11:26:33	135,98	333,403	224,473	5
zuki	428,58	228,125	188,159	11:42:08	428,58	228,125	188,159	36
mofufu	27,166	224,232	336,184	11:37:29	254,20	367,462	471,82	26
modipi	436,397	257,297	167,38	11:35:41	113,197	371,240	234,60	22
zupi	237,152	242,200	252,74	11:24:35	45,379	103,322	384,233	2
modopo	348,115	438,274	26,142	11:42:31	294,261	414,466	84,395	37
mafufu	163,62	52,204	431,228	11:27:16	351,144	51,462	425,394	6
mufodo	361,351	363,67	427,305	11:35:18	367,457	486,357	299,14	21
mupodo	434,46	256,333	263,59	11:23:58	432,196	183,220	408,450	1
zupodp	328,478	105,100	94,196	11:36:35	325,411	121,52	246,217	24
mofufu	43,236	379,412	248,230	11:29:31	419,195	151,95	289,444	9
mazomo	347,119	193,213	98,56	11:27:53	338,440	153,379	411,87	7
zupodo	437,319	434,366	263,222	11:47:14	352,295	346,255	157,407	48
zupi	340,30	42,217	206,132	11:44:30	28,487	477,292	462,308	42
mofufu	367,14	142,80	418,272	11:40:56	367,14	142,80	418,272	33
zuki	288,255	363,115	201,424	11:25:49	299,20	461,169	234,38	4
mofufu	165,353	21,269	375,230	11:46:13	25,71	390,12	353,361	46
zipo	309,341	144,310	36,277	11:32:53	71,359	88,448	147,267	16
mufofo	149,207	426,247	34,439	11:45:50	63,31	114,112	72,334	45
zoku	426,423	260,418	118,450	11:43:15	233,108	445,400	311,184	39
zupi	89,154	125,240	275,406	11:44:07	451,112	349,148	32,220	41
dudimo	430,321	167,177	252,84	11:32:27	168,409	241,184	248,99	15
moadpo	106,64	466,431	23,193	11:44:58	440,100	394,318	65,271	43
midapo	215,192	480,472	474,272	11:46:43	429,264	89,171	464,444	47
zupo	76,347	113,369	99,460	11:31:36	76,347	113,369	99,460	13