zuzi	388,221	150,470	241,394	11:21:02	388,221	150,470	241,394
mudipo	372,26	122,227	271,268	11:21:53	293,78	48,326	324,271
mozu	144,396	282,321	391,81	11:22:25	282,413	74,380	331,315
mozudu	436,301	49,25	186,84	11:23:00	418,118	213,403	255,55
mofufu	305,104	59,376	250,409	11:23:43	438,169	219,69	386,479
mozudu	279,177	37,482	90,282	11:24:25	24,308	190,296	469,471
zupo	46,294	365,357	146,339	11:25:00	46,294	365,357	146,339
dopumu	458,57	56,330	118,107	11:25:37	484,424	164,277	341,47
muzido	88,185	487,350	477,471	11:26:21	468,54	43,405	23,337
zupo	364,292	84,412	177,324	11:26:54	386,485	446,419	400,459
mofufu	331,446	11,357	437,90	11:27:34	331,446	11,357	437,90
puzi	149,472	373,24	339,29	11:28:41	97,321	57,276	126,36
mudopi	352,307	75,397	147,183	11:29:32	352,307	75,397	147,183
puzi	172,382	368,172	101,418	11:30:15	172,382	368,172	101,418
mofufu	470,50	74,117	45,475	11:30:52	470,50	74,117	45,475
mozizu	360,65	163,274	48,300	11:31:55	440,402	456,38	402,286
mozi	480,38	252,384	356,117	11:32:29	334,457	74,299	485,465
zizu	361,312	351,405	317,260	11:33:02	361,312	351,405	317,260
mudopi	439,479	152,317	160,243	11:33:31	111,77	304,437	262,98
zipu	244,140	282,307	246,316	11:33:59	244,140	282,307	246,316
zimu	291,115	371,443	379,409	11:34:41	326,309	66,394	76,366
zuzi	253,368	437,14	262,302	11:35:16	150,186	152,119	100,189
pozupu	120,132	124,461	47,430	11:35:59	120,132	124,461	47,430
mupudo	241,350	226,114	44,463	11:36:50	241,350	226,114	44,463
zidu	169,18	292,342	376,411	11:37:30	169,18	292,342	376,411
mofudu	61,185	77,448	426,365	11:38:13	61,185	77,448	426,365
puzizi	154,332	433,31	283,172	11:38:52	154,332	433,31	283,172
zipomo	193,103	105,35	311,337	11:39:23	478,363	121,139	245,171
dupomo	433,332	210,192	446,14	11:40:18	271,215	106,381	344,340
pomufu	157,110	444,484	444,151	11:41:00	280,50	239,358	404,178
muzupo	465,384	275,345	281,246	11:41:54	35,320	468,130	344,288
mofufu	480,294	416,50	119,448	11:42:31	480,294	416,50	119,448
puzi	122,324	39,350	211,207	11:43:04	159,393	260,285	184,478
muzupo	483,398	36,42	369,197	11:43:38	483,398	36,42	369,197
mopo	339,159	237,88	26,151	11:44:17	93,349	293,392	290,194
zufupo	255,480	44,39	335,314	11:45:01	320,453	55,45	140,224
modupu	479,120	345,43	155,474	11:45:49	383,328	169,408	359,47
modi	338,343	360,446	54,234	11:46:33	175,370	271,397	277,409
pozi	182,201	220,231	377,65	11:47:21	384,56	249,423	242,462
mofudi	482,270	383,160	188,252	11:48:02	220,378	394,127	203,174
zupi	197,292	450,382	143,244	11:48:50	450,407	274,467	344,418
mufupo	411,385	75,466	242,191	11:49:29	202,344	106,95	13,283
puzi	331,327	167,351	447,275	11:50:09	331,327	167,351	447,275
modupi	276,93	382,365	62,19	11:50:51	489,418	490,65	158,17
puzumo	118,21	416,382	477,270	11:51:27	118,21	416,382	477,270
mofudo	309,288	61,394	27,75	11:52:18	309,288	61,394	27,75
puzimo	43,427	449,107	403,200	11:52:59	43,427	449,107	403,200
zudopu	287,243	37,444	104,473	11:54:04	287,243	37,444	104,473