dupizu	391,41	216,359	395,193	11:49:53	391,41	216,359	395,193	42
mofuzi	486,420	466,135	48,26	11:31:22	344,275	342,88	135,357	15
zipo	77,378	218,284	101,337	11:44:29	257,90	460,111	339,74	35
zudi	17,46	151,56	365,187	11:25:20	17,46	151,56	365,187	7
mopodi	451,398	119,210	123,346	11:46:13	451,398	119,210	123,346	37
zipi	480,200	18,58	163,93	11:51:47	480,200	18,58	163,93	45
zodo	115,72	67,147	76,253	11:48:28	375,25	475,91	343,137	40
zuzi	23,28	369,459	24,30	11:22:04	23,28	369,459	24,30	2
dopimu	154,238	467,70	310,310	11:47:44	154,238	467,70	310,310	39
dufomu	47,391	148,373	38,126	11:37:47	93,189	397,138	299,324	25
modipu	281,293	134,442	28,68	11:29:07	84,129	395,300	307,43	12
zupido	196,412	444,339	304,208	11:36:18	232,291	151,372	60,232	23
zudi	14,381	248,59	194,65	11:37:10	14,381	248,59	194,65	24
mufodu	302,153	253,50	22,320	11:30:40	302,153	253,50	22,320	14
zimo	254,421	291,307	450,150	11:43:19	254,421	291,307	450,150	33
modupu	76,358	489,417	96,438	11:21:25	349,427	244,120	20,52	1
dofomo	94,322	203,172	357,266	11:41:27	432,462	375,58	140,429	30
domipo	472,215	100,255	419,377	11:42:18	452,116	233,398	149,192	31
mozu	83,486	84,230	32,399	11:29:55	265,19	124,421	163,171	13
mopi	35,425	89,233	175,236	11:42:48	370,357	236,281	354,392	32
modu	44,216	18,283	221,415	11:27:25	450,437	128,100	242,365	10
mofudu	264,426	482,179	18,329	11:39:05	264,426	482,179	18,329	27
mofuzi	50,230	454,95	53,165	11:40:37	198,474	437,43	449,131	29
mofudu	67,215	473,407	217,122	11:33:43	67,215	473,407	217,122	19
zipu	428,58	228,125	188,159	11:46:53	380,244	236,244	384,216	38
zimapo	27,166	224,232	336,184	11:51:06	27,166	224,232	336,184	44
zipomo	436,397	257,297	167,38	11:26:38	432,135	141,296	248,293	9
zipo	237,152	242,200	252,74	11:38:22	237,152	242,200	252,74	26
domopu	348,115	438,274	26,142	11:54:24	110,206	186,379	144,373	48
zifudu	163,62	52,204	431,228	11:25:55	281,331	241,489	389,137	8
mozido	361,351	363,67	427,305	11:34:58	385,475	130,149	416,282	21
mozudu	434,46	256,333	263,59	11:24:05	328,78	358,397	455,363	5
modizu	328,478	105,100	94,196	11:32:47	108,333	438,95	190,428	17
modifu	43,236	379,412	248,230	11:50:26	288,191	458,362	476,58	43
dopifu	347,119	193,213	98,56	11:53:33	32,64	144,296	377,326	47
zupi	437,319	434,366	263,222	11:23:24	58,181	80,388	16,266	4
zofu	340,30	42,217	206,132	11:39:54	164,189	387,473	180,169	28
dupomu	367,14	142,80	418,272	11:24:43	276,63	21,92	419,365	6
zuzi	288,255	363,115	201,424	11:33:16	317,159	360,82	324,291	18
modufu	165,353	21,269	375,230	11:43:53	490,175	333,20	155,481	34
zipu	309,341	144,310	36,277	11:45:22	309,341	144,310	36,277	36
mofudu	149,207	426,247	34,439	11:35:29	364,50	115,408	395,314	22
zipo	426,423	260,418	118,450	11:32:17	174,107	256,175	422,161	16
zodi	89,154	125,240	275,406	11:22:40	89,154	125,240	275,406	3
modipo	430,321	167,177	252,84	11:34:15	276,282	254,431	163,95	20
difuzu	106,64	466,431	23,193	11:28:03	106,64	466,431	23,193	11
mpoi	215,192	480,472	474,272	11:49:05	233,312	158,298	239,63	41
zodi	76,347	113,369	99,460	11:52:39	111,121	187,42	247,123	46