zizu	364,251	156,38	447,273	15:22:13	364,251	156,38	447,273
mufofu	171,26	80,268	356,429	15:23:07	171,26	80,268	356,429
zupomu	71,335	112,465	473,93	15:24:07	71,335	112,465	473,93
zizu	402,210	366,212	69,372	15:24:45	402,210	366,212	69,372
mozizu	289,168	87,464	57,220	15:25:46	172,31	395,82	24,404
zipo	347,248	375,283	93,335	15:26:26	347,248	375,283	93,335
pozi	106,254	351,176	31,216	15:27:06	419,483	185,324	74,199
zuzi	114,92	60,216	67,43	15:28:00	105,186	212,181	123,204
muzo	298,458	242,174	180,300	15:28:46	61,129	201,236	442,264
zupomu	55,458	458,132	432,24	15:29:32	382,441	276,133	36,144
mofumo	341,289	262,226	81,344	15:30:26	341,289	262,226	81,344
zupomu	70,177	108,411	342,128	15:31:14	363,482	480,149	124,25
mozi	136,446	210,186	172,266	15:31:59	403,264	304,105	472,248
zizu	218,460	234,450	143,403	15:32:26	109,410	306,117	134,353
mofufo	259,188	370,226	309,311	15:33:01	149,489	39,96	338,275
zimu	240,160	110,11	375,181	15:33:43	195,152	446,11	259,89
zi	345,435	347,442	355,199	15:34:21	345,435	347,442	355,199
mopudu	80,481	154,280	176,316	15:34:53	374,428	35,330	428,283
mofufu	55,384	285,278	343,417	15:35:27	55,384	285,278	343,417
zimu	191,112	115,70	327,413	15:35:59	199,256	332,329	53,105
zizi	371,77	83,470	77,447	15:36:28	371,77	83,470	77,447
mofumo	160,412	391,17	363,256	15:36:59	450,208	191,216	431,52
mizu	205,433	246,349	222,412	15:37:33	205,433	246,349	222,412
zizu	174,267	305,448	55,158	15:37:57	174,267	305,448	55,158
mofumo	375,235	259,479	295,96	15:38:26	310,46	43,28	190,460
zupomu	402,176	162,474	155,229	15:39:16	103,54	26,353	376,156
mozumo	431,305	150,332	312,23	15:39:40	472,185	235,118	68,453
zupomu	98,26	446,333	364,178	15:40:27	243,149	79,437	122,86
modupi	255,47	434,70	485,479	15:41:16	247,439	58,199	397,61
zizu	217,369	224,465	358,28	15:41:40	234,428	327,246	383,66
mozu	70,269	193,221	253,338	15:42:10	241,405	13,288	114,399
mofumo	439,194	153,98	36,454	15:43:15	439,194	153,98	36,454
mofumu	111,123	469,66	446,343	15:44:18	403,129	334,417	81,281
mozu	233,210	379,177	269,373	15:44:43	417,22	404,66	281,58
zizu	165,475	252,378	450,119	15:45:09	213,297	281,56	223,352
mofu	396,29	378,99	240,141	15:45:38	220,409	277,403	301,156
mozu	426,189	324,89	277,349	15:46:00	426,189	324,89	277,349
modumu	52,377	461,31	432,417	15:46:55	52,377	461,31	432,417
mofumo	363,174	136,251	341,395	15:47:35	363,174	136,251	341,395
zizi	134,15	380,375	383,339	15:48:05	294,88	143,454	265,180
mufumo	483,288	358,370	376,107	15:48:37	74,280	331,249	162,485
mudomu	21,312	285,334	390,71	15:49:15	154,262	388,252	320,95
mudomu	193,432	437,164	452,379	15:49:45	193,432	437,164	452,379
zizi	90,324	63,216	85,393	15:50:12	90,324	63,216	85,393
zufumu	120,208	397,489	92,290	15:50:43	120,208	397,489	92,290
mufumo	338,85	88,205	445,454	15:51:17	338,85	88,205	445,454
zizu	302,455	275,96	299,175	15:51:48	302,455	275,96	299,175
zufumo	157,481	116,104	155,77	15:52:27	86,272	107,216	439,198