mozizi	391,41	216,359	395,193	15:35:43	325,53	129,93	433,314	19
modopi	486,420	466,135	48,26	15:41:02	235,396	75,360	131,101	28
zipo	77,378	218,284	101,337	15:44:30	77,378	218,284	101,337	33
zipo	17,46	151,56	365,187	15:29:45	436,362	286,239	314,377	10
mozipu	451,398	119,210	123,346	15:39:30	27,465	459,342	68,109	26
zizu	480,200	18,58	163,93	15:44:59	145,310	203,121	66,489	34
mozi	115,72	67,147	76,253	15:31:44	436,320	52,474	238,323	12
zi	23,28	369,459	24,30	15:33:18	23,28	369,459	24,30	15
mudomo	154,238	467,70	310,310	15:49:33	363,185	423,388	85,216	42
mozu	47,391	148,373	38,126	15:43:32	47,391	148,373	38,126	32
mozupo	281,293	134,442	28,68	15:45:24	95,414	81,112	248,434	35
mozumo	196,412	444,339	304,208	15:40:05	139,79	275,251	113,397	27
zipo	14,381	248,59	194,65	15:38:13	14,381	248,59	194,65	24
modipo	302,153	253,50	22,320	15:38:45	203,86	63,40	125,404	25
zipo	254,421	291,307	450,150	15:41:28	254,421	291,307	450,150	29
mopodu	76,358	489,417	96,438	15:36:42	304,349	452,146	392,378	21
muzupo	94,322	203,172	357,266	15:47:18	266,46	326,351	215,285	38
mofudu	472,215	100,255	419,377	15:24:25	22,416	223,393	20,99	3
pozi	83,486	84,230	32,399	15:30:57	281,197	48,409	281,240	11
zipodo	35,425	89,233	175,236	15:48:20	459,140	35,391	283,175	40
zupo	44,216	18,283	221,415	15:28:27	44,216	18,283	221,415	8
mofufu	264,426	482,179	18,329	15:52:55	264,185	451,180	323,384	48
zipodu	50,230	454,95	53,165	15:27:28	484,91	125,384	21,344	7
zipudu	67,215	473,407	217,122	15:42:38	67,215	473,407	217,122	31
pozi	428,58	228,125	188,159	15:45:49	389,313	399,101	423,455	36
modo	27,166	224,232	336,184	15:23:42	432,170	290,98	197,247	2
mofudo	436,397	257,297	167,38	15:32:43	107,70	311,122	359,458	14
zipu	237,152	242,200	252,74	15:48:59	320,447	228,74	330,414	41
mopodu	348,115	438,274	26,142	15:35:16	26,248	398,121	155,302	18
modopo	163,62	52,204	431,228	15:47:53	163,62	52,204	431,228	39
zupomo	361,351	363,67	427,305	15:29:09	328,208	294,442	101,305	9
modupi	434,46	256,333	263,59	15:41:56	262,480	400,425	242,140	30
zipo	328,478	105,100	94,196	15:26:01	452,458	390,421	230,269	5
mopidu	43,236	379,412	248,230	15:51:38	253,90	463,220	124,450	46
mofudu	347,119	193,213	98,56	15:25:04	347,119	193,213	98,56	4
zupo	437,319	434,366	263,222	15:50:29	437,319	434,366	263,222	44
zupo	340,30	42,217	206,132	15:32:12	340,30	42,217	206,132	13
mofudu	367,14	142,80	418,272	15:52:08	333,250	183,121	198,246	47
zizi	288,255	363,115	201,424	15:36:15	101,285	64,310	319,15	20
mofudo	165,353	21,269	375,230	15:22:36	165,353	21,269	375,230	1
zipu	309,341	144,310	36,277	15:51:04	118,126	82,174	416,334	45
mozudo	149,207	426,247	34,439	15:46:15	203,404	210,112	14,143	37
zipo	426,423	260,418	118,450	15:50:03	73,489	90,427	49,226	43
puzi	89,154	125,240	275,406	15:34:11	486,90	426,132	196,490	16
pozizu	430,321	167,177	252,84	15:26:54	24,364	344,176	17,110	6
mofodu	106,64	466,431	23,193	15:37:47	343,108	282,371	387,181	23
podimo	215,192	480,472	474,272	15:37:17	59,124	447,23	114,442	22
mupodo	76,347	113,369	99,460	15:34:36	61,455	327,50	352,346	17