mozumo	13,429	403,265	260,443	09:22:31	54,12	445,145	324,375
zimu	467,477	490,184	442,118	09:23:19	467,477	490,184	442,118
zi	132,388	65,378	482,430	09:23:57	132,388	65,378	482,430
mozumu	168,198	60,342	459,39	09:24:32	128,368	36,103	14,422
mozumu	157,330	383,123	233,46	09:25:15	280,391	58,440	302,204
zuzi	91,489	82,406	350,286	09:25:54	91,489	82,406	350,286
mozumo	200,326	272,200	19,224	09:27:02	127,55	199,312	398,393
mofufu	308,141	121,362	28,113	09:27:56	487,81	108,461	153,281
mofumu	301,185	300,351	37,269	09:28:42	301,185	300,351	37,269
mofu	380,184	108,272	297,331	09:29:37	380,184	108,272	297,331
zizi	308,377	329,379	292,188	09:30:26	308,377	329,379	292,188
zumofu	174,482	24,436	192,32	09:31:10	174,482	24,436	192,32
zuzumo	169,489	162,280	360,180	09:31:58	322,453	14,413	369,286
zi	383,171	355,193	31,382	09:32:25	383,171	355,193	31,382
zumofu	451,400	76,68	182,362	09:33:06	451,400	76,68	182,362
mofufu	388,479	248,227	367,50	09:33:41	388,479	248,227	367,50
mofomu	405,51	42,418	477,224	09:34:19	477,149	392,328	23,238
muzu	409,97	164,30	421,26	09:34:53	69,86	191,148	342,362
mozuzu	222,408	164,124	245,176	09:35:36	281,318	253,146	20,273
mofuzi	351,277	16,62	172,298	09:36:21	432,89	54,67	213,459
mizu	354,83	333,117	385,421	09:36:55	371,55	85,223	256,227
mizu	382,294	207,333	280,232	09:37:22	460,125	258,112	100,214
zi	147,198	318,301	217,248	09:37:42	147,198	318,301	217,248
mofumo	120,421	472,311	267,13	09:38:19	477,266	313,294	267,467
zizu	58,428	333,111	252,234	09:38:42	220,315	117,416	158,387
mofu	125,228	459,127	326,221	09:39:19	125,228	459,127	326,221
mozumu	209,93	344,336	415,199	09:40:24	209,93	344,336	415,199
zumu	228,473	475,127	325,461	09:41:00	65,125	173,469	474,103
muzi	304,434	392,286	255,168	09:41:45	479,112	134,192	84,326
zuzu	288,302	106,131	403,347	09:42:10	288,302	106,131	403,347
mufozu	354,37	84,322	153,399	09:42:56	308,61	78,12	249,384
zuzumi	53,352	481,386	197,406	09:43:44	97,255	371,287	59,57
zumuzo	94,415	388,79	51,222	09:44:17	289,40	288,357	42,46
zi	49,345	165,430	140,409	09:44:38	49,345	165,430	140,409
momu	108,418	221,203	58,133	09:45:11	152,440	353,99	164,275
zumo	59,402	160,133	234,302	09:45:43	378,396	446,222	482,369
zumo	41,276	163,32	172,350	09:46:11	41,276	163,32	172,350
zimu	427,255	274,325	323,315	09:46:34	427,255	274,325	323,315
zumo	56,362	170,211	301,300	09:47:06	393,61	455,232	274,429
mozu	130,399	227,341	111,275	09:47:38	230,26	76,313	325,229
mofomu	464,159	186,133	282,409	09:48:09	471,323	76,488	345,147
mizu	424,312	195,97	334,356	09:48:40	458,164	471,111	328,175
mofomu	436,271	121,220	105,434	09:49:24	436,271	121,220	105,434
mofuzu	45,151	305,204	352,116	09:49:51	469,212	115,99	377,402
mofozu	13,471	24,230	322,125	09:50:17	81,149	316,115	120,403
mofuzi	14,295	274,190	417,65	09:50:53	64,18	430,190	162,216
mofuzu	109,351	367,293	437,210	09:51:21	131,222	173,57	490,412
mozu	158,383	471,269	113,86	09:51:47	158,383	471,269	113,86