mofu	391,41	216,359	395,193	09:49:02	270,279	137,78	15,288	42
zumofu	486,420	466,135	48,26	09:24:58	147,299	171,70	204,277	4
zizu	77,378	218,284	101,337	09:40:39	77,378	218,284	101,337	27
mufu	17,46	151,56	365,187	09:47:20	301,28	243,373	172,162	39
muzi	451,398	119,210	123,346	09:26:22	368,123	366,182	12,15	6
zi	480,200	18,58	163,93	09:28:26	480,200	18,58	163,93	8
zizu	115,72	67,147	76,253	09:50:06	310,341	310,251	256,425	44
zi	23,28	369,459	24,30	09:37:30	23,28	369,459	24,30	22
mofofu	154,238	467,70	310,310	09:49:38	442,224	325,391	166,115	43
mofufu	47,391	148,373	38,126	09:35:19	180,87	344,176	185,488	18
mofumu	281,293	134,442	28,68	09:25:32	281,293	134,442	28,68	5
mozumo	196,412	444,339	304,208	09:30:04	170,368	490,45	59,12	10
mizu	14,381	248,59	194,65	09:47:54	14,381	248,59	194,65	40
mofu	302,153	253,50	22,320	09:44:52	39,109	253,54	148,463	34
zimu	254,421	291,307	450,150	09:51:59	326,141	326,366	291,203	48
mizu	76,358	489,417	96,438	09:51:33	172,99	287,173	225,36	47
mofumo	94,322	203,172	357,266	09:51:07	269,366	50,160	368,230	46
zumofu	472,215	100,255	419,377	09:43:57	150,19	20,379	220,438	32
zuzi	83,486	84,230	32,399	09:41:17	83,486	84,230	32,399	28
mofufu	35,425	89,233	175,236	09:33:27	378,327	244,378	31,189	15
mofu	44,216	18,283	221,415	09:29:11	44,216	18,283	221,415	9
zumofu	264,426	482,179	18,329	09:43:07	335,463	18,267	342,34	31
mizu	50,230	454,95	53,165	09:30:49	39,39	147,408	156,364	11
mofumo	67,215	473,407	217,122	09:37:57	67,215	473,407	217,122	23
zimu	428,58	228,125	188,159	09:45:23	428,58	228,125	188,159	35
mofu	27,166	224,232	336,184	09:38:58	24,196	310,192	133,487	25
mofozu	436,397	257,297	167,38	09:50:33	436,397	257,297	167,38	45
zizu	237,152	242,200	252,74	09:46:50	466,332	477,377	18,488	38
mofomu	348,115	438,274	26,142	09:35:56	348,115	438,274	26,142	19
mofumo	163,62	52,204	431,228	09:41:56	345,79	422,369	26,221	29
mizo	361,351	363,67	427,305	09:32:45	60,425	164,441	376,37	14
mofumu	434,46	256,333	263,59	09:48:23	311,71	418,298	48,144	41
mofofu	328,478	105,100	94,196	09:27:24	324,322	27,442	337,57	7
mofufu	43,236	379,412	248,230	09:44:28	174,57	99,482	428,257	33
muzi	347,119	193,213	98,56	09:39:58	333,345	143,109	212,31	26
zizu	437,319	434,366	263,222	09:22:53	437,319	434,366	263,222	1
zizi	340,30	42,217	206,132	09:37:08	340,30	42,217	206,132	21
mofuzu	367,14	142,80	418,272	09:34:35	55,453	158,116	312,279	17
zi	288,255	363,115	201,424	09:32:12	288,255	363,115	201,424	13
zimu	165,353	21,269	375,230	09:36:38	384,115	189,477	80,480	20
zizi	309,341	144,310	36,277	09:24:14	309,341	144,310	36,277	3
mofofu	149,207	426,247	34,439	09:31:32	106,316	429,105	350,477	12
zizi	426,423	260,418	118,450	09:45:53	76,100	136,375	102,250	36
zimu	89,154	125,240	275,406	09:38:32	138,250	35,437	289,18	24
zimu	430,321	167,177	252,84	09:34:00	188,406	260,434	66,267	16
mofumo	106,64	466,431	23,193	09:23:46	245,249	91,374	418,418	2
zufumo	215,192	480,472	474,272	09:42:27	484,161	486,416	79,25	30
zimu	76,347	113,369	99,460	09:46:22	75,306	31,71	34,452	37