zizu	65,301	454,395	167,284	13:50:14	296,71	96,98	170,80
mofumo	293,45	318,333	26,166	13:50:59	293,45	318,333	26,166
zuzi	433,57	328,234	308,336	13:51:58	433,57	328,234	308,336
mofuzo	296,456	489,49	273,334	13:52:42	310,474	162,104	406,322
zumo	334,455	189,415	255,165	13:53:22	440,175	477,202	40,74
mozi	356,169	431,48	372,13	13:54:26	356,169	431,48	372,13
zumi	297,174	48,124	17,63	13:55:02	297,174	48,124	17,63
mozu	280,440	110,117	183,407	13:55:41	475,26	78,332	299,218
zizi	443,469	372,442	27,155	13:56:09	443,469	372,442	27,155
zi	286,351	119,465	275,364	13:56:40	286,351	119,465	275,364
fomimo	140,140	43,80	177,404	13:57:23	174,252	20,363	267,50
zizi	83,464	88,120	97,95	13:57:56	83,464	88,120	97,95
mozumo	173,367	44,272	473,217	13:58:32	173,367	44,272	473,217
momofu	189,426	195,70	377,212	13:58:53	66,13	288,354	487,31
zimofu	215,173	72,323	147,336	13:59:26	359,456	489,42	310,466
mofu	197,276	466,229	346,152	13:59:56	197,276	466,229	346,152
zumi	142,418	126,219	48,213	14:00:25	450,394	443,448	425,262
zizu	304,210	89,337	471,72	14:00:51	174,401	205,11	218,97
mofu	64,169	487,249	229,374	14:01:22	387,473	336,261	44,199
zuzi	450,433	56,32	266,193	14:01:57	206,342	67,56	206,356
mozu	357,452	459,332	190,314	14:02:25	152,200	24,147	358,186
fuzumo	474,322	242,110	51,279	14:02:57	403,346	159,17	422,328
zumo	312,344	478,390	191,459	14:03:24	163,268	212,449	221,251
zumo	451,245	138,447	483,356	14:03:53	248,75	226,409	152,411
mozifu	331,443	299,377	464,75	14:04:21	292,64	449,174	44,268
mozu	79,331	36,48	173,216	14:05:05	301,93	164,406	273,195
zimo	351,157	47,103	256,88	14:05:51	315,436	452,290	419,203
mofuzu	371,77	421,359	457,122	14:06:28	371,77	421,359	457,122
mizi	327,417	356,454	374,349	14:07:04	82,106	100,302	151,424
fuzimo	320,214	302,129	101,275	14:07:47	68,72	475,448	330,378
mozi	193,170	116,219	207,279	14:08:16	193,170	116,219	207,279
fomomo	424,68	425,461	160,191	14:08:39	424,68	425,461	160,191
momofu	59,41	257,470	389,223	14:09:16	394,259	323,453	84,195
zuzumi	101,226	150,446	190,33	14:09:46	13,308	75,352	361,395
zizi	305,20	237,116	138,327	14:10:10	389,412	292,221	374,365
mofuzo	381,321	487,486	49,203	14:10:42	29,452	352,49	79,278
mofu	274,463	261,209	434,410	14:11:06	296,419	100,277	245,25
zimo	389,482	441,156	461,339	14:11:38	329,475	269,285	277,434
momofu	369,71	75,28	27,254	14:12:07	12,285	209,101	71,444
mimofu	51,321	263,278	427,390	14:12:40	411,127	101,190	402,367
mozu	115,317	220,111	313,259	14:13:01	116,203	54,278	128,271
zimi	304,97	231,74	295,174	14:13:21	304,97	231,74	295,174
zumofu	473,194	166,423	339,136	14:13:57	473,194	166,423	339,136
mizimi	272,218	197,336	235,213	14:14:26	410,55	464,68	489,423
mimizu	99,276	44,352	63,461	14:14:53	124,230	180,247	47,449
zizu	252,168	287,462	268,110	14:15:18	252,168	287,462	268,110
zumo	230,81	196,451	144,481	14:15:49	230,81	196,451	144,481
mizi	134,127	184,289	60,33	14:16:16	134,127	184,289	60,33