momufo	391,41	216,359	395,193	14:08:00	391,41	216,359	395,193	30
mooomuzo	486,420	466,135	48,26	13:51:41	486,420	466,135	48,26	2
zimu	77,378	218,284	101,337	14:15:29	77,378	218,284	101,337	46
zumofi	17,46	151,56	365,187	14:05:20	21,46	426,325	344,299	26
mozufo	451,398	119,210	123,346	14:06:42	285,80	418,18	21,405	28
zizu	480,200	18,58	163,93	14:13:10	480,200	18,58	163,93	41
mozi	115,72	67,147	76,253	14:01:02	123,424	36,334	263,456	18
ziiii	23,28	369,459	24,30	14:08:25	23,28	369,459	24,30	31
momo	154,238	467,70	310,310	14:09:59	154,238	467,70	310,310	34
mozufuuu	47,391	148,373	38,126	14:14:41	55,15	118,82	72,396	44
mufo	281,293	134,442	28,68	14:01:46	28,410	71,165	345,120	19
momofu	196,412	444,339	304,208	13:59:05	60,215	244,102	329,370	14
zumo	14,381	248,59	194,65	14:00:41	70,352	274,237	420,185	17
muzofu	302,153	253,50	22,320	13:53:04	302,153	253,50	22,320	4
mozufi	254,421	291,307	450,150	14:04:38	208,207	471,440	350,163	25
zumi	76,358	489,417	96,438	13:54:39	192,462	415,144	228,367	6
mimomo	94,322	203,172	357,266	13:57:38	424,385	364,404	472,334	11
momofu	472,215	100,255	419,377	14:10:23	360,49	468,314	154,388	35
zufomu	83,486	84,230	32,399	14:09:30	273,13	370,186	485,205	33
mozifu	35,425	89,233	175,236	13:59:43	414,118	466,27	51,210	15
momozu	44,216	18,283	221,415	14:11:50	95,242	56,373	386,82	38
mofuzu	264,426	482,179	18,329	13:50:36	264,426	482,179	18,329	1
mizu	50,230	454,95	53,165	14:12:24	37,75	20,83	438,395	39
mimofu	67,215	473,407	217,122	13:57:00	67,215	473,407	217,122	10
zymi	428,58	228,125	188,159	14:12:50	428,58	228,125	188,159	40
zumooo	27,166	224,232	336,184	14:11:24	64,151	246,239	426,312	37
mozifo	436,397	257,297	167,38	14:04:07	203,94	471,37	286,58	24
zimu	237,152	242,200	252,74	14:03:12	110,73	321,127	375,162	22
mofu	348,115	438,274	26,142	14:06:04	145,470	26,372	420,236	27
momofu	163,62	52,204	431,228	13:55:56	163,62	52,204	431,228	8
zumiiimo	361,351	363,67	427,305	14:13:39	424,169	58,354	43,396	42
mofuzi	434,46	256,333	263,59	14:02:42	447,300	225,129	103,99	21
muzi	328,478	105,100	94,196	14:16:02	328,478	105,100	94,196	47
momofu	43,236	379,412	248,230	14:10:55	43,236	379,412	248,230	36
mozumo	347,119	193,213	98,56	14:14:10	182,431	303,162	460,283	43
zimo	437,319	434,366	263,222	13:55:19	437,319	434,366	263,222	7
zimu	340,30	42,217	206,132	14:00:06	73,480	193,216	212,306	16
momufu	367,14	142,80	418,272	13:58:12	390,54	200,136	418,454	12
zi	288,255	363,115	201,424	14:02:09	361,328	456,371	192,254	20
muzofo	165,353	21,269	375,230	13:54:09	252,388	271,50	333,490	5
zizi	309,341	144,310	36,277	13:58:41	309,341	144,310	36,277	13
momifo	149,207	426,247	34,439	13:56:30	328,113	153,223	123,99	9
mozii	426,423	260,418	118,450	14:16:28	426,423	260,418	118,450	48
zuziii	89,154	125,240	275,406	13:52:11	89,154	125,240	275,406	3
fumomu	430,321	167,177	252,84	14:08:53	89,296	446,102	482,393	32
momuzi	106,64	466,431	23,193	14:15:08	296,233	366,53	34,59	45
mumufu	215,192	480,472	474,272	14:07:18	270,411	148,110	448,265	29
zuzu	76,347	113,369	99,460	14:03:35	76,347	113,369	99,460	23