momozi	238,77	129,88	110,459	10:00:37	490,463	201,307	204,186
zimu	163,186	70,134	472,131	10:01:15	355,214	404,473	292,24
mofu	56,51	72,213	355,50	10:01:52	56,51	72,213	355,50
mofumo	456,169	457,69	120,61	10:02:43	49,197	412,103	22,53
momo	439,155	217,210	392,385	10:03:18	439,155	217,210	392,385
zumi	378,237	33,110	77,62	10:03:55	212,228	215,282	336,236
mimi	223,229	238,282	353,220	10:04:27	223,229	238,282	353,220
mozumi	403,398	260,464	121,125	10:05:02	412,400	85,401	402,33
zumofu	24,87	283,470	146,392	10:05:49	24,87	283,470	146,392
mozi	40,95	57,247	295,438	10:06:34	291,394	48,294	262,356
mizi	142,182	185,164	282,251	10:07:01	142,182	185,164	282,251
mozumi	216,14	470,443	286,332	10:07:41	204,22	294,369	36,54
mizumi	173,198	240,422	171,351	10:08:36	173,198	240,422	171,351
mozumi	57,184	427,330	163,82	10:09:15	57,184	427,330	163,82
zimo	232,193	166,278	430,450	10:10:02	51,156	232,213	175,164
fuzi	225,81	142,400	235,414	10:10:57	107,68	197,427	103,131
zizi	161,440	418,140	393,213	10:11:32	161,440	418,140	393,213
mimi	462,75	400,212	487,80	10:12:04	462,75	400,212	487,80
mofuzo	72,53	254,488	373,407	10:12:40	72,53	254,488	373,407
mofumo	80,114	109,236	381,48	10:13:37	444,479	302,135	112,484
zumo	196,116	119,328	25,343	10:14:14	196,116	119,328	25,343
zimimi	251,175	293,179	305,195	10:14:42	251,175	293,179	305,195
zi	381,277	260,291	478,257	10:15:18	381,277	260,291	478,257
zimo	361,59	300,124	57,182	10:16:05	361,59	300,124	57,182
zumo	41,127	285,139	352,176	10:16:54	61,201	125,230	220,234
mozimo	177,58	282,286	375,297	10:17:32	177,58	282,286	375,297
zi	138,136	461,420	305,276	10:18:06	138,136	461,420	305,276
momozu	125,195	62,374	476,49	10:18:38	37,235	287,488	309,276
zuzi	141,346	98,430	460,145	10:19:10	141,346	98,430	460,145
momozu	121,490	261,396	139,123	10:20:02	203,331	188,476	425,239
mozu	81,305	170,352	100,55	10:20:34	279,412	124,429	468,158
zizu	158,228	181,129	157,475	10:21:01	158,228	181,129	157,475
momofu	395,272	180,447	156,165	10:21:35	417,452	240,24	144,359
mofomo	485,286	21,93	225,470	10:21:57	485,286	21,93	225,470
mozumo	227,335	469,477	241,117	10:22:36	284,84	398,33	97,51
mozumo	110,311	412,270	173,22	10:23:02	56,367	227,180	434,331
mozumi	314,321	239,485	440,386	10:23:41	159,80	166,383	459,313
zuzumo	470,345	168,160	301,313	10:24:17	470,345	168,160	301,313
zumofi	315,296	108,325	378,323	10:25:02	192,437	85,347	330,54
zizimi	305,115	168,284	102,398	10:25:34	305,115	168,284	102,398
mofomo	391,201	219,313	460,382	10:26:04	58,431	268,280	39,148
zizimi	324,284	213,73	279,163	10:26:45	324,284	213,73	279,163
zimozi	449,258	17,126	408,307	10:27:18	97,53	147,25	468,335
mofomo	429,232	112,46	67,480	10:27:50	429,232	112,46	67,480
zimozu	358,362	104,35	155,195	10:28:32	210,386	451,178	84,446
zizimi	423,56	386,151	358,355	10:29:05	423,56	386,151	358,355
zumofi	42,192	149,245	254,417	10:29:56	477,38	268,438	205,341
mozo	397,213	185,403	329,102	10:30:30	473,341	420,477	451,190