mozi	391,41	216,359	395,193	10:06:49	391,41	216,359	395,193	10
mofuzo	486,420	466,135	48,26	10:18:52	346,315	34,470	51,91	28
mizu	77,378	218,284	101,337	10:06:08	77,378	218,284	101,337	9
zimozi	17,46	151,56	365,187	10:27:04	459,206	40,460	87,426	42
momozi	451,398	119,210	123,346	10:17:46	238,436	85,456	111,61	26
zi	480,200	18,58	163,93	10:22:45	480,200	18,58	163,93	35
mizi	115,72	67,147	76,253	10:02:59	115,72	67,147	76,253	4
zi	23,28	369,459	24,30	10:14:23	23,28	369,459	24,30	21
momozi	154,238	467,70	310,310	10:26:20	154,238	467,70	310,310	41
momizo	47,391	148,373	38,126	10:27:40	47,391	148,373	38,126	43
mozumo	281,293	134,442	28,68	10:08:50	281,293	134,442	28,68	13
momofu	196,412	444,339	304,208	10:00:55	181,22	410,167	248,382	1
zizu	14,381	248,59	194,65	10:21:46	14,381	248,59	194,65	33
mozimu	302,153	253,50	22,320	10:25:16	151,443	11,371	396,68	39
zumo	254,421	291,307	450,150	10:24:38	256,285	202,395	15,420	38
mozumo	76,358	489,417	96,438	10:12:26	454,436	119,456	124,95	18
mofu	94,322	203,172	357,266	10:11:16	16,176	269,168	464,452	16
mofuzo	472,215	100,255	419,377	10:15:44	472,215	100,255	419,377	23
mizo	83,486	84,230	32,399	10:20:18	177,319	379,214	244,226	30
mozu	35,425	89,233	175,236	10:25:47	384,74	193,49	345,268	40
mizomu	44,216	18,283	221,415	10:22:15	223,460	309,487	244,409	34
mofuzo	264,426	482,179	18,329	10:15:07	130,86	440,186	292,319	22
mozimo	50,230	454,95	53,165	10:02:24	64,129	124,455	258,232	3
mofuzo	67,215	473,407	217,122	10:16:25	67,215	473,407	217,122	24
zuzi	428,58	228,125	188,159	10:01:35	394,444	260,383	184,211	2
zumozi	27,166	224,232	336,184	10:28:15	64,410	317,162	448,81	44
zimufo	436,397	257,297	167,38	10:09:44	107,260	44,466	179,202	14
zizi	237,152	242,200	252,74	10:30:09	237,152	242,200	252,74	47
mozumo	348,115	438,274	26,142	10:10:24	418,242	125,30	449,37	15
momozu	163,62	52,204	431,228	10:18:17	163,62	52,204	431,228	27
mozimo	361,351	363,67	427,305	10:28:49	296,62	186,281	168,438	45
mofizi	434,46	256,333	263,59	10:29:26	277,145	466,104	296,424	46
muzi	328,478	105,100	94,196	10:13:20	328,478	105,100	94,196	19
momizo	43,236	379,412	248,230	10:23:26	464,89	155,282	86,389	36
momofu	347,119	193,213	98,56	10:03:34	70,245	489,285	126,489	5
zimo	437,319	434,366	263,222	10:23:52	179,239	150,221	228,187	37
zuzi	340,30	42,217	206,132	10:13:50	340,30	42,217	206,132	20
momo	367,14	142,80	418,272	10:04:41	354,423	124,432	71,95	7
zi	288,255	363,115	201,424	10:07:15	288,255	363,115	201,424	11
momozi	165,353	21,269	375,230	10:19:39	32,284	351,32	251,325	29
zizi	309,341	144,310	36,277	10:05:23	121,167	281,440	136,165	8
mozumo	149,207	426,247	34,439	10:30:54	366,119	403,248	378,490	48
zizu	426,423	260,418	118,450	10:20:51	395,155	378,170	17,36	31
zumo	89,154	125,240	275,406	10:17:04	302,435	293,485	171,170	25
mozimo	430,321	167,177	252,84	10:21:21	120,208	486,204	65,482	32
mozimu	106,64	466,431	23,193	10:08:05	106,64	466,431	23,193	12
mozu	215,192	480,472	474,272	10:04:12	87,319	376,288	14,231	6
mimi	76,347	113,369	99,460	10:11:45	76,347	113,369	99,460	17