zumozi	174,291	245,316	443,222	11:23:02	357,150	370,63	45,428
zizu	364,357	476,431	114,279	11:24:10	364,357	476,431	114,279
mufuzi	199,81	71,33	391,363	11:25:21	66,405	400,460	443,346
zuzumo	403,210	42,165	123,227	11:26:44	403,210	42,165	123,227
zi	71,221	343,23	214,120	11:28:16	71,221	343,23	214,120
momozu	322,71	409,323	67,452	11:29:04	439,414	39,315	331,423
mofuzi	87,469	401,54	86,263	11:30:02	83,79	465,215	327,300
zimimo	338,274	333,399	297,233	11:31:25	338,274	333,399	297,233
mofomi	272,209	433,304	363,66	11:32:31	272,209	433,304	363,66
mozumi	40,424	277,373	437,480	11:34:33	40,424	277,373	437,480
mofomu	483,268	60,402	101,116	11:35:02	483,268	60,402	101,116
mizimo	363,177	95,274	220,170	11:36:19	363,177	95,274	220,170
mufozi	47,68	434,369	457,240	11:37:18	47,68	434,369	457,240
zizimu	112,238	438,55	51,311	11:38:38	112,238	438,55	51,311
mofumo	111,81	245,377	443,191	11:39:13	60,406	315,13	324,334
mifuzi	366,435	449,416	346,59	11:40:12	443,70	394,40	204,429
zumofi	41,219	225,126	483,435	11:41:02	427,173	247,461	91,481
mofumo	285,39	12,228	398,459	11:41:50	307,33	65,401	398,363
fumozu	457,19	206,405	63,247	11:43:37	56,481	275,293	451,355
mofu	225,164	317,460	50,269	11:44:42	225,164	317,460	50,269
zimu	160,405	214,119	331,69	11:45:26	293,324	261,351	356,143
zimozu	167,362	278,382	477,271	11:46:32	100,413	181,157	188,93
zizimu	327,271	299,329	488,206	11:47:15	156,186	446,155	399,178
fumozi	297,455	215,12	369,268	11:47:59	297,455	215,12	369,268
fuzimu	248,104	421,75	73,460	11:49:16	429,50	349,288	408,300
mizi	333,222	375,56	331,215	11:50:09	333,222	375,56	331,215
mufuzi	115,488	86,383	379,72	11:50:58	97,92	373,436	370,291
mumuzi	163,216	333,451	54,330	11:52:51	134,13	140,144	415,334
mofu	167,341	294,371	343,173	11:53:35	109,447	482,471	392,361
mufozu	148,101	266,78	165,328	11:55:16	168,320	164,298	454,88
mizi	47,487	60,412	53,380	11:56:08	47,487	60,412	53,380
mumozu	137,157	377,212	49,266	11:57:23	137,157	377,212	49,266
mofumu	274,201	471,116	162,35	11:58:11	489,13	78,408	383,392
muzu	436,318	365,240	198,217	11:59:39	436,318	365,240	198,217
muzu	402,336	307,177	403,461	12:00:36	402,336	307,177	403,461
fuzimu	14,440	458,64	361,20	12:02:00	343,488	156,207	238,222
fumozu	433,487	167,320	209,206	12:02:48	433,487	167,320	209,206
mofozu	95,473	396,76	98,68	12:03:30	141,87	489,421	219,437
fumozi	101,44	375,455	273,83	12:04:25	51,234	69,470	209,232
zumu	182,184	408,479	351,321	12:05:08	182,184	408,479	351,321
mofu	449,355	270,417	408,141	12:05:48	409,343	412,43	74,248
mofumu	427,350	138,103	180,337	12:06:54	427,350	138,103	180,337
muzi	298,264	319,204	330,407	12:07:31	298,264	319,204	330,407
zu	261,420	440,146	384,222	12:08:12	261,420	440,146	384,222
mofozu	218,76	396,136	64,256	12:09:17	164,113	331,20	382,464
zimi	446,23	121,226	429,38	12:10:13	140,113	222,321	223,324
fuzumi	357,365	378,485	457,67	12:10:51	357,365	378,485	457,67
muzu	332,265	321,160	458,160	12:11:38	295,42	271,157	314,35