zumozi	391,41	216,359	395,193	11:45:45	16,202	154,478	226,464	21
momofu	486,420	466,135	48,26	11:39:31	486,420	466,135	48,26	15
muzi	77,378	218,284	101,337	12:07:58	77,378	218,284	101,337	43
zumo	17,46	151,56	365,187	11:44:13	169,262	243,133	446,87	19
mofuzi	451,398	119,210	123,346	12:06:08	362,130	117,451	404,210	41
zi	480,200	18,58	163,93	11:28:35	480,200	18,58	163,93	5
mimo	115,72	67,147	76,253	11:41:22	115,72	67,147	76,253	17
zi	23,28	369,459	24,30	11:34:43	23,28	369,459	24,30	10
mofuzo	154,238	467,70	310,310	11:48:56	463,347	145,424	38,135	24
fumo	47,391	148,373	38,126	12:07:12	47,391	148,373	38,126	42
momozu	281,293	134,442	28,68	11:29:32	180,234	321,47	358,419	6
mozu	196,412	444,339	304,208	12:10:25	162,324	239,215	187,347	46
zizumo	14,381	248,59	194,65	11:40:44	14,381	248,59	194,65	16
fuzumo	302,153	253,50	22,320	12:01:09	302,153	253,50	22,320	35
zumo	254,421	291,307	450,150	12:00:11	254,421	291,307	450,150	34
fuzi	76,358	489,417	96,438	12:04:49	77,423	427,239	98,356	39
mozimo	94,322	203,172	357,266	11:35:44	427,325	160,356	326,67	11
mozumo	472,215	100,255	419,377	12:12:07	41,190	181,113	311,263	48
zuzumo	83,486	84,230	32,399	11:46:55	83,486	84,230	32,399	22
fumimo	35,425	89,233	175,236	11:58:31	35,425	89,233	175,236	33
zumimo	44,216	18,283	221,415	11:57:46	44,216	18,283	221,415	32
momozi	264,426	482,179	18,329	11:28:04	264,426	482,179	18,329	4
fuzomi	50,230	454,95	53,165	11:33:48	68,101	283,61	213,378	9
mozumo	67,215	473,407	217,122	11:37:36	472,152	49,345	224,100	13
zimimi	428,58	228,125	188,159	11:36:43	76,329	188,379	147,416	12
mizumi	27,166	224,232	336,184	11:55:43	288,490	271,159	235,163	30
fuzumi	436,397	257,297	167,38	12:11:10	437,269	270,410	288,485	47
zimimi	237,152	242,200	252,74	11:24:32	237,152	242,200	252,74	2
momozu	348,115	438,274	26,142	11:30:50	348,115	438,274	26,142	7
fomozu	163,62	52,204	431,228	12:03:10	175,338	482,137	258,88	37
mofuzo	361,351	363,67	427,305	11:23:30	361,351	363,67	427,305	1
fumozu	434,46	256,333	263,59	12:04:09	32,329	478,128	94,134	38
zumo	328,478	105,100	94,196	11:47:32	80,427	321,274	162,486	23
mozu	43,236	379,412	248,230	11:53:05	255,447	252,197	285,190	28
mozu	347,119	193,213	98,56	12:05:23	461,340	138,448	457,222	40
zumimo	437,319	434,366	263,222	12:02:17	437,319	434,366	263,222	36
zizi	340,30	42,217	206,132	11:45:04	340,30	42,217	206,132	20
mozu	367,14	142,80	418,272	11:50:31	418,177	433,249	441,104	26
zi	288,255	363,115	201,424	12:08:21	288,255	363,115	201,424	44
fumozi	165,353	21,269	375,230	11:54:30	348,390	367,79	324,80	29
zimimi	309,341	144,310	36,277	11:38:57	309,341	144,310	36,277	14
momozu	149,207	426,247	34,439	11:31:59	149,207	426,247	34,439	8
mizimi	426,423	260,418	118,450	11:52:09	426,423	260,418	118,450	27
zumozi	89,154	125,240	275,406	12:09:45	382,268	464,29	226,430	45
fuzumo	430,321	167,177	252,84	11:42:40	430,321	167,177	252,84	18
fumozi	106,64	466,431	23,193	11:56:32	117,336	100,35	87,161	31
mofuzo	215,192	480,472	474,272	11:49:44	335,490	29,469	423,56	25
momimi	76,347	113,369	99,460	11:26:01	76,401	54,469	159,421	3