mumozo	447,159	305,227	306,129	14:22:47	187,289	56,376	15,266
mofumo	427,55	168,381	374,397	14:23:22	240,321	197,156	404,106
zizimu	207,266	78,196	470,326	14:23:54	323,56	341,235	343,70
mozumo	422,485	437,26	317,235	14:24:28	474,256	70,180	402,463
mufuzi	412,45	99,170	244,189	14:24:55	296,287	61,333	451,327
mufuzi	274,138	253,456	176,108	14:25:20	274,138	253,456	176,108
momuzi	233,113	152,390	483,36	14:25:48	40,202	485,483	299,331
fumomu	418,339	165,412	331,453	14:26:36	459,15	208,311	428,377
fuzimu	253,444	156,251	243,85	14:27:08	253,444	156,251	243,85
zizimu	153,59	299,332	405,355	14:27:46	311,259	487,28	79,424
muzi	87,80	170,240	183,218	14:28:19	87,80	170,240	183,218
fumozu	326,263	82,340	352,362	14:28:52	342,421	60,488	182,292
momozi	332,172	130,329	190,199	14:29:25	291,358	359,65	84,489
fumozu	263,95	109,479	387,294	14:29:52	235,148	353,340	168,399
mufozi	346,301	20,369	393,394	14:30:28	96,280	403,274	366,389
mofumo	420,470	464,99	219,157	14:30:52	420,470	464,99	219,157
zimi	307,55	409,378	384,271	14:31:18	173,189	59,85	453,415
mizumi	250,226	432,370	64,132	14:31:51	250,226	432,370	64,132
zimuzi	78,316	216,177	304,112	14:32:20	309,364	215,358	438,177
mofusu	461,159	403,470	38,306	14:32:52	460,26	300,384	305,185
zizi	374,447	285,348	55,14	14:33:25	374,447	285,348	55,14
muzimu	14,351	59,413	239,433	14:34:00	321,278	333,461	380,30
mofumo	193,479	168,135	358,222	14:34:27	88,363	399,336	189,383
muzimu	257,426	47,462	113,341	14:34:57	13,313	468,335	284,357
zizi	84,83	490,476	63,37	14:35:18	84,83	490,476	63,37
mofumo	292,426	474,86	284,39	14:35:45	81,362	332,486	182,221
zimuzi	297,82	132,72	279,57	14:36:12	73,320	336,231	243,283
zimuzi	368,199	23,254	236,185	14:36:39	368,199	23,254	236,185
muzimu	132,462	348,313	185,356	14:37:12	71,150	466,397	371,219
mufumu	288,255	228,130	251,399	14:37:40	386,23	152,469	350,455
zifuzi	340,52	327,227	464,443	14:38:03	22,374	379,149	244,317
zizimu	345,271	35,466	332,304	14:38:28	62,117	405,304	117,132
mufozu	33,209	12,45	453,237	14:38:56	180,364	27,47	409,62
zi	220,95	208,78	398,383	14:39:20	220,95	208,78	398,383
fumimo	423,196	148,161	315,389	14:39:59	475,428	270,398	327,460
zizimu	70,165	430,387	381,404	14:40:28	66,199	13,178	400,482
fumozu	339,235	184,364	211,25	14:41:02	446,128	357,226	35,193
mizi	177,233	224,178	268,187	14:41:27	177,233	224,178	268,187
fomozu	405,477	271,123	65,178	14:41:50	405,477	271,123	65,178
fumomi	15,477	363,153	148,188	14:42:23	15,477	363,153	148,188
zizimu	51,207	342,471	103,232	14:42:49	142,486	260,262	414,95
fumozu	385,432	457,78	305,178	14:43:13	158,93	186,300	395,39
momuzo	93,472	400,307	159,178	14:43:38	13,297	379,213	188,378
zizimu	483,74	165,263	186,219	14:44:00	483,74	165,263	186,219
fumozi	431,191	206,303	333,343	14:44:30	327,488	97,469	396,85
fumozu	481,374	60,332	354,153	14:44:55	460,85	287,45	295,295
fumozu	74,248	95,41	316,390	14:45:19	21,358	398,387	206,210
fumozu	208,399	371,118	215,40	14:45:44	48,276	251,99	273,432