zizomu	391,41	216,359	395,193	14:35:32	381,167	418,187	105,322	25
mofusu	486,420	466,135	48,26	14:32:37	486,420	466,135	48,26	19
mozi	77,378	218,284	101,337	14:29:37	48,360	209,335	312,375	13
zimomi	17,46	151,56	365,187	14:40:15	37,117	95,440	38,338	35
mufomu	451,398	119,210	123,346	14:32:08	469,36	54,145	220,485	18
zi	480,200	18,58	163,93	14:25:04	480,200	18,58	163,93	5
mizi	115,72	67,147	76,253	14:41:39	203,208	201,245	27,309	38
zi	23,28	369,459	24,30	14:30:38	23,28	369,459	24,30	15
fumumo	154,238	467,70	310,310	14:31:08	54,20	312,481	275,70	16
fuzo	47,391	148,373	38,126	14:40:44	47,391	148,373	38,126	36
mofuzu	281,293	134,442	28,68	14:34:42	281,293	134,442	28,68	23
mumozu	196,412	444,339	304,208	14:28:39	248,83	470,383	193,264	11
zimu	14,381	248,59	194,65	14:45:08	14,381	248,59	194,65	46
fumozu	302,153	253,50	22,320	14:31:37	279,380	375,86	479,408	17
zimofu	254,421	291,307	450,150	14:39:11	312,469	290,23	248,36	33
momuzi	76,358	489,417	96,438	14:25:33	137,121	292,471	432,252	6
momuzu	94,322	203,172	357,266	14:33:41	102,484	319,464	434,190	21
fumimo	472,215	100,255	419,377	14:39:46	395,450	252,102	71,26	34
fuzimu	83,486	84,230	32,399	14:26:49	290,252	110,137	309,476	8
mozimo	35,425	89,233	175,236	14:36:25	157,55	285,20	335,469	27
muzimu	44,216	18,283	221,415	14:34:12	44,216	18,283	221,415	22
fumozu	264,426	482,179	18,329	14:45:33	121,88	126,377	375,338	47
zozimi	50,230	454,95	53,165	14:38:43	57,278	473,476	298,355	32
fumozu	67,215	473,407	217,122	14:27:32	379,152	280,326	83,17	9
zimi	428,58	228,125	188,159	14:28:00	427,313	380,250	251,21	10
mumozu	27,166	224,232	336,184	14:26:08	238,51	297,431	479,228	7
mozifu	436,397	257,297	167,38	14:33:13	64,266	328,270	463,207	20
muzi	237,152	242,200	252,74	14:35:08	216,303	76,251	412,435	24
fumozu	348,115	438,274	26,142	14:43:24	348,115	438,274	26,142	42
mofuzu	163,62	52,204	431,228	14:44:18	281,114	79,227	437,363	44
mozimo	361,351	363,67	427,305	14:23:40	361,351	363,67	427,305	2
fomizu	434,46	256,333	263,59	14:30:12	434,46	256,333	263,59	14
zimofu	328,478	105,100	94,196	14:36:00	328,478	105,100	94,196	26
fumozu	43,236	379,412	248,230	14:42:38	227,161	93,409	487,89	40
mofumo	347,119	193,213	98,56	14:38:14	26,118	486,317	246,474	31
zizimu	437,319	434,366	263,222	14:23:07	195,195	63,471	200,101	1
zimu	340,30	42,217	206,132	14:43:01	340,30	42,217	206,132	41
momuzu	367,14	142,80	418,272	14:43:50	367,14	142,80	418,272	43
zi	288,255	363,115	201,424	14:37:51	288,255	363,115	201,424	30
mufozu	165,353	21,269	375,230	14:46:00	21,15	347,50	209,320	48
mizi	309,341	144,310	36,277	14:24:38	309,341	144,310	36,277	4
mumozu	149,207	426,247	34,439	14:36:53	24,229	429,31	372,486	28
zimi	426,423	260,418	118,450	14:41:15	354,88	39,168	117,182	37
mozi	89,154	125,240	275,406	14:44:44	116,412	475,159	104,366	45
fumomi	430,321	167,177	252,84	14:42:10	25,160	345,246	25,360	39
muzizi	106,64	466,431	23,193	14:37:27	182,351	82,472	412,191	29
mofuzu	215,192	480,472	474,272	14:24:11	215,192	480,472	474,272	3
mozi	76,347	113,369	99,460	14:29:07	76,347	113,369	99,460	12