fod	244,317	275,25	350,142	13:27:39
muaki	302,362	62,142	390,104	13:27:47
muaki	218,238	256,384	95,481	13:28:01
fod	231,13	58,75	222,467	13:28:08
muaki	380,235	463,73	347,83	13:28:19
fama	38,100	389,302	115,249	13:28:32
fod	434,406	120,485	57,20	13:28:36
pama	98,265	247,343	158,332	13:28:48
kaziuzui	334,379	334,381	443,66	13:29:01
pama	357,333	291,330	396,147	13:29:13
pama	402,423	236,301	235,341	13:29:20
muaki	59,178	256,169	172,303	13:29:24
fama	179,259	77,415	112,224	13:29:34
fod	257,435	112,100	325,65	13:29:40
fama	156,192	387,436	31,293	13:29:52
muaki	92,422	225,318	233,449	13:29:58
fod	168,282	136,414	440,298	13:30:06
fod	226,129	66,292	54,167	13:30:14
muaki	25,300	112,127	389,426	13:30:21
kazizui	486,191	390,143	333,103	13:30:42
kazizui	101,385	472,12	181,336	13:30:48
muaki	294,113	350,356	131,306	13:30:53
fod	416,142	293,78	261,438	13:30:58
fod	484,61	131,337	162,17	13:31:04
fama	258,158	198,157	291,40	13:31:10
fama	250,381	415,231	382,105	13:31:14
muaki	77,186	208,417	52,328	13:31:22
fod	232,457	460,35	45,230	13:31:34
fod	463,38	281,104	365,432	13:31:39
muaki	110,132	100,297	279,380	13:31:45
pama	327,38	271,251	258,163	13:31:51
fama	346,325	338,64	251,379	13:31:57
fama	381,472	345,350	17,380	13:32:02
fod	90,469	407,360	82,282	13:32:08
muaki	302,181	403,391	468,192	13:32:14
muaki	281,305	219,62	66,467	13:32:20
fama	214,402	302,61	455,62	13:32:25
muaki	430,345	44,285	205,50	13:32:30
fod	174,284	28,91	154,99	13:32:38
muaki	362,445	270,275	346,247	13:32:43
muaki	456,137	61,185	188,116	13:32:49
fod	162,391	27,453	442,472	13:32:53
fama	24,381	326,57	176,41	13:33:01
fod	96,339	315,114	420,458	13:33:05
pama	202,291	413,462	76,269	13:33:12
pama	181,55	128,78	480,148	13:33:16
muaki	361,82	80,95	389,302	13:33:20
fama	54,67	94,180	470,43	13:33:31