fama	391,41	216,359	395,193	13:33:18	46
fod	486,420	466,135	48,26	13:31:12	25
pama	77,378	218,284	101,337	13:30:10	17
kazizui	17,46	151,56	365,187	13:28:52	8
fama	451,398	119,210	123,346	13:32:04	33
kazizui	480,200	18,58	163,93	13:32:27	37
kazizizu	115,72	67,147	76,253	13:30:39	19
kazizizu	23,28	369,459	24,30	13:33:25	47
fod	154,238	467,70	310,310	13:30:04	16
fama	47,391	148,373	38,126	13:32:35	38
fod	281,293	134,442	28,68	13:28:05	3
muaki	196,412	444,339	304,208	13:29:38	13
pama	14,381	248,59	194,65	13:33:33	48
fama	302,153	253,50	22,320	13:31:36	28
pama	254,421	291,307	450,150	13:33:14	45
fama	76,358	489,417	96,438	13:33:09	44
muaki	94,322	203,172	357,266	13:30:56	22
fod	472,215	100,255	419,377	13:29:56	15
fod	83,486	84,230	32,399	13:30:45	20
fama	35,425	89,233	175,236	13:31:48	30
fama	44,216	18,283	221,415	13:29:16	10
fod	264,426	482,179	18,329	13:29:22	11
fama	50,230	454,95	53,165	13:32:22	36
fod	67,215	473,407	217,122	13:28:35	6
pama	428,58	228,125	188,159	13:29:04	9
fama	27,166	224,232	336,184	13:28:41	7
fama	436,397	257,297	167,38	13:28:16	4
pama	237,152	242,200	252,74	13:30:51	21
muaki	348,115	438,274	26,142	13:31:54	31
fod	163,62	52,204	431,228	13:29:42	14
fama	361,351	363,67	427,305	13:32:58	42
fod	434,46	256,333	263,59	13:33:04	43
fama	328,478	105,100	94,196	13:31:00	23
fod	43,236	379,412	248,230	13:32:51	41
muaki	347,119	193,213	98,56	13:32:17	35
fama	437,319	434,366	263,222	13:27:54	2
kazizui	340,30	42,217	206,132	13:31:42	29
muaki	367,14	142,80	418,272	13:29:27	12
kazizizui	288,255	363,115	201,424	13:31:32	27
muaki	165,353	21,269	375,230	13:31:59	32
kazizui	309,341	144,310	36,277	13:31:07	24
fod	149,207	426,247	34,439	13:27:42	1
pama	426,423	260,418	118,450	13:28:25	5
kazizui	89,154	125,240	275,406	13:32:11	34
muaki	430,321	167,177	252,84	13:32:45	40
fod	106,64	466,431	23,193	13:30:17	18
fod	215,192	480,472	474,272	13:32:41	39
fama	76,347	113,369	99,460	13:31:18	26