zufizumu	377,74	53,194	48,201	10:28:41
pudu	91,210	154,266	474,210	10:29:03
pikazu	285,267	204,399	320,408	10:29:18
makifu	480,15	283,238	427,115	10:29:48
fodo	49,447	28,14	332,349	10:30:11
kazamidu	88,219	413,130	403,451	10:30:32
midaku	15,264	53,370	77,183	10:31:05
mifazo	321,483	170,464	258,154	10:31:34
famiki	184,53	410,377	442,240	10:31:51
kaziki	295,432	244,87	179,181	10:32:11
puakuki	192,217	137,209	220,459	10:32:45
pudo	446,148	480,447	145,409	10:33:02
fodo	368,325	104,196	185,39	10:33:17
duduko	215,179	362,303	293,317	10:33:33
fakama	69,277	417,434	95,482	10:33:46
kazakami	340,99	255,382	458,321	10:34:05
pizama	74,414	458,64	371,113	10:34:19
kamipi	462,248	427,75	433,122	10:34:37
dodo	104,158	290,455	450,92	10:34:49
pudika	282,29	359,209	452,443	10:35:04
dadimumi	200,301	52,445	192,20	10:35:19
zakimi	276,256	423,243	309,303	10:35:35
fakama	346,280	61,283	345,484	10:35:54
pimofo	394,438	151,194	403,111	10:36:10
pudakuki	276,194	129,145	393,90	10:36:27
zama	98,102	380,139	57,82	10:36:45
fodo	148,322	327,81	74,145	10:37:00
fokima	374,410	414,424	202,268	10:37:11
puduka	417,106	216,78	290,128	10:37:29
pikazu	178,75	312,296	209,214	10:37:40
pizaku	375,297	306,264	425,352	10:37:57
dizizizu	335,83	183,171	154,247	10:38:25
fodo	68,297	187,470	417,99	10:38:38
pafizizo	430,247	91,110	220,339	10:38:50
muzazo	253,394	382,172	280,333	10:39:14
pama	401,84	274,155	161,442	10:39:23
dizizzu	325,342	169,452	61,378	10:39:34
mofomi	420,118	185,116	98,111	10:39:57
fakoduka	204,37	347,285	137,77	10:40:16
famaziki	134,379	460,25	60,250	10:40:32
kamudizizu	347,451	323,131	116,474	10:40:54
dukuzikama	83,430	325,241	391,376	10:41:11
fodo	129,321	483,303	426,91	10:41:25
fakama	404,140	118,261	414,244	10:41:42
pama	327,57	132,297	71,182	10:41:54
pikima	57,408	143,370	49,248	10:42:04
fukoma	353,121	188,188	352,88	10:42:16
mazikifama	73,471	398,66	283,334	10:42:32