fokimi	391,41	216,359	395,193	10:35:59	23
pama	486,420	466,135	48,26	10:38:41	33
fakama	77,378	218,284	101,337	10:32:53	11
zakifi	17,46	151,56	365,187	10:36:32	25
pama	451,398	119,210	123,346	10:36:51	26
pikazumo	480,200	18,58	163,93	10:29:10	2
dufa	115,72	67,147	76,253	10:41:20	42
pikima	23,28	369,459	24,30	10:37:06	27
pizaku	154,238	467,70	310,310	10:39:28	36
pzafumika	47,391	148,373	38,126	10:40:40	40
pamukidu	281,293	134,442	28,68	10:41:03	41
pudo	196,412	444,339	304,208	10:39:44	37
pidima	14,381	248,59	194,65	10:41:52	44
fifizu	302,153	253,50	22,320	10:29:33	3
pumofo	254,421	291,307	450,150	10:36:16	24
pudo	76,358	489,417	96,438	10:42:21	47
pikazu	94,322	203,172	357,266	10:35:09	20
fukadami	472,215	100,255	419,377	10:41:59	45
fakidumu	83,486	84,230	32,399	10:28:54	1
mumiza	35,425	89,233	175,236	10:32:26	10
duza	44,216	18,283	221,415	10:31:22	7
fodo	264,426	482,179	18,329	10:37:36	29
fakizama	50,230	454,95	53,165	10:42:10	46
fodo	67,215	473,407	217,122	10:33:22	13
fodo	428,58	228,125	188,159	10:30:19	5
doda	27,166	224,232	336,184	10:31:43	8
pudakuki	436,397	257,297	167,38	10:34:55	19
pipazami	237,152	242,200	252,74	10:40:04	38
pudazu	348,115	438,274	26,142	10:35:42	22
fakima	163,62	52,204	431,228	10:33:12	12
dudoka	361,351	363,67	427,305	10:33:56	15
zipafumi	434,46	256,333	263,59	10:39:04	34
dufumiza	328,478	105,100	94,196	10:30:53	6
duduko	43,236	379,412	248,230	10:38:07	31
kuzima	347,119	193,213	98,56	10:41:34	43
zukama	437,319	434,366	263,222	10:37:50	30
piza	340,30	42,217	206,132	10:34:14	16
poduku	367,14	142,80	418,272	10:35:30	21
mafuko	288,255	363,115	201,424	10:42:40	48
fikima	165,353	21,269	375,230	10:30:01	4
pikimi	309,341	144,310	36,277	10:34:24	17
pizaku	149,207	426,247	34,439	10:34:43	18
duduko	426,423	260,418	118,450	10:33:37	14
mapudo	89,154	125,240	275,406	10:40:26	39
pizaku	430,321	167,177	252,84	10:37:17	28
dizaku	106,64	466,431	23,193	10:39:19	35
mufado	215,192	480,472	474,272	10:31:58	9
pama	76,347	113,369	99,460	10:38:31	32