mikadu	420,145	487,225	448,168	11:22:38
fama	321,31	400,372	388,489	11:22:50
mikadu	198,181	355,393	253,476	11:23:09
fama	401,113	117,93	350,157	11:23:26
mafadu	48,462	131,432	196,405	11:23:45
kaziki	481,126	60,477	340,18	11:24:00
kazamikadu	155,171	38,65	52,415	11:24:12
fodo	29,18	255,226	119,428	11:24:33
pazamu	87,149	193,439	444,212	11:24:48
pomo	471,232	489,33	375,294	11:25:07
pama	474,264	295,129	330,72	11:25:15
kazami	329,321	285,243	288,188	11:25:33
dizizizu	136,307	195,381	43,304	11:25:55
pudo	63,240	106,407	142,349	11:26:05
pama	393,53	451,20	135,311	11:26:16
dizizzu	166,172	282,287	114,468	11:26:41
koliko	202,104	104,251	91,434	11:27:09
pama	318,119	442,20	68,396	11:27:16
kapami	222,48	137,221	70,21	11:27:29
dizizzu	25,54	275,309	172,114	11:27:44
fodo	370,490	425,165	243,223	11:28:00
fodo	343,369	40,48	259,72	11:28:14
fama	341,87	181,293	97,238	11:28:22
mukido	198,308	275,325	38,335	11:28:28
pama	336,53	378,120	351,59	11:28:43
muako	224,231	59,159	385,291	11:29:00
pama	371,237	170,400	274,419	11:29:06
pikadu	259,235	114,286	290,156	11:29:34
fodo	211,342	385,307	259,37	11:29:48
mukaki	165,161	80,126	170,204	11:29:58
dizizizu	426,326	366,218	122,470	11:30:07
podo	196,313	83,289	74,164	11:30:17
dizizzu	232,322	389,336	118,188	11:30:46
pudika	462,125	15,152	407,101	11:30:57
fama	380,115	399,165	430,426	11:31:02
fakima	481,319	39,376	135,287	11:31:25
pama	403,289	438,472	404,118	11:31:31
duzidikamu	185,340	433,61	68,64	11:31:41
fod	40,253	367,112	52,431	11:31:55
duzizzu	266,274	263,164	119,370	11:32:10
muaku	341,110	199,370	475,323	11:32:26
fodo	167,387	121,114	368,35	11:32:30
fodo	221,63	365,163	113,422	11:32:38
fama	217,142	184,94	244,226	11:32:45
pama	35,19	489,287	173,118	11:32:53
pama	489,275	469,376	384,329	11:33:10
fodo	425,117	69,473	266,444	11:33:16
mikadu	274,146	191,434	56,455	11:33:23