mofimi	391,41	216,359	395,193	11:23:38	4
fakama	486,420	466,135	48,26	11:33:19	47
zakimi	77,378	218,284	101,337	11:24:40	8
kapima	17,46	151,56	365,187	11:26:28	15
fakama	451,398	119,210	123,346	11:25:59	13
fama	480,200	18,58	163,93	11:31:00	34
pikadu	115,72	67,147	76,253	11:33:08	45
fama	23,28	369,459	24,30	11:27:19	18
fakima	154,238	467,70	310,310	11:31:28	36
fakama	47,391	148,373	38,126	11:25:39	12
fodo	281,293	134,442	28,68	11:30:00	30
muako	196,412	444,339	304,208	11:26:53	16
pama	14,381	248,59	194,65	11:22:44	1
fudiko	302,153	253,50	22,320	11:27:34	19
dizizizu	254,421	291,307	450,150	11:29:25	27
fama	76,358	489,417	96,438	11:25:11	10
muakadi	94,322	203,172	357,266	11:29:45	28
fodo	472,215	100,255	419,377	11:24:03	6
duzikikada	83,486	84,230	32,399	11:23:23	3
pudika	35,425	89,233	175,236	11:32:35	42
pudazo	44,216	18,283	221,415	11:31:52	38
fukima	264,426	482,179	18,329	11:28:20	22
podo	50,230	454,95	53,165	11:27:13	17
duzidizukama	67,215	473,407	217,122	11:24:31	7
zukami	428,58	228,125	188,159	11:32:43	43
zukamu	27,166	224,232	336,184	11:28:41	24
duzizzu	436,397	257,297	167,38	11:32:51	44
podo	237,152	242,200	252,74	11:28:25	23
mizizu	348,115	438,274	26,142	11:26:11	14
fodo	163,62	52,204	431,228	11:30:51	33
pama	361,351	363,67	427,305	11:32:01	39
fodo	434,46	256,333	263,59	11:23:48	5
dizizzu	328,478	105,100	94,196	11:24:59	9
fakima	43,236	379,412	248,230	11:30:10	31
dizizzu	347,119	193,213	98,56	11:29:54	29
dizizizu	437,319	434,366	263,222	11:23:01	2
fama	340,30	42,217	206,132	11:29:04	26
fodo	367,14	142,80	418,272	11:33:12	46
kazima	288,255	363,115	201,424	11:30:25	32
mikadu	165,353	21,269	375,230	11:25:22	11
fuzikima	309,341	144,310	36,277	11:31:23	35
duzikizama	149,207	426,247	34,439	11:28:54	25
podo	426,423	260,418	118,450	11:33:26	48
pama	89,154	125,240	275,406	11:31:33	37
lukima	430,321	167,177	252,84	11:28:08	21
fakama	106,64	466,431	23,193	11:32:15	40
kapami	215,192	480,472	474,272	11:27:58	20
fama	76,347	113,369	99,460	11:32:29	41