fodo	198,32	468,385	73,243	12:23:05
pomo	37,217	349,249	195,293	12:23:16
fodo	55,22	414,149	440,32	12:23:29
kazizizu	32,391	412,47	201,115	12:23:52
pomo	469,208	171,258	464,71	12:24:01
pama	15,144	415,158	251,448	12:24:15
pomo	377,146	303,251	403,46	12:24:30
fama	92,174	315,367	476,450	12:24:40
kazuki	50,409	348,181	478,432	12:24:49
fodo	465,456	150,145	223,124	12:25:00
muaki	206,228	258,130	375,19	12:25:13
pama	88,262	154,380	23,67	12:25:22
fodo	415,104	230,239	461,215	12:25:27
fama	199,20	134,57	191,121	12:25:36
muaki	479,165	87,139	300,299	12:25:51
kazizzu	252,15	37,20	135,402	12:26:05
fama	28,212	173,172	102,185	12:26:12
kazizizu	228,26	279,448	255,249	12:26:24
fodo	173,444	259,296	490,440	12:26:29
pomo	407,479	115,483	127,404	12:26:35
muaki	292,368	409,318	378,54	12:26:43
kaziki	229,396	256,392	77,347	12:26:55
pama	87,295	363,355	252,128	12:27:03
fodo	114,414	81,362	219,81	12:27:09
muaki	312,136	69,416	128,185	12:27:19
fama	330,409	63,249	237,430	12:27:23
pama	292,455	335,57	356,402	12:27:30
kazizzu	394,432	206,266	297,447	12:27:41
fama	383,400	371,453	272,100	12:27:52
muaki	123,470	261,57	280,336	12:27:59
fod	182,467	357,160	361,420	12:28:05
kazizzu	393,387	146,251	146,331	12:28:15
pama	53,191	342,456	329,291	12:28:20
muaki	478,350	191,399	386,382	12:28:26
pomo	24,19	361,274	65,151	12:28:32
muaki	119,237	127,466	387,478	12:28:39
fodo	395,290	375,51	51,30	12:28:47
fomo	371,93	210,223	59,49	12:28:54
kazizizu	23,46	389,204	435,285	12:29:07
fama	96,448	293,447	232,348	12:29:12
pama	107,341	95,224	316,472	12:29:19
muaki	211,221	271,95	261,311	12:29:24
kazizzu	115,142	394,315	354,443	12:29:36
fama	353,367	478,252	81,423	12:29:42
pomo	46,166	381,328	123,123	12:29:48
muaki	186,219	453,270	433,278	12:29:54
muaki	251,153	489,32	238,260	12:30:06
fama	332,342	391,236	166,255	12:30:13