kazizzizu	391,41	216,359	395,193	12:30:01	46
pomo	486,420	466,135	48,26	12:27:06	23
pomo	77,378	218,284	101,337	12:28:17	32
pomo	17,46	151,56	365,187	12:29:50	45
muaki	451,398	119,210	123,346	12:24:57	9
pama	480,200	18,58	163,93	12:23:09	1
pama	115,72	67,147	76,253	12:29:46	44
pama	23,28	369,459	24,30	12:25:55	15
fod	154,238	467,70	310,310	12:26:26	18
muaki	47,391	148,373	38,126	12:24:10	5
fod	281,293	134,442	28,68	12:24:32	7
fama	196,412	444,339	304,208	12:26:39	20
fodo	14,381	248,59	194,65	12:30:11	47
fodo	302,153	253,50	22,320	12:23:56	4
fama	254,421	291,307	450,150	12:28:23	33
muaki	76,358	489,417	96,438	12:28:58	38
kazizizu	94,322	203,172	357,266	12:27:48	28
fodo	472,215	100,255	419,377	12:28:08	31
kazizzu	83,486	84,230	32,399	12:24:27	6
pomo	35,425	89,233	175,236	12:29:16	40
muaki	44,216	18,283	221,415	12:29:40	43
fod	264,426	482,179	18,329	12:29:22	41
fomo	50,230	454,95	53,165	12:30:17	48
muaki	67,215	473,407	217,122	12:28:03	30
kaziko	428,58	228,125	188,159	12:23:25	2
fama	27,166	224,232	336,184	12:27:21	25
muaki	436,397	257,297	167,38	12:26:46	21
pama	237,152	242,200	252,74	12:25:25	12
kazizizu	348,115	438,274	26,142	12:25:47	14
pama	163,62	52,204	431,228	12:25:06	10
fodo	361,351	363,67	427,305	12:28:36	35
fodo	434,46	256,333	263,59	12:29:10	39
fodo	328,478	105,100	94,196	12:25:31	13
muaki	43,236	379,412	248,230	12:26:08	16
fama	347,119	193,213	98,56	12:28:50	37
pama	437,319	434,366	263,222	12:24:44	8
pomo	340,30	42,217	206,132	12:27:27	26
muaki	367,14	142,80	418,272	12:23:35	3
pama	288,255	363,115	201,424	12:26:31	19
fodo	165,353	21,269	375,230	12:27:01	22
kazizka	309,341	144,310	36,277	12:27:17	24
pomo	149,207	426,247	34,439	12:27:55	29
kazizzu	426,423	260,418	118,450	12:28:45	36
pama	89,154	125,240	275,406	12:28:30	34
fodo	430,321	167,177	252,84	12:27:32	27
pama	106,64	466,431	23,193	12:26:14	17
fama	215,192	480,472	474,272	12:25:19	11
kazizizu	76,347	113,369	99,460	12:29:31	42