fama	429,422	251,268	56,30	13:14:51
fodo	334,131	262,205	404,241	13:15:00
fama	51,112	421,269	111,466	13:15:10
pomo	200,84	339,39	332,146	13:15:18
kazizzu	78,28	267,344	478,225	13:15:29
kazizizu	431,416	157,192	194,202	13:15:41
muaki	211,37	322,462	231,236	13:15:46
kazizizu	213,271	337,144	50,438	13:15:50
fodo	119,239	32,447	268,353	13:15:54
kazizzu	103,335	371,359	189,359	13:16:02
fama	94,129	285,240	311,468	13:16:06
fomo	432,32	14,264	484,234	13:16:14
muaki	489,206	15,335	339,54	13:16:18
pomo	282,448	283,303	405,61	13:16:26
kazizzu	166,18	386,47	366,84	13:16:30
fod	395,449	202,190	199,23	13:16:37
kazizzu	167,140	44,171	393,37	13:16:42
fodo	394,391	233,399	236,82	13:16:45
muaki	443,28	39,235	320,434	13:16:52
muaki	285,476	441,180	32,317	13:16:59
pomo	253,417	276,445	116,464	13:17:04
fama	457,273	113,11	433,16	13:17:09
pomo	37,337	396,259	245,142	13:17:13
muaki	330,197	159,359	422,469	13:17:18
fodo	303,217	454,253	386,476	13:17:21
podo	80,149	403,345	103,29	13:17:25
fama	205,356	32,224	13,472	13:17:28
muaki	26,264	142,23	426,283	13:17:34
pomo	121,100	337,346	89,467	13:17:37
fama	52,281	145,480	208,32	13:17:45
podo	384,56	22,221	120,426	13:17:50
muaki	185,315	291,206	48,294	13:17:57
podo	188,63	68,320	76,483	13:18:00
muaki	112,186	92,438	41,170	13:18:04
kazizizu	415,82	441,69	72,158	13:18:10
fama	91,445	204,103	175,314	13:18:15
muaki	39,349	138,319	65,175	13:18:22
fod	123,243	228,180	72,293	13:18:27
muaki	173,173	468,254	121,19	13:18:31
fama	414,45	91,365	104,152	13:18:36
muaki	33,184	106,226	276,271	13:18:40
kazizizu	50,304	130,177	133,184	13:18:48
podo	341,245	416,79	415,478	13:18:54
muaki	361,97	160,339	341,270	13:18:58
podo	347,264	305,427	139,398	13:19:01
muaki	88,161	91,184	377,357	13:19:06
pama	444,416	171,83	103,294	13:19:11
fama	257,434	48,182	22,453	13:19:18