muaki	391,41	216,359	395,193	13:15:57	9
kazizizu	486,420	466,135	48,26	13:17:43	29
kazizzu	77,378	218,284	101,337	13:17:07	21
fama	17,46	151,56	365,187	13:18:24	37
fama	451,398	119,210	123,346	13:19:07	46
kazizzu	480,200	18,58	163,93	13:19:04	45
pomo	115,72	67,147	76,253	13:15:53	8
kazizizu	23,28	369,459	24,30	13:16:48	18
muaki	154,238	467,70	310,310	13:16:39	16
podo	47,391	148,373	38,126	13:18:38	40
pama	281,293	134,442	28,68	13:17:26	26
muaki	196,412	444,339	304,208	13:15:24	4
muaki	14,381	248,59	194,65	13:18:55	43
kazizzu	302,153	253,50	22,320	13:18:34	39
fama	254,421	291,307	450,150	13:17:19	24
podo	76,358	489,417	96,438	13:18:42	41
muaki	94,322	203,172	357,266	13:17:11	22
fama	472,215	100,255	419,377	13:16:36	15
podo	83,486	84,230	32,399	13:16:10	11
fodo	35,425	89,233	175,236	13:17:22	25
fod	44,216	18,283	221,415	13:18:59	44
fono	264,426	482,179	18,329	13:18:06	34
podo	50,230	454,95	53,165	13:18:19	36
muaki	67,215	473,407	217,122	13:14:57	1
kazizzu	428,58	228,125	188,159	13:17:15	23
muaki	27,166	224,232	336,184	13:18:14	35
kazizzu	436,397	257,297	167,38	13:17:31	27
pomo	237,152	242,200	252,74	13:16:55	19
fod	348,115	438,274	26,142	13:15:47	7
muaki	163,62	52,204	431,228	13:16:05	10
pomo	361,351	363,67	427,305	13:15:43	6
fama	434,46	256,333	263,59	13:16:23	13
muaki	328,478	105,100	94,196	13:19:19	48
podo	43,236	379,412	248,230	13:18:30	38
pomo	347,119	193,213	98,56	13:15:07	2
pomo	437,319	434,366	263,222	13:18:02	33
muaki	340,30	42,217	206,132	13:17:47	30
muaki	367,14	142,80	418,272	13:16:27	14
kazizizu	288,255	363,115	201,424	13:19:16	47
pomo	165,353	21,269	375,230	13:16:17	12
kazizizu	309,341	144,310	36,277	13:17:54	31
kazizzu	149,207	426,247	34,439	13:15:14	3
fama	426,423	260,418	118,450	13:17:00	20
kazizizu	89,154	125,240	275,406	13:15:37	5
pama	430,321	167,177	252,84	13:16:44	17
fama	106,64	466,431	23,193	13:18:51	42
muaki	215,192	480,472	474,272	13:17:36	28
pama	76,347	113,369	99,460	13:17:59	32