muaki	49,165	322,359	85,57	14:19:20
fod	361,407	212,349	430,196	14:19:26
fod	451,121	102,18	252,424	14:19:30
pomo	282,352	295,367	261,384	14:19:37
pama	299,462	346,325	464,405	14:19:42
fod	77,22	79,389	370,153	14:19:47
pod	435,240	70,156	99,490	14:19:52
fama	342,59	120,433	67,362	14:19:57
fod	367,338	223,172	215,474	14:20:01
kazizzu	65,24	445,401	338,419	14:20:08
fama	315,404	430,383	303,309	14:20:12
muaki	46,247	59,105	393,148	14:20:17
pomo	105,244	196,214	187,253	14:20:22
muaki	86,63	100,299	224,305	14:20:28
pod	282,279	318,237	189,165	14:20:34
fama	165,13	79,104	386,371	14:20:40
muaki	403,421	127,452	36,29	14:20:44
kazzizu	109,130	263,295	334,439	14:20:50
fod	57,410	12,147	218,226	14:20:54
fod	441,490	14,269	236,192	14:20:58
fod	423,391	195,12	485,90	14:21:03
fod	372,397	21,489	359,46	14:21:07
fama	28,458	166,280	262,490	14:21:14
muaki	229,309	409,230	446,136	14:21:18
pama	445,396	136,448	175,361	14:21:25
fod	150,107	261,334	108,255	14:21:29
kazzizu	271,30	19,431	211,43	14:21:34
pomo	411,85	65,266	225,330	14:21:40
pama	324,305	128,276	260,348	14:21:43
fod	463,302	158,154	279,406	14:21:49
pama	271,354	362,58	191,21	14:21:54
fod	320,452	40,328	393,241	14:21:57
fod	361,313	316,416	88,50	14:22:02
muaki	255,402	344,373	187,114	14:22:09
pama	230,159	406,378	303,195	14:22:14
fod	293,83	58,165	131,239	14:22:18
pama	176,440	200,205	278,102	14:22:22
muaki	436,148	404,261	74,482	14:22:26
pomo	301,318	393,155	200,90	14:22:30
muaki	259,420	239,175	307,51	14:22:35
kazizizu	359,110	124,407	264,244	14:22:44
kazizizu	155,429	194,345	144,461	14:22:50
kazizzu	436,90	119,350	341,182	14:22:58
pama	341,151	490,244	296,200	14:23:02
fod	323,64	129,71	228,425	14:23:08
kazizizu	112,97	44,225	13,297	14:23:14
pama	459,158	236,162	12,370	14:23:20
muaki	133,437	450,241	297,301	14:23:25