muaki	391,41	216,359	395,193	14:19:35	3
muaki	486,420	466,135	48,26	14:21:36	27
pama	77,378	218,284	101,337	14:21:00	20
fod	17,46	151,56	365,187	14:20:56	19
muaki	451,398	119,210	123,346	14:20:03	9
kazizzu	480,200	18,58	163,93	14:20:31	14
fod	115,72	67,147	76,253	14:23:00	43
kazizizu	23,28	369,459	24,30	14:23:06	44
pomo	154,238	467,70	310,310	14:19:40	4
muaki	47,391	148,373	38,126	14:21:48	29
pama	281,293	134,442	28,68	14:21:41	28
pama	196,412	444,339	304,208	14:22:19	36
kazzizu	14,381	248,59	194,65	14:22:11	34
muaki	302,153	253,50	22,320	14:19:49	6
pama	254,421	291,307	450,150	14:22:23	37
fama	76,358	489,417	96,438	14:20:48	17
fama	94,322	203,172	357,266	14:21:16	23
fod	472,215	100,255	419,377	14:22:16	35
pama	83,486	84,230	32,399	14:21:27	25
pomo	35,425	89,233	175,236	14:19:45	5
fama	44,216	18,283	221,415	14:19:54	7
muaki	264,426	482,179	18,329	14:20:36	15
muaki	50,230	454,95	53,165	14:23:10	45
muaki	67,215	473,407	217,122	14:21:55	31
kazzizu	428,58	228,125	188,159	14:21:32	26
fama	27,166	224,232	336,184	14:20:15	11
pama	436,397	257,297	167,38	14:21:23	24
pomo	237,152	242,200	252,74	14:20:52	18
pama	348,115	438,274	26,142	14:22:01	32
fama	163,62	52,204	431,228	14:20:42	16
muaki	361,351	363,67	427,305	14:20:25	13
fod	434,46	256,333	263,59	14:20:09	10
kazzizu	328,478	105,100	94,196	14:22:05	33
pomo	43,236	379,412	248,230	14:19:59	8
fod	347,119	193,213	98,56	14:23:22	47
pomo	437,319	434,366	263,222	14:22:47	41
kazzizu	340,30	42,217	206,132	14:22:37	40
fod	367,14	142,80	418,272	14:23:27	48
kazizizu	288,255	363,115	201,424	14:19:23	1
pama	165,353	21,269	375,230	14:21:51	30
kazizzu	309,341	144,310	36,277	14:23:17	46
pama	149,207	426,247	34,439	14:21:05	21
muaki	426,423	260,418	118,450	14:21:11	22
muaki	89,154	125,240	275,406	14:22:29	38
pama	430,321	167,177	252,84	14:19:29	2
muaki	106,64	466,431	23,193	14:22:52	42
pama	215,192	480,472	474,272	14:22:32	39
pomo	76,347	113,369	99,460	14:20:20	12