fod	414,470	162,424	468,31	15:16:15
pama	460,485	478,136	275,250	15:16:25
fod	135,13	68,54	233,23	15:16:31
fama	179,187	409,304	145,93	15:16:36
pama	175,284	190,426	128,288	15:16:44
kazizizu	191,51	267,342	465,245	15:16:55
kazizzu	362,435	239,350	80,24	15:17:06
kazizizu	109,205	27,167	248,249	15:17:15
pama	180,417	425,99	231,79	15:17:19
muaki	182,395	353,362	331,470	15:17:25
fod	159,31	31,415	362,486	15:17:33
pama	169,234	430,398	94,20	15:17:39
pama	412,192	215,428	349,452	15:17:43
fod	187,38	379,122	127,119	15:17:49
kazizzu	191,298	24,53	169,345	15:17:55
fama	33,318	365,53	243,237	15:18:01
fod	48,402	461,468	309,64	15:18:06
pama	478,231	246,202	169,104	15:18:16
fod	164,345	132,52	457,249	15:18:20
muaki	161,157	57,175	200,215	15:18:25
fama	29,222	43,384	265,275	15:18:31
kazizzu	130,303	186,101	280,485	15:18:36
pomo	154,268	225,390	459,384	15:18:41
muaki	483,132	238,125	174,204	15:18:47
kazizizu	364,325	351,410	490,60	15:18:53
fod	135,29	271,167	402,46	15:18:56
pama	97,281	298,264	301,167	15:19:02
muaki	49,411	454,454	444,388	15:19:08
kazizzu	261,87	87,111	210,342	15:19:14
fod	234,105	73,297	472,347	15:19:17
muaki	73,467	311,145	115,364	15:19:21
pama	347,201	154,155	455,444	15:19:26
pama	311,13	364,275	457,318	15:19:39
fod	172,227	395,249	328,114	15:19:42
muaki	100,72	208,163	358,190	15:19:46
fama	20,420	166,320	75,270	15:19:52
kazizizu	193,411	461,336	75,425	15:19:58
pama	290,376	428,164	160,394	15:20:04
pomom	472,322	131,377	80,449	15:20:08
fod	480,170	30,198	322,378	15:20:13
fama	377,332	308,53	161,373	15:20:18
fod	313,343	293,283	189,358	15:20:24
pama	218,469	244,155	143,393	15:20:30
pomo	59,125	225,180	11,295	15:20:36
fama	139,481	454,159	188,286	15:20:41
kazizizu	46,75	127,344	117,278	15:20:48
kazizzu	226,419	131,29	212,309	15:20:54
fod	377,419	288,130	84,421	15:20:57