pama	391,41	216,359	395,193	15:16:38	4
fod	486,420	466,135	48,26	15:20:51	46
muaki	77,378	218,284	101,337	15:17:37	11
muaki	17,46	151,56	365,187	15:18:12	17
pama	451,398	119,210	123,346	15:20:12	39
kazizizu	480,200	18,58	163,93	15:18:33	21
kazizzu	115,72	67,147	76,253	15:16:49	5
kazizizu	23,28	369,459	24,30	15:19:49	35
pomo	154,238	467,70	310,310	15:18:05	16
pomo	47,391	148,373	38,126	15:20:37	44
pomo	281,293	134,442	28,68	15:20:06	38
fod	196,412	444,339	304,208	15:19:18	30
muaki	14,381	248,59	194,65	15:20:59	48
pomo	302,153	253,50	22,320	15:19:05	27
kazizzu	254,421	291,307	450,150	15:20:28	42
fama	76,358	489,417	96,438	15:18:58	26
fod	94,322	203,172	357,266	15:18:38	22
pama	472,215	100,255	419,377	15:17:52	14
fod	83,486	84,230	32,399	15:19:24	31
pama	35,425	89,233	175,236	15:16:58	6
fod	44,216	18,283	221,415	15:20:56	47
fod	264,426	482,179	18,329	15:19:15	29
muaki	50,230	454,95	53,165	15:16:28	2
pama	67,215	473,407	217,122	15:18:50	24
kazizizu	428,58	228,125	188,159	15:19:12	28
fama	27,166	224,232	336,184	15:16:23	1
kazizizu	436,397	257,297	167,38	15:17:10	7
muaki	237,152	242,200	252,74	15:18:55	25
muaki	348,115	438,274	26,142	15:17:22	9
pama	163,62	52,204	431,228	15:16:33	3
pama	361,351	363,67	427,305	15:20:43	45
fama	434,46	256,333	263,59	15:20:16	40
kazizizu	328,478	105,100	94,196	15:20:22	41
kazizzu	43,236	379,412	248,230	15:20:02	37
fama	347,119	193,213	98,56	15:17:41	12
fod	437,319	434,366	263,222	15:17:17	8
kazizzu	340,30	42,217	206,132	15:17:31	10
fama	367,14	142,80	418,272	15:17:58	15
kazizizu	288,255	363,115	201,424	15:18:43	23
fama	165,353	21,269	375,230	15:20:33	43
kazizzu	309,341	144,310	36,277	15:19:28	32
fod	149,207	426,247	34,439	15:19:41	33
muaki	426,423	260,418	118,450	15:19:55	36
kazizzu	89,154	125,240	275,406	15:17:47	13
pomo	430,321	167,177	252,84	15:18:27	20
pama	106,64	466,431	23,193	15:18:22	19
fod	215,192	480,472	474,272	15:19:43	34
muaki	76,347	113,369	99,460	15:18:19	18