fama	232,397	113,469	100,121	08:16:29
kaziziu	356,390	73,211	456,418	08:16:44
fod	46,113	132,448	334,31	08:16:51
pama	239,326	268,150	322,182	08:16:57
fod	21,441	431,128	318,480	08:17:07
kazizizu	398,60	386,21	38,475	08:17:23
pama	131,384	375,193	105,341	08:17:28
fod	121,140	443,242	97,287	08:17:33
fama	263,326	122,40	465,434	08:17:40
fod	212,476	384,152	113,211	08:17:46
pama	142,21	261,37	31,288	08:17:52
fama	22,151	182,386	334,276	08:17:59
fod	237,444	405,189	196,11	08:18:03
pama	465,448	326,97	478,301	08:18:20
kazizzu	41,199	286,414	341,389	08:18:29
fama	135,472	399,385	19,420	08:18:34
fod	183,30	81,354	406,404	08:18:39
kazizizu	139,152	358,54	331,63	08:18:49
pama	55,306	21,370	392,489	08:19:00
kazizizu	180,422	197,456	346,48	08:19:15
fod	354,470	30,263	364,38	08:19:23
fod	192,56	57,262	400,453	08:19:31
pama	176,49	114,43	92,434	08:19:41
kazizizzu	96,136	249,106	16,151	08:19:56
pama	104,186	83,291	151,418	08:20:04
fama	329,15	398,348	267,271	08:20:08
muaki	130,487	152,333	19,244	08:20:17
kazizizzu	405,67	430,443	440,25	08:20:31
fama	432,297	68,241	379,410	08:20:40
kazizzu	218,489	419,59	369,254	08:20:46
pama	286,464	368,180	248,366	08:20:51
kazizzu	158,368	363,299	211,371	08:20:56
kazizzu	52,125	428,472	78,378	08:21:04
kazizzu	487,19	184,65	250,73	08:21:10
pama	464,458	72,392	27,431	08:21:15
fama	155,302	404,33	472,162	08:21:23
fama	389,139	39,262	428,239	08:21:28
fod	142,469	354,80	451,422	08:21:38
fod	447,447	430,141	22,190	08:21:41
muaki	204,475	157,265	377,173	08:21:50
fama	205,42	465,119	64,446	08:22:00
pama	270,443	94,299	214,31	08:22:04
muaki	48,345	490,391	415,451	08:22:11
pama	322,371	408,262	21,419	08:22:15
kazizzu	441,215	403,108	469,290	08:22:21
pama	270,184	321,245	292,374	08:22:27
muaki	200,72	326,284	360,49	08:22:33
muaki	305,397	384,305	298,309	08:22:38