pama	391,41	216,359	395,193	08:22:02	41
fama	486,420	466,135	48,26	08:17:31	7
kazizzu	77,378	218,284	101,337	08:17:05	4
pama	17,46	151,56	365,187	08:19:36	22
pama	451,398	119,210	123,346	08:16:50	2
kazizizzu	480,200	18,58	163,93	08:19:04	19
kazizzu	115,72	67,147	76,253	08:17:12	5
kazizizzu	23,28	369,459	24,30	08:18:56	18
fama	154,238	467,70	310,310	08:22:45	48
pama	47,391	148,373	38,126	08:21:40	38
fod	281,293	134,442	28,68	08:22:06	42
muaki	196,412	444,339	304,208	08:21:06	33
kazizu	14,381	248,59	194,65	08:18:11	13
pama	302,153	253,50	22,320	08:21:56	40
pama	254,421	291,307	450,150	08:20:42	29
fama	76,358	489,417	96,438	08:20:06	25
muaki	94,322	203,172	357,266	08:19:43	23
fama	472,215	100,255	419,377	08:22:30	46
muaki	83,486	84,230	32,399	08:18:02	12
pama	35,425	89,233	175,236	08:21:12	34
famam	44,216	18,283	221,415	08:18:22	14
fod	264,426	482,179	18,329	08:20:53	31
fama	50,230	454,95	53,165	08:22:17	44
fod	67,215	473,407	217,122	08:17:25	6
kazizzu	428,58	228,125	188,159	08:19:30	21
pama	27,166	224,232	336,184	08:21:30	37
fama	436,397	257,297	167,38	08:16:54	3
kazizu	237,152	242,200	252,74	08:16:38	1
pama	348,115	438,274	26,142	08:18:43	17
fama	163,62	52,204	431,228	08:20:15	26
pama	361,351	363,67	427,305	08:22:12	43
fod	434,46	256,333	263,59	08:17:35	8
kazizzu	328,478	105,100	94,196	08:22:24	45
muaki	43,236	379,412	248,230	08:20:49	30
muaki	347,119	193,213	98,56	08:18:38	16
pama	437,319	434,366	263,222	08:21:47	39
kazizizu	340,30	42,217	206,132	08:17:43	9
muaki	367,14	142,80	418,272	08:17:48	10
kazizzu	288,255	363,115	201,424	08:21:18	35
fama	165,353	21,269	375,230	08:19:17	20
kazizizu	309,341	144,310	36,277	08:20:25	27
muaki	149,207	426,247	34,439	08:20:37	28
kazizzu	426,423	260,418	118,450	08:20:02	24
kazizzu	89,154	125,240	275,406	08:20:59	32
pama	430,321	167,177	252,84	08:18:32	15
fama	106,64	466,431	23,193	08:21:25	36
fama	215,192	480,472	474,272	08:17:55	11
pama	76,347	113,369	99,460	08:22:36	47