pama	172,218	427,313	313,179	09:18:18
fama	425,453	319,97	446,233	09:18:30
pama	301,187	355,313	208,36	09:18:36
kazizizu	193,92	242,100	397,279	09:18:47
fod	40,95	118,259	466,36	09:18:52
kazizzu	373,147	244,309	450,67	09:19:00
fama	478,385	29,307	472,465	09:19:04
kazizziu	49,282	161,394	104,359	09:19:16
kazizui	419,287	440,171	376,347	09:19:27
fod	440,406	432,67	175,408	09:19:30
fod	93,57	64,327	356,24	09:19:36
pama	384,343	398,402	160,380	09:19:45
fod	377,199	171,48	102,265	09:19:50
fod	396,31	61,346	191,427	09:19:53
muaki	203,141	343,144	197,27	09:20:06
kazizui	62,280	74,115	117,419	09:20:16
fod	129,490	272,37	402,421	09:20:21
kazizizu	406,288	129,87	325,220	09:20:26
pama	342,231	241,393	86,421	09:20:34
pama	329,279	71,182	413,258	09:20:40
kazizizu	199,464	48,262	89,154	09:20:48
kazizziu	191,207	154,452	234,65	09:20:58
muaki	383,150	343,21	226,177	09:21:03
fama	231,78	397,461	460,473	09:21:07
kazizizu	392,299	262,453	470,184	09:21:17
pama	221,178	157,258	430,235	09:21:27
fama	302,88	314,429	443,356	09:21:32
fod	383,39	148,362	372,368	09:21:36
fama	270,216	51,443	453,243	09:21:41
muaki	201,123	277,28	314,220	09:21:48
pama	322,185	159,324	279,156	09:21:52
fama	121,91	233,424	30,186	09:22:00
pama	290,403	214,427	274,95	09:22:05
muaki	305,53	300,345	485,263	09:22:10
fama	97,196	375,363	213,198	09:22:14
fama	93,45	373,242	358,161	09:22:18
fama	387,469	241,129	403,261	09:22:22
fama	304,202	173,27	138,437	09:22:35
fama	112,432	479,402	287,474	09:22:40
pama	174,373	180,58	246,383	09:22:45
fama	246,329	417,128	80,285	09:22:49
fod	278,456	263,29	95,175	09:22:53
fama	279,388	367,442	405,14	09:23:08
kazizizu	388,26	436,376	417,232	09:23:14
fama	360,100	115,50	148,350	09:23:26
pama	422,383	188,349	21,258	09:23:33
muaki	144,289	223,397	307,307	09:23:43
pama	82,96	205,438	47,119	09:23:52