fama	391,41	216,359	395,193	09:19:48	12
fod	486,420	466,135	48,26	09:21:50	30
kazizizu	77,378	218,284	101,337	09:23:40	46
fama	17,46	151,56	365,187	09:22:51	41
fama	451,398	119,210	123,346	09:22:13	34
kazizizu	480,200	18,58	163,93	09:22:59	42
pama	115,72	67,147	76,253	09:23:30	45
kazizizu	23,28	369,459	24,30	09:21:45	29
fod	154,238	467,70	310,310	09:18:50	4
pama	47,391	148,373	38,126	09:20:50	21
fod	281,293	134,442	28,68	09:19:29	9
muaki	196,412	444,339	304,208	09:18:54	5
fama	14,381	248,59	194,65	09:22:37	38
fama	302,153	253,50	22,320	09:22:02	32
fama	254,421	291,307	450,150	09:22:21	36
pama	76,358	489,417	96,438	09:21:01	22
fama	94,322	203,172	357,266	09:22:17	35
fod	472,215	100,255	419,377	09:20:23	17
pama	83,486	84,230	32,399	09:22:07	33
pama	35,425	89,233	175,236	09:20:12	15
pama	44,216	18,283	221,415	09:21:38	28
fod	264,426	482,179	18,329	09:21:05	23
fama	50,230	454,95	53,165	09:19:40	11
fama	67,215	473,407	217,122	09:21:29	26
kazizizu	428,58	228,125	188,159	09:19:34	10
pama	27,166	224,232	336,184	09:19:02	6
pama	436,397	257,297	167,38	09:24:08	48
kaziziziu	237,152	242,200	252,74	09:18:24	1
fama	348,115	438,274	26,142	09:23:10	43
fod	163,62	52,204	431,228	09:18:33	2
pama	361,351	363,67	427,305	09:19:07	7
fama	434,46	256,333	263,59	09:21:10	24
fama	328,478	105,100	94,196	09:22:47	40
fod	43,236	379,412	248,230	09:19:51	13
muaki	347,119	193,213	98,56	09:20:43	20
kaziziu	437,319	434,366	263,222	09:20:02	14
kazizzu	340,30	42,217	206,132	09:23:21	44
muaki	367,14	142,80	418,272	09:22:43	39
kazizizu	288,255	363,115	201,424	09:23:46	47
fama	165,353	21,269	375,230	09:19:21	8
kazizizu	309,341	144,310	36,277	09:21:24	25
fama	149,207	426,247	34,439	09:21:56	31
pama	426,423	260,418	118,450	09:20:19	16
kazizizu	89,154	125,240	275,406	09:22:29	37
fama	430,321	167,177	252,84	09:20:31	18
fod	106,64	466,431	23,193	09:21:34	27
fama	215,192	480,472	474,272	09:20:36	19
pama	76,347	113,369	99,460	09:18:41	3