muaki	112,234	214,58	346,400	11:16:07
pama	273,270	236,144	266,438	11:16:14
muaki	342,212	110,96	200,345	11:16:20
fama	109,11	342,89	490,217	11:16:30
fod	82,410	396,269	418,60	11:16:40
kazizui	355,39	284,79	86,140	11:16:50
pama	468,349	399,214	482,175	11:16:57
muaki	162,334	376,261	420,86	11:17:05
kazizizui	116,39	86,448	117,86	11:17:10
fod	175,189	485,80	448,413	11:17:17
fod	130,312	441,403	380,37	11:17:22
kazizui	52,358	376,441	81,368	11:17:30
muaki	126,233	211,11	484,141	11:17:34
fama	87,109	169,163	66,276	11:17:41
muaki	238,230	454,233	300,412	11:17:49
pama	155,420	234,106	332,123	11:17:55
fama	133,374	471,18	325,62	11:18:01
fama	375,440	284,96	441,277	11:18:10
fod	226,37	376,385	190,432	11:18:14
kazizui	170,417	172,134	160,462	11:18:26
fama	55,305	391,278	400,233	11:18:31
kazizui	391,43	116,371	50,430	11:18:36
fod	422,414	379,216	19,330	11:18:42
fama	483,235	356,368	129,56	11:18:47
muaki	310,288	462,471	411,132	11:18:52
muaki	443,456	426,343	244,336	11:19:03
kazizizu	360,317	481,468	83,125	11:19:18
kaziuzui	429,54	276,166	428,37	11:19:25
fod	210,16	53,382	471,483	11:19:32
kazizui	59,48	225,25	39,28	11:19:40
kazizui	32,16	446,211	240,173	11:19:45
muaki	375,110	479,366	88,72	11:19:50
fod	480,26	116,266	182,53	11:19:55
fod	293,381	58,335	273,38	11:19:59
muaki	328,321	76,62	336,105	11:20:05
kazizui	79,357	111,35	78,341	11:20:11
fod	198,443	440,187	318,37	11:20:18
muaki	248,308	53,353	84,224	11:20:22
fama	395,366	115,443	211,377	11:20:38
kazizui	471,48	208,57	100,53	11:20:46
muaki	151,169	400,251	194,467	11:20:56
fama	101,381	419,51	77,247	11:21:01
muaki	78,314	64,120	177,138	11:21:05
fod	334,81	13,438	34,213	11:21:12
fama	325,14	251,42	60,341	11:21:20
fod	84,201	19,473	442,202	11:21:23
fod	450,53	93,379	93,159	11:21:32
fama	136,161	463,190	270,149	11:21:37