pama	391,41	216,359	395,193	11:18:12	18
fod	486,420	466,135	48,26	11:18:28	20
kazizizu	77,378	218,284	101,337	11:18:22	19
fama	17,46	151,56	365,187	11:20:40	39
fod	451,398	119,210	123,346	11:17:47	14
kazizui	480,200	18,58	163,93	11:20:50	40
pama	115,72	67,147	76,253	11:19:48	31
kazizizu	23,28	369,459	24,30	11:21:17	44
fod	154,238	467,70	310,310	11:19:52	32
pama	47,391	148,373	38,126	11:17:19	10
fod	281,293	134,442	28,68	11:20:20	37
muaki	196,412	444,339	304,208	11:17:15	9
pama	14,381	248,59	194,65	11:21:40	48
pama	302,153	253,50	22,320	11:17:52	15
fama	254,421	291,307	450,150	11:19:30	28
pama	76,358	489,417	96,438	11:17:58	16
muaki	94,322	203,172	357,266	11:17:02	7
fod	472,215	100,255	419,377	11:20:07	35
kazizui	83,486	84,230	32,399	11:20:02	34
fama	35,425	89,233	175,236	11:19:42	30
pama	44,216	18,283	221,415	11:17:27	11
fod	264,426	482,179	18,329	11:17:07	8
pama	50,230	454,95	53,165	11:18:33	21
fod	67,215	473,407	217,122	11:19:07	26
kazizui	428,58	228,125	188,159	11:21:09	43
pama	27,166	224,232	336,184	11:21:03	42
fama	436,397	257,297	167,38	11:18:08	17
muaki	237,152	242,200	252,74	11:16:33	4
muaki	348,115	438,274	26,142	11:19:21	27
muaki	163,62	52,204	431,228	11:17:37	13
fama	361,351	363,67	427,305	11:19:34	29
fod	434,46	256,333	263,59	11:19:56	33
fama	328,478	105,100	94,196	11:16:53	6
fama	43,236	379,412	248,230	11:16:10	1
muaki	347,119	193,213	98,56	11:18:39	22
fama	437,319	434,366	263,222	11:20:59	41
kazizizu	340,30	42,217	206,132	11:20:35	38
muaki	367,14	142,80	418,272	11:21:34	47
kazizizu	288,255	363,115	201,424	11:16:26	3
muaki	165,353	21,269	375,230	11:21:28	46
kazizui	309,341	144,310	36,277	11:16:45	5
muaki	149,207	426,247	34,439	11:18:57	25
fama	426,423	260,418	118,450	11:16:17	2
pama	89,154	125,240	275,406	11:21:22	45
pama	430,321	167,177	252,84	11:18:49	24
fod	106,64	466,431	23,193	11:17:32	12
fama	215,192	480,472	474,272	11:18:45	23
kazizui	76,347	113,369	99,460	11:20:15	36