famomi	443,98	247,419	276,93
kafi	118,436	440,182	141,223
dako	41,28	440,170	42,101
kapa	395,98	140,53	183,299
ziduku	273,19	166,432	115,358
zazo	184,291	199,31	432,73
kaki	16,261	435,442	444,112
dapidodo	189,360	51,397	361,227
fodamudo	104,408	181,473	454,440
muku	152,350	189,382	304,142
zipozafa	416,271	176,385	395,370
fopikudi	183,119	54,226	265,265
fumufo	221,419	405,148	290,76
pumizipa	281,289	115,189	152,311
pumu	476,281	314,403	405,397
dizupopa	270,331	98,455	251,268
zamafodi	29,355	463,396	265,474
kapu	314,438	473,241	404,190
fipamiku	191,25	484,269	447,417
mika	243,94	86,140	244,208
mamomoka	337,189	103,212	262,334
mizofifo	335,418	151,415	276,21
dumo	407,74	211,51	145,299
zuzo	172,418	299,381	384,201
mufikizu	220,324	121,280	354,109
pifi	449,393	388,249	194,269
mizodifo	270,42	19,93	228,198
mazama	45,370	84,11	318,115
pimafi	39,268	130,32	433,416
mukomopo	425,18	455,61	466,307
kakazaza	254,337	114,223	12,264
zakufumo	116,113	71,425	269,235
foduzifa	392,222	233,227	244,427
duzodoka	118,36	199,366	314,375
zopi	147,55	397,40	155,194
mafadadu	149,87	424,335	26,145
zudadopi	285,50	257,262	132,232
mozapo	364,186	325,250	207,289
pozizaka	122,123	226,216	239,56
zopimadu	383,106	375,252	424,211
pokapu	375,287	438,116	165,401
zoki	213,73	375,402	34,151
dapakomi	36,111	297,105	82,352
fuzuzu	56,302	333,348	394,134
mimomi	94,67	427,412	160,248
madumo	221,469	291,334	422,442
pifipa	232,64	134,214	482,180
kapuda	44,54	13,158	411,200
dakifo	25,24	172,79	143,467
zupu	181,254	129,300	71,83