miki	290,35	38,404	104,404
mudofo	55,50	166,244	366,187
mamo	180,160	193,192	111,244
dami	414,87	146,379	363,301
dipi	189,412	93,104	290,72
fipopimi	270,330	27,62	283,254
zopupu	393,121	413,318	274,195
pafofu	40,459	248,38	367,229
kafi	66,126	186,421	189,290
zazumofu	40,284	484,205	140,170
didufofu	300,125	316,368	215,257
paza	37,360	321,116	265,71
zopo	325,13	24,429	136,132
pukififu	465,397	446,361	26,152
zazo	244,270	400,51	120,342
foza	306,183	81,285	462,249
poki	476,161	311,285	187,65
moko	464,470	354,230	176,79
kifudipo	343,12	67,199	89,260
zomofuda	114,68	438,310	323,95
damufaki	108,368	211,72	258,482
dafu	159,449	455,36	119,138
zodimi	329,178	60,231	367,274
pokofo	388,90	39,305	216,376
kufazu	17,283	489,353	392,205
komopafo	193,375	474,159	97,227
zafafa	169,465	428,427	240,297
dimufuda	173,260	155,109	463,259
kamu	338,41	175,109	15,63
fifupaza	420,251	396,364	14,25
mozi	46,87	439,335	417,85
dozipu	451,252	195,219	19,351
mufiko	255,345	101,392	92,238
kafa	241,304	422,275	93,389
kupuduki	88,281	418,19	318,189
fumuza	32,394	432,443	42,25
doma	431,350	467,286	356,259
kakapifu	417,360	95,124	220,432
moki	228,15	404,33	266,204
maki	13,380	145,102	152,192
fada	166,209	431,446	87,423
kopi	245,152	394,17	362,178
zipidaki	313,172	314,100	83,62
fadimo	84,438	308,244	306,80
fimikodo	17,140	300,27	461,380
kidodopu	215,195	290,269	183,449
kizu	13,99	229,204	86,212
fupupipo	231,214	131,231	106,337
fomazoza	445,256	163,18	47,94
momo	245,436	378,109	447,369