mappafiki	89,402	336,436	44,92	15:05:35
kik	467,55	452,80	45,477	15:05:43
mappifiki	346,177	122,126	103,476	15:05:56
mappafiki	67,160	359,315	143,470	15:06:05
dazari	280,257	18,353	39,408	15:06:17
dazari	355,118	320,200	64,353	15:06:30
mappifiki	281,40	398,243	109,433	15:06:38
dazari	229,444	119,341	80,212	15:06:46
dazari	326,137	361,195	442,14	15:06:58
kik	174,231	261,181	94,290	15:07:05
kik	99,439	397,408	148,450	15:07:15
mappifiki	441,181	277,415	121,243	15:07:39
fumo	80,416	354,446	266,343	15:07:46
fumo	181,390	365,263	314,423	15:07:53
mappifiki	233,188	38,464	458,483	15:08:02
dazari	310,115	283,201	178,236	15:08:08
kik	366,128	407,152	53,37	15:08:15
dazari	385,122	442,248	78,217	15:08:28
fumo	100,248	117,455	20,420	15:08:34
mappifiki	388,243	118,415	217,85	15:08:46
dazari	407,37	189,200	227,357	15:08:50
dazari	425,103	475,341	244,37	15:08:57
dazari	368,139	149,319	376,216	15:09:07
mappifiki	46,466	454,152	431,463	15:09:25
fumo	82,328	216,189	253,423	15:09:31
dazari	264,170	449,443	359,186	15:09:35
kik	309,294	279,293	145,33	15:09:40
kik	320,22	161,458	331,46	15:09:44
dazari	184,366	22,147	28,442	15:09:52
fumo	120,100	280,326	279,43	15:10:00
dazari	259,52	202,218	485,71	15:10:05
dazari	394,303	355,182	105,489	15:10:12
fumo	204,414	21,354	382,341	15:10:19
dazari	390,76	217,401	213,234	15:10:24
fumo	352,322	324,142	158,112	15:10:32
kik	174,406	154,366	134,148	15:10:36
mappifiki	271,419	479,178	172,98	15:11:02
fumo	120,391	52,228	241,122	15:11:13
dazaki	430,77	249,300	261,200	15:11:22
mappifiki	304,425	421,74	116,24	15:11:28
kik	353,204	452,260	121,110	15:11:45
kik	220,381	39,208	69,200	15:11:49
fumo	296,178	100,338	396,331	15:12:03
daziki	450,335	398,208	145,168	15:12:20
kik	397,439	103,327	22,208	15:12:28
kik	341,365	401,302	135,32	15:12:32
daziki	402,344	403,430	62,461	15:12:42
kik	140,348	149,230	195,54	15:12:48