daziki	391,41	216,359	395,193	15:12:08	43
mappifiki	486,420	466,135	48,26	15:09:38	26
dazari	77,378	218,284	101,337	15:07:02	9
dazari	17,46	151,56	365,187	15:05:59	3
mappifiki	451,398	119,210	123,346	15:09:16	23
kik	480,200	18,58	163,93	15:08:35	19
dazari	115,72	67,147	76,253	15:05:42	1
kik	23,28	369,459	24,30	15:09:46	28
dazaki	154,238	467,70	310,310	15:10:59	36
dazari	47,391	148,373	38,126	15:08:21	17
fumo	281,293	134,442	28,68	15:11:19	38
fumo	196,412	444,339	304,208	15:12:21	44
kik	14,381	248,59	194,65	15:07:55	14
dazari	302,153	253,50	22,320	15:09:42	27
kik	254,421	291,307	450,150	15:07:13	10
kik	76,358	489,417	96,438	15:12:30	45
fumo	94,322	203,172	357,266	15:11:25	39
dazari	472,215	100,255	419,377	15:05:48	2
daziki	83,486	84,230	32,399	15:11:42	40
dazari	35,425	89,233	175,236	15:10:17	32
dazari	44,216	18,283	221,415	15:10:03	30
mappifiki	264,426	482,179	18,329	15:12:37	46
dazari	50,230	454,95	53,165	15:08:32	18
mappifiki	67,215	473,407	217,122	15:07:31	11
kik	428,58	228,125	188,159	15:06:32	6
dazari	27,166	224,232	336,184	15:10:29	34
daziki	436,397	257,297	167,38	15:12:46	47
dazari	237,152	242,200	252,74	15:06:55	8
fumo	348,115	438,274	26,142	15:10:21	33
dazari	163,62	52,204	431,228	15:09:57	29
daziki	361,351	363,67	427,305	15:11:11	37
dazari	434,46	256,333	263,59	15:08:06	15
kik	328,478	105,100	94,196	15:07:48	13
dazari	43,236	379,412	248,230	15:08:54	21
fumo	347,119	193,213	98,56	15:11:47	41
dazari	437,319	434,366	263,222	15:06:13	4
kik	340,30	42,217	206,132	15:09:32	25
fumo	367,14	142,80	418,272	15:10:35	35
kik	288,255	363,115	201,424	15:07:40	12
fumo	165,353	21,269	375,230	15:09:29	24
kik	309,341	144,310	36,277	15:06:19	5
mappifiki	149,207	426,247	34,439	15:08:14	16
kik	426,423	260,418	118,450	15:10:10	31
kik	89,154	125,240	275,406	15:08:47	20
fumo	430,321	167,177	252,84	15:06:41	7
mappifiki	106,64	466,431	23,193	15:09:03	22
daziki	215,192	480,472	474,272	15:12:01	42
daziki	76,347	113,369	99,460	15:12:51	48