kumo	100,118	334,104	286,43	10:35:20
kuzo	453,280	488,49	263,482	10:35:32
fapufa	483,437	187,327	339,73	10:35:49
foda	397,166	399,456	383,178	10:36:09
fofumi	210,444	388,348	263,180	10:36:22
fapipima	217,353	288,61	446,84	10:36:36
zukokiki	93,408	353,90	447,125	10:36:45
fapapima	81,439	72,258	276,401	10:37:01
pomodafi	321,182	76,229	147,448	10:37:24
dopomipa	27,316	304,143	96,155	10:38:04
fudomi	409,418	230,61	428,198	10:38:12
mapapima	190,167	396,81	209,431	10:38:27
fipipoma	16,38	194,240	342,49	10:38:45
kumo	373,254	379,452	478,212	10:38:56
fudufima	445,14	38,258	146,124	10:39:07
dupo	403,65	51,143	115,469	10:39:29
kuza	331,295	145,236	366,343	10:39:45
pima	177,372	371,360	121,222	10:39:54
dizo	398,484	466,286	446,453	10:40:09
mifo	488,401	457,35	169,112	10:40:22
mizo	149,81	167,189	213,272	10:40:36
mikazu	397,347	402,295	204,174	10:41:06
mifo	464,410	37,262	460,472	10:41:17
papopima	335,62	390,198	142,347	10:41:29
kumo	312,213	296,374	460,81	10:41:38
dafu	284,290	252,350	29,389	10:41:51
komuza	307,415	245,218	219,438	10:42:05
dofu	382,193	358,409	444,328	10:42:15
kazida	390,289	380,290	476,31	10:42:25
fudofumi	168,53	77,302	279,432	10:42:51
fimakaza	155,445	313,35	314,424	10:42:59
dafu	247,221	418,222	17,373	10:43:13
fapo	185,14	284,151	39,442	10:43:37
kuza	253,177	33,409	356,236	10:43:54
fudo	190,33	279,256	325,67	10:44:16
koma	198,470	21,21	15,325	10:44:33
kapofuma	434,251	56,362	463,62	10:44:58
pomopipo	146,298	234,431	181,203	10:45:17
komuka	22,455	483,263	314,21	10:45:30
mapazo	161,131	426,395	339,154	10:45:54
kuzo	343,230	337,210	148,290	10:46:13
pomipopo	48,48	89,417	328,74	10:46:36
fodufumi	438,464	361,181	405,52	10:48:06
kuzo	373,416	16,366	188,319	10:48:18
kuma	376,339	439,311	244,287	10:48:31
kazida	455,96	27,301	296,165	10:48:43
popumi	101,333	203,179	259,40	10:48:54
kozumi	243,207	14,114	377,408	10:49:18