dopopima	391,41	216,359	395,193	10:41:14	22
momomida	486,420	466,135	48,26	10:39:42	16
kuza	77,378	218,284	101,337	10:37:14	8
kazo	17,46	151,56	365,187	10:41:35	24
kazo	451,398	119,210	123,346	10:48:34	45
kamakaza	480,200	18,58	163,93	10:40:32	20
dofu	115,72	67,147	76,253	10:45:26	38
kadama	23,28	369,459	24,30	10:46:07	40
fadamimo	154,238	467,70	310,310	10:40:17	19
zukokiki	47,391	148,373	38,126	10:37:55	9
dofa	281,293	134,442	28,68	10:36:51	7
fuda	196,412	444,339	304,208	10:38:09	10
zukokiki	14,381	248,59	194,65	10:39:00	14
kazo	302,153	253,50	22,320	10:39:48	17
fofumi	254,421	291,307	450,150	10:41:58	26
pimapodu	76,358	489,417	96,438	10:42:22	28
fadafima	94,322	203,172	357,266	10:41:45	25
kumo	472,215	100,255	419,377	10:35:38	2
mapapipo	83,486	84,230	32,399	10:48:15	43
kidopomu	35,425	89,233	175,236	10:40:53	21
kaza	44,216	18,283	221,415	10:38:18	11
kazo	264,426	482,179	18,329	10:36:28	5
kamikuzu	50,230	454,95	53,165	10:44:28	35
zukokiki	67,215	473,407	217,122	10:36:04	3
kazida	428,58	228,125	188,159	10:49:21	48
fokuza	27,166	224,232	336,184	10:48:01	42
mifu	436,397	257,297	167,38	10:38:53	13
kupu	237,152	242,200	252,74	10:43:47	33
fapadafi	348,115	438,274	26,142	10:40:04	18
pazama	163,62	52,204	431,228	10:49:05	47
fodofumi	361,351	363,67	427,305	10:48:49	46
pomopipo	434,46	256,333	263,59	10:45:44	39
pamapomi	328,478	105,100	94,196	10:44:07	34
kamazika	43,236	379,412	248,230	10:39:18	15
kamadafi	347,119	193,213	98,56	10:38:38	12
mifo	437,319	434,366	263,222	10:42:53	30
zakadafi	340,30	42,217	206,132	10:45:09	37
kuma	367,14	142,80	418,272	10:41:21	23
kazida	288,255	363,115	201,424	10:44:36	36
zukokiki	165,353	21,269	375,230	10:42:46	29
zukokiki	309,341	144,310	36,277	10:46:18	41
dafa	149,207	426,247	34,439	10:36:18	4
fapofa	426,423	260,418	118,450	10:43:25	32
fapipima	89,154	125,240	275,406	10:35:29	1
mifo	430,321	167,177	252,84	10:36:39	6
mamapopi	106,64	466,431	23,193	10:43:05	31
dopu	215,192	480,472	474,272	10:42:12	27
fadapo	76,347	113,369	99,460	10:48:27	44