fomifa	377,489	215,463	378,70	14:22:41
kasa	365,174	464,11	261,422	14:22:59
kadiza	45,191	95,204	453,110	14:23:11
mapifa	299,181	17,241	488,30	14:23:35
fodu	416,102	111,307	203,366	14:23:52
kodu	383,364	214,215	202,154	14:24:19
foda	104,441	299,95	427,67	14:24:59
fomakudu	346,468	121,113	376,386	14:25:19
mapafudo	419,90	60,341	141,176	14:25:38
koda	96,134	387,187	357,65	14:26:04
kudoa	25,244	64,230	216,432	14:26:44
kudu	323,301	230,296	302,481	14:27:00
kudo	227,337	182,312	50,145	14:27:13
fumua	290,108	305,13	313,17	14:27:37
fupokiki	156,168	474,267	270,360	14:27:57
fumau	162,198	439,212	49,90	14:28:13
fumapa	377,134	213,274	310,80	14:28:32
mappafuma	329,325	313,382	65,38	14:29:12
foumfoa	411,339	316,417	89,313	14:29:27
kumoa	437,15	404,58	311,117	14:29:44
fomafia	413,405	67,222	490,483	14:30:00
komoa	278,322	294,18	128,106	14:30:21
mappfomu	489,345	433,180	166,473	14:30:41
kumu	314,87	321,139	14,400	14:30:58
fumu	442,440	404,355	487,225	14:31:18
fomuau	462,410	139,38	141,139	14:31:37
mapamoa	31,409	450,315	416,87	14:31:52
mapapopo	323,344	136,138	346,438	14:32:36
kasu	144,12	115,128	268,375	14:33:02
kasa	477,420	82,426	142,121	14:33:19
fomu	25,29	244,228	292,64	14:33:42
kamkou	297,130	379,120	22,433	14:33:53
kumo	147,335	286,272	462,142	14:34:09
dopifo	220,116	144,324	234,402	14:34:31
dopikasa	209,221	331,280	156,462	14:34:44
kopifu	391,171	481,145	388,282	14:35:06
dopikasa	198,195	402,86	304,413	14:35:19
dopu	28,441	258,304	223,230	14:35:38
kapu	411,414	421,353	104,97	14:36:07
fopu	335,407	173,166	56,176	14:36:18
fupokiki	75,487	126,468	352,122	14:36:30
kumofapa	203,324	42,331	352,172	14:36:44
mappamoa	459,372	90,419	197,16	14:36:55
mappakasa	16,118	420,427	460,33	14:37:05
mappafoa	33,305	429,195	460,475	14:37:27
mappafumi	361,44	472,476	22,334	14:37:45
kumo	108,214	167,139	55,28	14:37:58
fimamoa	301,24	390,380	432,97	14:38:16