fodapopo	391,41	216,359	395,193	14:24:13	5
fupapopo	486,420	466,135	48,26	14:26:20	10
kudu	77,378	218,284	101,337	14:25:45	9
fudokiki	17,46	151,56	365,187	14:27:08	12
fomfifa	451,398	119,210	123,346	14:23:20	3
kudu	480,200	18,58	163,93	14:37:33	45
kudu	115,72	67,147	76,253	14:25:12	7
fudokomi	23,28	369,459	24,30	14:35:26	37
fupokiki	154,238	467,70	310,310	14:36:50	42
fumo	47,391	148,373	38,126	14:34:04	32
mappafasa	281,293	134,442	28,68	14:29:33	19
dupofima	196,412	444,339	304,208	14:38:25	48
kudoa	14,381	248,59	194,65	14:28:19	16
fudako	302,153	253,50	22,320	14:24:39	6
fumufoa	254,421	291,307	450,150	14:30:49	23
popifuo	76,358	489,417	96,438	14:34:17	33
fumou	94,322	203,172	357,266	14:34:58	35
mapafima	472,215	100,255	419,377	14:28:02	15
kumou	83,486	84,230	32,399	14:32:07	27
fudoka	35,425	89,233	175,236	14:27:30	13
kamu	44,216	18,283	221,415	14:33:45	31
mapopipi	264,426	482,179	18,329	14:32:53	28
fumofu	50,230	454,95	53,165	14:33:28	30
mapima	67,215	473,407	217,122	14:23:05	2
kudu	428,58	228,125	188,159	14:31:24	25
foma	27,166	224,232	336,184	14:36:12	39
kupao	436,397	257,297	167,38	14:37:18	44
komu	237,152	242,200	252,74	14:31:47	26
fumakiki	348,115	438,274	26,142	14:37:52	46
mapafoa	163,62	52,204	431,228	14:30:29	22
fumu	361,351	363,67	427,305	14:34:38	34
pudopipo	434,46	256,333	263,59	14:26:55	11
fupo	328,478	105,100	94,196	14:37:01	43
mappafoua	43,236	379,412	248,230	14:35:58	38
kasau	347,119	193,213	98,56	14:29:19	18
kuduo	437,319	434,366	263,222	14:27:43	14
kumoa	340,30	42,217	206,132	14:36:24	40
kodu	367,14	142,80	418,272	14:23:43	4
fumu	288,255	363,115	201,424	14:35:14	36
mapaoma	165,353	21,269	375,230	14:31:10	24
fomoa	309,341	144,310	36,277	14:29:53	20
pumokiki	149,207	426,247	34,439	14:28:40	17
kozu	426,423	260,418	118,450	14:22:47	1
fomu	89,154	125,240	275,406	14:30:13	21
fumou	430,321	167,177	252,84	14:33:09	29
mappafoma	106,64	466,431	23,193	14:36:38	41
fudoku	215,192	480,472	474,272	14:25:30	8
kuda	76,347	113,369	99,460	14:38:05	47