kazida	13,46	332,224	446,408	11:18:50
dufu	70,163	453,418	488,186	11:18:57
mappafoa	131,350	167,432	412,130	11:19:06
kazida	96,277	487,47	115,201	11:19:13
kasu	45,460	313,104	77,338	11:19:26
kazida	343,80	374,185	294,330	11:19:37
kasu	102,354	482,65	282,480	11:19:43
dazi	241,402	339,397	344,260	11:19:51
kazi	36,429	47,33	466,152	11:20:00
kopiko	223,20	121,46	113,188	11:20:11
stick	374,446	258,258	140,61	11:20:26	[Replaced with 'fika']
mappakiki	97,232	404,89	287,196	11:20:38
dasu	78,37	107,406	424,441	11:20:44
komo	176,449	380,213	472,355	11:20:50
mappafuku	354,205	364,465	241,467	11:21:04
mapifo	162,124	422,410	372,72	11:21:16
fomuau	461,458	294,374	57,90	11:21:25
stick	79,124	116,176	40,49	11:21:31	[Replaced with 'fika']
fumo	127,206	488,16	409,470	11:21:39
fumoua	361,273	184,235	247,414	11:21:45
foma	211,399	48,143	318,409	11:21:54
komoka	204,288	377,487	172,424	11:22:03
kaki	87,241	58,193	407,87	11:22:13
fumo	232,43	283,229	49,202	11:22:20
fumo	208,400	464,382	144,220	11:22:23
kimoa	306,344	129,343	476,436	11:22:33
kikimua	89,288	158,36	312,400	11:22:42
kapu	20,462	258,229	405,43	11:22:51
momofuku	103,409	163,403	250,320	11:23:02
dakita	228,74	302,355	21,444	11:23:17
momofuki	70,193	102,340	112,309	11:23:28
kapu	401,191	107,68	216,408	11:23:35
komu	457,225	380,224	444,294	11:23:49
fakoko	257,56	213,409	449,453	11:23:56
soko	238,187	36,50	51,47	11:24:08
fomoa	483,111	229,94	440,331	11:24:27
kakipu	262,190	234,149	187,396	11:24:32
nikidi	82,263	146,129	445,63	11:24:44
pofa	206,186	96,478	405,135	11:24:52
foma	189,123	44,163	14,177	11:24:56
kapi	372,310	30,490	163,16	11:25:03
momo	436,414	195,180	72,371	11:25:08
sifa	85,144	144,220	262,98	11:25:16
moa	273,457	274,358	445,188	11:25:22
kapi	482,144	300,35	296,304	11:25:29
fomoa	201,178	123,221	178,276	11:25:35
fomoa	227,123	199,411	292,261	11:25:42
kiki	292,366	395,426	96,166	11:25:51