mafoki	391,41	216,359	395,193	11:21:59	21
famiko	486,420	466,135	48,26	11:23:40	32
kufasi	77,378	218,284	101,337	11:25:14	42
kappafua	17,46	151,56	365,187	11:24:40	37
fumua	451,398	119,210	123,346	11:19:48	7
fapo	480,200	18,58	163,93	11:24:50	38
fumo	115,72	67,147	76,253	11:22:22	24
stick	23,28	369,459	24,30	11:25:37	46
kapu	154,238	467,70	310,310	11:24:30	36
mofou	47,391	148,373	38,126	11:25:54	48
mofiko	281,293	134,442	28,68	11:22:17	23
fomao	196,412	444,339	304,208	11:24:10	35
mappafua	14,381	248,59	194,65	11:19:33	5
kusu	302,153	253,50	22,320	11:19:09	3
fudu	254,421	291,307	450,150	11:18:59	2
kazu	76,358	489,417	96,438	11:20:41	12
kikikoa	94,322	203,172	357,266	11:19:40	6
kapu	472,215	100,255	419,377	11:23:06	29
kapu	83,486	84,230	32,399	11:24:54	39
komoa	35,425	89,233	175,236	11:25:19	43
fumuau	44,216	18,283	221,415	11:19:20	4
dafu	264,426	482,179	18,329	11:23:33	31
mapifu	50,230	454,95	53,165	11:21:37	18
fumoa	67,215	473,407	217,122	11:22:47	27
fuki	428,58	228,125	188,159	11:22:09	22
kapu	27,166	224,232	336,184	11:22:53	28
fomao	436,397	257,297	167,38	11:25:24	44
fomoa	237,152	242,200	252,74	11:20:34	11
kasu	348,115	438,274	26,142	11:21:08	15
kapu	163,62	52,204	431,228	11:25:45	47
fomou	361,351	363,67	427,305	11:18:53	1
fumoau	434,46	256,333	263,59	11:19:56	8
moa	328,478	105,100	94,196	11:23:24	30
pika	43,236	379,412	248,230	11:25:05	41
fumuau	347,119	193,213	98,56	11:21:27	17
kasu	437,319	434,366	263,222	11:20:52	14
fuu	340,30	42,217	206,132	11:20:04	9
fumoa	367,14	142,80	418,272	11:20:17	10
stick	288,255	363,115	201,424	11:20:48	13
kasu	165,353	21,269	375,230	11:21:48	20
kasu	309,341	144,310	36,277	11:22:29	25
kasu	149,207	426,247	34,439	11:21:19	16
mafiko	426,423	260,418	118,450	11:21:42	19
pika	89,154	125,240	275,406	11:25:32	45
fomo	430,321	167,177	252,84	11:24:02	34
muko	106,64	466,431	23,193	11:23:51	33
fumoa	215,192	480,472	474,272	11:22:36	26
dusa	76,347	113,369	99,460	11:24:59	40