momofuku	233,344	84,231	134,367	09:01:40
fumouau	343,473	161,334	55,106	09:01:47
dazi	198,364	291,92	181,368	09:02:00
fika	173,219	268,270	400,364	09:02:05
fumo	23,91	222,436	483,274	09:02:16
kazi	172,225	128,245	446,251	09:02:26
mappafuko	122,299	234,272	143,278	09:02:37
kazida	367,330	151,167	412,322	09:02:51
kazi	45,95	50,302	354,439	09:03:02
fumouau	176,367	39,388	313,32	09:03:13
kumouau	172,474	246,289	228,202	09:03:27
dakita	49,339	490,272	121,143	09:03:41
dazi	324,234	163,346	435,140	09:04:05
mappakiki	60,478	462,201	154,384	09:04:27
dakita	32,188	468,71	480,332	09:04:34
kiki	19,166	208,48	63,30	09:04:59
kazi	69,224	14,305	22,231	09:05:09
fumouao	323,234	174,115	427,203	09:05:40
kazi	171,346	117,236	83,484	09:06:03
dakita	417,290	242,62	16,128	09:06:19
fumo	407,457	67,290	117,139	09:06:46
dakita	17,60	80,17	322,191	09:07:01
fumuao	149,371	178,121	81,322	09:07:15
mappafiki	14,102	20,472	163,489	09:07:38
kazida	313,172	164,31	209,216	09:07:46
mappakiki	51,268	430,54	83,441	09:07:57
fumouau	230,430	363,382	286,307	09:08:31
kazida	275,89	11,345	96,323	09:08:53
momofuku	45,234	204,212	344,275	09:09:07
momofika	43,347	367,52	328,39	09:09:19
momofika	31,118	51,195	223,468	09:09:50
fumo	387,383	323,14	129,396	09:10:09
kazida	488,55	195,239	107,200	09:10:17
fuko	356,23	167,412	303,274	09:10:54
mappakiki	51,151	200,204	171,399	09:11:06
kazida	410,212	177,349	255,249	09:11:25
kazi	300,40	328,301	374,413	09:11:39
momofuku	133,408	156,326	129,490	09:11:55
mappakiki	110,161	347,466	203,185	09:12:04
mappakiki	15,243	325,204	436,486	09:12:23
momofuku	112,356	207,278	215,452	09:12:33
mappafika	37,24	481,355	315,365	09:12:44
fumouau	277,437	282,423	273,400	09:13:05
kazida	423,372	71,279	348,263	09:13:13
dakazi	453,352	16,288	66,441	09:13:22
mappakiki	284,167	307,481	435,32	09:13:34
fumouau	442,462	46,433	326,350	09:13:48
kazida	307,113	296,99	46,78	09:13:59