dakita	391,41	216,359	395,193	09:02:03	3
fumo	486,420	466,135	48,26	09:12:57	42
mappafuku	77,378	218,284	101,337	09:07:07	22
mappakiki	17,46	151,56	365,187	09:14:05	48
dakita	451,398	119,210	123,346	09:02:30	6
dazi	480,200	18,58	163,93	09:02:21	5
kasu	115,72	67,147	76,253	09:08:23	26
fika	23,28	369,459	24,30	09:02:07	4
dakita	154,238	467,70	310,310	09:01:42	1
momofika	47,391	148,373	38,126	09:05:05	16
dakita	281,293	134,442	28,68	09:02:41	7
momofuku	196,412	444,339	304,208	09:12:17	39
momofika	14,381	248,59	194,65	09:12:37	41
kazida	302,153	253,50	22,320	09:11:27	36
momofuku	254,421	291,307	450,150	09:06:25	20
mappakiki	76,358	489,417	96,438	09:08:59	28
mappakiki	94,322	203,172	357,266	09:12:29	40
kazida	472,215	100,255	419,377	09:13:28	45
fumuau	83,486	84,230	32,399	09:11:49	37
momofuku	35,425	89,233	175,236	09:10:20	33
kazida	44,216	18,283	221,415	09:13:17	44
dazaki	264,426	482,179	18,329	09:09:45	30
fumo	50,230	454,95	53,165	09:07:30	23
fumo	67,215	473,407	217,122	09:05:33	17
kiki	428,58	228,125	188,159	09:01:58	2
mappafika	27,166	224,232	336,184	09:05:52	18
kazida	436,397	257,297	167,38	09:03:57	12
mappakiki	237,152	242,200	252,74	09:13:09	43
kazida	348,115	438,274	26,142	09:09:13	29
kazi	163,62	52,204	431,228	09:04:44	15
fumuau	361,351	363,67	427,305	09:06:57	21
kazi	434,46	256,333	263,59	09:03:04	9
kazida	328,478	105,100	94,196	09:04:31	14
momofuku	43,236	379,412	248,230	09:07:41	24
kazida	347,119	193,213	98,56	09:03:36	11
kaxi	437,319	434,366	263,222	09:13:41	46
kazida	340,30	42,217	206,132	09:10:01	31
kazida	367,14	142,80	418,272	09:11:59	38
fiko	288,255	363,115	201,424	09:02:54	8
fumouau	165,353	21,269	375,230	09:11:19	35
mappafika	309,341	144,310	36,277	09:06:12	19
kazi	149,207	426,247	34,439	09:04:21	13
kumofika	426,423	260,418	118,450	09:08:49	27
mappafika	89,154	125,240	275,406	09:10:14	32
kazida	430,321	167,177	252,84	09:07:51	25
dazika	106,64	466,431	23,193	09:13:56	47
mappakiki	215,192	480,472	474,272	09:11:04	34
momofuku	76,347	113,369	99,460	09:03:18	10