fumoau	80,443	238,369	376,166	09:49:44
momofiki	112,460	322,329	262,249	09:50:03
kazi	77,343	258,264	362,63	09:50:24
mappakika	461,188	418,76	88,132	09:50:44
fumouau	178,405	352,242	412,143	09:51:00
mappakiki	36,481	95,263	360,460	09:51:23
kazida	419,462	429,251	300,201	09:51:46
dazaki	489,458	440,70	247,297	09:52:00
kiki	322,209	159,328	487,214	09:52:12
fuko	278,280	371,95	270,316	09:52:25
mappafiki	116,222	288,151	164,123	09:52:35
mappakika	490,461	226,296	69,261	09:52:47
fumo	363,68	229,312	127,465	09:52:54
dakazi	119,439	184,268	276,180	09:53:21
fumouau	472,64	449,352	148,229	09:53:27
mappakiki	178,254	440,455	394,114	09:53:37
fuko	87,394	85,303	199,144	09:53:42
dazari	73,72	201,291	374,317	09:53:50
fumouau	265,483	265,439	260,51	09:54:04
dazari	128,241	104,87	103,242	09:54:17
mappfuko	305,270	485,254	234,389	09:54:27
fumo	358,311	293,432	123,481	09:54:41
dazari	85,186	63,275	467,426	09:54:52
fumouau	102,242	419,356	190,188	09:55:02
fumouau	396,307	419,490	384,32	09:55:13
dazari	241,198	291,235	442,35	09:55:22
mappafiki	134,309	336,416	251,449	09:55:32
mappakiki	407,325	145,459	110,121	09:55:38
kazari	395,201	352,324	67,52	09:55:53
kik	22,453	349,430	452,242	09:56:02
mappakiki	451,202	429,252	427,381	09:56:11
mapppafika	276,71	200,122	476,440	09:56:30
fumouaro	489,366	54,256	139,405	09:56:38
mappafiki	309,110	103,237	176,181	09:56:47
dazari	358,343	95,220	94,17	09:56:58
kiki	352,120	488,436	372,357	09:57:04
fumo	406,301	329,345	61,139	09:57:09
fumo	55,59	14,98	305,143	09:57:16
mappakiki	13,124	243,106	350,408	09:57:28
fumouau	276,218	260,361	427,344	09:57:41
mappafiki	367,288	453,364	234,335	09:57:50
fumouau	231,150	145,69	484,195	09:57:58
mappafiki	197,48	244,201	136,59	09:58:08
mappakiki	333,139	172,86	234,32	09:58:18
fumo	483,20	239,253	370,176	09:58:26
mappafiki	106,246	454,69	120,197	09:58:37
fumouaro	393,340	336,48	398,330	09:58:48
fumoaur	232,104	367,466	295,13	09:58:53