dazari	391,41	216,359	395,193	09:57:37	39
mappakiki	486,420	466,135	48,26	09:58:31	45
dakazi	77,378	218,284	101,337	09:52:39	11
kumarou	17,46	151,56	365,187	09:56:51	34
mappakiki	451,398	119,210	123,346	09:56:33	32
kiki	480,200	18,58	163,93	09:53:25	14
kumoauou	115,72	67,147	76,253	09:58:14	43
kiki	23,28	369,459	24,30	09:55:06	24
mappakiki	154,238	467,70	310,310	09:53:31	15
fumo	47,391	148,373	38,126	09:54:24	20
dazari	281,293	134,442	28,68	09:56:24	31
dakita	196,412	444,339	304,208	09:49:53	1
kazari	14,381	248,59	194,65	09:57:02	35
dakit	302,153	253,50	22,320	09:50:14	2
fumo	254,421	291,307	450,150	09:56:43	33
mappafiki	76,358	489,417	96,438	09:51:09	5
dakazi	94,322	203,172	357,266	09:50:55	4
fumo	472,215	100,255	419,377	09:55:54	29
mappakiki	83,486	84,230	32,399	09:52:20	9
fumo	35,425	89,233	175,236	09:50:35	3
kazari	44,216	18,283	221,415	09:53:39	16
kazi	264,426	482,179	18,329	09:52:52	12
kazari	50,230	454,95	53,165	09:55:35	27
kumoau	67,215	473,407	217,122	09:52:28	10
fumouaru	428,58	228,125	188,159	09:55:41	28
mappafump	27,166	224,232	336,184	09:54:45	22
dazari	436,397	257,297	167,38	09:58:40	46
fumouao	237,152	242,200	252,74	09:56:07	30
mappakiki	348,115	438,274	26,142	09:54:32	21
fuko	163,62	52,204	431,228	09:51:50	7
mappakiki	361,351	363,67	427,305	09:54:57	23
mappafiki	434,46	256,333	263,59	09:55:17	25
kazari	328,478	105,100	94,196	09:58:02	42
mappafika	43,236	379,412	248,230	09:57:25	38
mappakiki	347,119	193,213	98,56	09:55:27	26
mappakiki	437,319	434,366	263,222	09:54:11	19
fumouau	340,30	42,217	206,132	09:52:05	8
mappafikia	367,14	142,80	418,272	09:57:08	36
fumouaru	288,255	363,115	201,424	09:53:58	18
fuka	165,353	21,269	375,230	09:51:26	6
kiki	309,341	144,310	36,277	09:58:50	47
fumouau	149,207	426,247	34,439	09:53:08	13
fumo	426,423	260,418	118,450	09:57:52	41
mappafiki	89,154	125,240	275,406	09:58:56	48
fiki	430,321	167,177	252,84	09:57:12	37
mappafiki	106,64	466,431	23,193	09:58:22	44
mappakiki	215,192	480,472	474,272	09:53:46	17
mappakiki	76,347	113,369	99,460	09:57:47	40