mappakiki	96,406	31,472	257,325	10:35:25
fumo	432,122	191,331	107,415	10:35:32
diki	408,205	146,130	75,205	10:35:53
fumoauau	485,144	275,39	465,441	10:36:11
mappakika	156,224	255,132	383,388	10:36:25
fumoauro	100,468	303,120	449,70	10:36:41
fumouau	435,391	181,135	232,278	10:37:07
makafiki	55,420	260,407	314,263	10:37:23
kik	37,228	63,486	205,241	10:37:28
mappizaki	483,436	134,198	298,472	10:37:41
fuko	105,422	217,463	422,209	10:37:56
fukouau	261,132	380,270	128,406	10:38:11
fumouaro	378,173	336,148	90,159	10:38:29
dazari	401,117	376,453	112,91	10:38:40
dari	203,105	37,327	292,325	10:38:53
mappafiki	309,387	257,36	360,188	10:39:13
fumo	234,130	310,123	390,428	10:39:23
daki	39,277	111,364	415,190	10:39:40
fumo	33,325	296,399	288,398	10:39:51
fumo	479,480	13,26	317,295	10:40:02
dazari	340,135	191,106	160,60	10:40:10
mapafiki	284,384	179,103	16,79	10:40:21
mappa	41,45	345,141	398,270	10:40:35
mappafikka	320,421	105,126	329,382	10:40:50
dazari	34,318	371,36	333,198	10:41:03
kik	320,182	322,21	278,472	10:41:16
mapppakiki	70,71	365,239	164,370	10:41:31
kik	307,195	405,162	325,313	10:41:37
fumo	422,155	243,36	271,82	10:41:43
kik	407,294	389,288	319,232	10:41:53
dazari	475,149	404,307	159,191	10:42:02
fumo	288,219	252,162	448,406	10:42:09
mappakiki	59,150	472,195	269,56	10:42:19
kik	390,264	190,175	292,165	10:42:36
fumouau	125,438	378,370	80,270	10:42:45
fumo	267,169	247,80	278,206	10:42:54
mapafiki	139,223	107,310	347,328	10:43:00
mappakiko	97,396	467,78	100,246	10:43:17
dazari	124,479	19,303	163,301	10:43:24
kik	457,278	248,344	158,317	10:43:30
fumo	124,414	476,361	483,264	10:43:36
dazari	77,132	476,173	431,333	10:43:44
kazari	11,37	238,468	105,327	10:44:02
mappakiki	223,218	316,232	30,469	10:44:13
fumouau	42,477	257,279	331,405	10:44:26
dazari	106,444	328,92	315,321	10:44:38
fumo	345,381	442,331	64,383	10:44:48
dazari	173,65	410,400	42,24	10:44:59