kika	391,41	216,359	395,193	10:44:43	46
mappakio	486,420	466,135	48,26	10:44:33	45
fumouaro	77,378	218,284	101,337	10:44:07	43
mappakiki	17,46	151,56	365,187	10:45:05	48
fumo	451,398	119,210	123,346	10:40:58	24
fumo	480,200	18,58	163,93	10:43:40	41
dzari	115,72	67,147	76,253	10:36:50	6
fumo	23,28	369,459	24,30	10:35:56	3
dazari	154,238	467,70	310,310	10:38:01	11
fumouau	47,391	148,373	38,126	10:40:30	22
dazari	281,293	134,442	28,68	10:42:40	34
makazika	196,412	444,339	304,208	10:37:14	7
fumareauo	14,381	248,59	194,65	10:43:11	37
mapppakika	302,153	253,50	22,320	10:43:20	38
fumoauro	254,421	291,307	450,150	10:41:49	29
mappakika	76,358	489,417	96,438	10:41:25	26
fumoauro	94,322	203,172	357,266	10:38:44	14
mappakiko	472,215	100,255	419,377	10:42:51	35
kiki	83,486	84,230	32,399	10:36:17	4
fumoaruo	35,425	89,233	175,236	10:44:53	47
dari	44,216	18,283	221,415	10:37:26	8
kika	264,426	482,179	18,329	10:41:39	28
kik	50,230	454,95	53,165	10:43:55	42
mappakika	67,215	473,407	217,122	10:44:19	44
fumouau	428,58	228,125	188,159	10:35:46	2
mappafiki	27,166	224,232	336,184	10:42:07	31
kiki	436,397	257,297	167,38	10:42:57	36
fumoauro	237,152	242,200	252,74	10:37:46	10
dazari	348,115	438,274	26,142	10:38:17	12
kiki	163,62	52,204	431,228	10:41:14	25
fumoaruro	361,351	363,67	427,305	10:39:57	19
fumo	434,46	256,333	263,59	10:40:42	23
kika	328,478	105,100	94,196	10:43:32	40
kiki	43,236	379,412	248,230	10:38:32	13
mapppakiki	347,119	193,213	98,56	10:39:03	15
mappakiko	437,319	434,366	263,222	10:36:32	5
kazari	340,30	42,217	206,132	10:43:27	39
mapppafiki	367,14	142,80	418,272	10:41:36	27
fumo	288,255	363,115	201,424	10:37:31	9
fumoauro	165,353	21,269	375,230	10:39:35	17
diki	309,341	144,310	36,277	10:40:14	21
kiki	149,207	426,247	34,439	10:35:29	1
fuko	426,423	260,418	118,450	10:42:28	33
fumo	89,154	125,240	275,406	10:42:12	32
kik	430,321	167,177	252,84	10:40:06	20
fumo	106,64	466,431	23,193	10:41:56	30
mappafiki	215,192	480,472	474,272	10:39:48	18
kiki	76,347	113,369	99,460	10:39:18	16