dazari	129,52	401,37	146,295	12:44:31
dazari	438,104	83,370	269,48	12:44:37
mappafiki	301,426	319,141	101,447	12:44:44
dazari	215,232	291,369	96,257	12:44:48
fumoauau	434,193	392,122	365,433	12:44:54
mappafiki	468,484	474,379	31,129	12:45:01
fumoaua	183,458	222,256	337,481	12:45:14
dazari	293,148	417,122	278,27	12:45:20
kik	78,482	249,358	361,334	12:45:27
mapppafiki	125,304	36,26	415,391	12:45:35
fumo	448,393	385,431	281,405	12:45:44
fumoauau	70,454	372,281	219,219	12:45:50
fumo	272,22	356,198	133,144	12:45:56
dazari	215,200	136,453	68,486	12:46:03
fumo	297,182	299,323	198,224	12:46:08
dazari	223,155	126,118	96,397	12:46:14
fumo	32,155	361,394	426,90	12:46:18
fum	122,208	101,468	395,224	12:46:24
fumo	122,119	413,247	82,471	12:46:29
mappafiki	242,369	163,51	201,350	12:46:33
dazari	265,414	15,381	41,100	12:46:39
dazari	287,63	245,158	446,181	12:46:42
fumo	237,78	378,328	56,282	12:46:46
kik	61,167	391,464	403,463	12:46:53
fumo	445,155	341,117	195,51	12:46:58
kik	456,449	455,461	339,485	12:47:03
fumo	27,436	88,216	190,486	12:47:08
mappafiki	395,459	375,25	448,369	12:47:15
dazari	391,92	435,464	38,19	12:47:20
dazari	393,405	121,443	69,202	12:47:24
dazari	293,185	97,367	155,95	12:47:28
kik	89,172	41,167	377,220	12:47:33
dazari	162,281	189,46	295,146	12:47:37
dazari	405,196	228,350	169,256	12:47:40
fumo	358,72	171,468	24,229	12:47:44
dazari	179,306	403,265	183,68	12:47:47
fumo	350,262	229,380	418,116	12:47:51
fumo	109,89	386,288	125,191	12:47:55
dazari	424,39	376,161	379,55	12:48:00
kik	406,246	116,87	223,129	12:48:03
dazari	305,392	425,218	167,117	12:48:06
fumoau	275,26	369,14	395,296	12:48:13
dazari	119,14	374,15	291,489	12:48:17
kik	195,224	38,81	375,406	12:48:21
dazari	125,291	161,231	367,374	12:48:25
fumoau	349,181	276,284	389,432	12:48:29
mappakiki	391,173	448,269	177,353	12:48:35
dazari	74,285	356,438	289,157	12:48:41