fumoauau	391,41	216,359	395,193	12:47:31	31
mappakiki	486,420	466,135	48,26	12:45:24	8
kik	77,378	218,284	101,337	12:47:25	30
mappakiki	17,46	151,56	365,187	12:46:11	15
fumo	451,398	119,210	123,346	12:44:51	4
kik	480,200	18,58	163,93	12:47:45	35
kik	115,72	67,147	76,253	12:48:16	42
kik	23,28	369,459	24,30	12:47:48	36
dazari	154,238	467,70	310,310	12:45:52	12
dazari	47,391	148,373	38,126	12:45:17	7
dazari	281,293	134,442	28,68	12:48:05	40
dazari	196,412	444,339	304,208	12:46:21	17
kik	14,381	248,59	194,65	12:47:38	33
dazari	302,153	253,50	22,320	12:47:53	37
kik	254,421	291,307	450,150	12:45:58	13
mappafiki	76,358	489,417	96,438	12:44:57	5
fumo	94,322	203,172	357,266	12:45:30	9
dazari	472,215	100,255	419,377	12:48:19	43
fumoau	83,486	84,230	32,399	12:48:10	41
fumo	35,425	89,233	175,236	12:46:51	23
mappakiki	44,216	18,283	221,415	12:44:41	2
fumo	264,426	482,179	18,329	12:48:27	45
dazari	50,230	454,95	53,165	12:47:00	25
fumo	67,215	473,407	217,122	12:47:22	29
kik	428,58	228,125	188,159	12:46:40	21
mappakiki	27,166	224,232	336,184	12:45:42	10
dazari	436,397	257,297	167,38	12:47:06	26
kik	237,152	242,200	252,74	12:47:41	34
dazari	348,115	438,274	26,142	12:47:35	32
dazari	163,62	52,204	431,228	12:46:05	14
dazari	361,351	363,67	427,305	12:44:46	3
dazari	434,46	256,333	263,59	12:48:02	39
mappafiki	328,478	105,100	94,196	12:48:32	46
dazari	43,236	379,412	248,230	12:46:16	16
dazari	347,119	193,213	98,56	12:47:17	28
kik	437,319	434,366	263,222	12:46:44	22
kik	340,30	42,217	206,132	12:46:56	24
dazari	367,14	142,80	418,272	12:45:03	6
kik	288,255	363,115	201,424	12:48:42	48
dazari	165,353	21,269	375,230	12:46:27	18
fumoauau	309,341	144,310	36,277	12:47:58	38
dazari	149,207	426,247	34,439	12:48:22	44
mappakiki	426,423	260,418	118,450	12:46:37	20
kik	89,154	125,240	275,406	12:46:30	19
dazari	430,321	167,177	252,84	12:47:10	27
dazari	106,64	466,431	23,193	12:45:47	11
dazari	215,192	480,472	474,272	12:48:38	47
fumo	76,347	113,369	99,460	12:44:35	1