fumo	367,155	355,254	299,116	09:12:55
fumo	327,61	298,244	431,60	09:13:07
dazari	324,48	421,123	366,124	09:13:15
dazari	331,341	89,303	323,184	09:13:21
dazari	384,332	101,252	146,89	09:13:26
dazari	413,22	233,277	265,42	09:13:34
dazari	383,102	92,191	336,33	09:13:40
fumo	240,169	71,171	282,427	09:13:46
fumo	284,122	277,363	415,109	09:13:50
dazari	57,309	431,148	71,86	09:13:56
fumo	226,473	97,448	260,352	09:14:03
fumo	479,153	444,81	333,289	09:14:08
dazari	103,83	448,163	243,240	09:14:14
dazari	100,37	351,367	389,276	09:14:19
dazari	466,435	94,406	92,154	09:14:25
dazari	481,307	137,88	265,386	09:14:31
dazari	430,253	49,383	324,372	09:14:38
fumo	182,416	444,140	89,197	09:14:43
dazari	369,178	223,230	54,121	09:14:50
dazari	15,29	66,98	425,148	09:15:00
fumo	241,415	445,367	13,219	09:15:03
dazari	263,432	461,301	325,294	09:15:10
dazari	182,17	220,136	146,299	09:15:13
kik	322,24	467,55	244,31	09:15:16
mappafiki	166,248	50,221	335,464	09:15:27
kik	359,86	389,313	443,391	09:15:32
fumo	108,294	118,180	295,328	09:15:39
kik	169,335	70,286	393,470	09:15:43
dazari	403,191	74,371	94,35	09:15:52
dazari	263,395	440,301	177,64	09:15:58
dazari	122,94	279,262	255,432	09:16:03
dazari	434,353	236,61	42,40	09:16:06
dazari	378,201	365,438	476,267	09:16:10
kik	418,389	447,481	269,51	09:16:13
dazari	26,42	436,456	332,123	09:16:17
dazari	30,443	206,298	215,451	09:16:22
dazari	240,159	313,465	209,345	09:16:25
mappafiki	15,97	55,369	44,40	09:16:35
dazari	146,452	418,103	443,197	09:16:41
dazari	144,458	229,89	423,71	09:16:44
fumo	201,443	24,397	251,228	09:16:47
dazari	357,480	376,179	455,95	09:16:54
fumo	33,459	181,78	338,215	09:16:59
dazari	107,474	176,35	86,129	09:17:05
kik	221,220	96,440	298,29	09:17:08
dazari	20,489	461,33	395,221	09:17:15
fumo	251,262	211,136	430,175	09:17:19
dazari	221,453	144,391	40,471	09:17:25