dazarai	391,41	216,359	395,193	09:13:31	5
dazari	486,420	466,135	48,26	09:13:19	3
kik	77,378	218,284	101,337	09:16:11	33
kik	17,46	151,56	365,187	09:14:46	18
dazari	451,398	119,210	123,346	09:14:34	16
kik	480,200	18,58	163,93	09:13:48	8
kik	115,72	67,147	76,253	09:14:22	14
kik	23,28	369,459	24,30	09:13:44	7
dazari	154,238	467,70	310,310	09:14:40	17
mappafiki	47,391	148,373	38,126	09:14:56	19
fumo	281,293	134,442	28,68	09:15:01	20
dazari	196,412	444,339	304,208	09:16:23	36
dazari	14,381	248,59	194,65	09:16:39	38
mappakiki	302,153	253,50	22,320	09:13:04	1
mappafiki	254,421	291,307	450,150	09:16:32	37
dazari	76,358	489,417	96,438	09:16:43	39
dazari	94,322	203,172	357,266	09:15:41	27
fumo	472,215	100,255	419,377	09:14:12	12
dazari	83,486	84,230	32,399	09:15:55	29
dazari	35,425	89,233	175,236	09:15:18	24
mappfiki	44,216	18,283	221,415	09:15:07	21
fumo	264,426	482,179	18,329	09:15:35	26
dazari	50,230	454,95	53,165	09:17:18	46
dazari	67,215	473,407	217,122	09:17:03	43
kik	428,58	228,125	188,159	09:16:08	32
dazari	27,166	224,232	336,184	09:17:07	44
dazari	436,397	257,297	167,38	09:16:00	30
kik	237,152	242,200	252,74	09:16:18	35
fumo	348,115	438,274	26,142	09:15:11	22
fumo	163,62	52,204	431,228	09:13:24	4
mappafiki	361,351	363,67	427,305	09:14:00	10
dazari	434,46	256,333	263,59	09:16:15	34
mappakiki	328,478	105,100	94,196	09:15:49	28
dazari	43,236	379,412	248,230	09:15:31	25
dazari	347,119	193,213	98,56	09:17:23	47
fumo	437,319	434,366	263,222	09:14:06	11
kik	340,30	42,217	206,132	09:14:15	13
fumo	367,14	142,80	418,272	09:15:15	23
kik	288,255	363,115	201,424	09:16:56	42
fumo	165,353	21,269	375,230	09:16:46	40
kik	309,341	144,310	36,277	09:16:04	31
fumo	149,207	426,247	34,439	09:13:10	2
kik	426,423	260,418	118,450	09:17:09	45
kik	89,154	125,240	275,406	09:13:36	6
dazari	430,321	167,177	252,84	09:14:27	15
fumo	106,64	466,431	23,193	09:16:52	41
dazari	215,192	480,472	474,272	09:13:53	9
kik	76,347	113,369	99,460	09:17:27	48