dazari	285,266	357,211	488,394	11:24:46
kik	377,241	280,475	343,303	11:25:04
fumo	95,34	323,27	290,75	11:25:15
dazari	152,212	426,431	193,14	11:25:28
dazari	114,388	41,93	244,407	11:25:44
mappafiki	430,39	183,297	239,181	11:25:55
dazari	200,125	411,469	109,263	11:26:15
dazari	281,193	287,114	210,87	11:26:29
dazari	179,352	289,114	292,471	11:26:51
kik	118,396	369,148	479,122	11:27:04
fumo	65,418	150,237	224,379	11:27:12
dazari	407,414	14,328	392,112	11:27:19
dazari	101,183	295,377	286,15	11:27:26
mappafiki	453,454	356,252	78,158	11:27:36
fumo	232,185	63,111	323,51	11:27:50
dazari	222,377	459,362	124,193	11:28:05
fumo	250,41	116,253	358,17	11:28:36
fumo	372,138	372,36	463,98	11:28:42
dazari	317,144	344,451	245,362	11:28:50
dazari	351,35	302,100	432,280	11:29:01
kik	390,335	438,456	188,87	11:29:05
mappafiki	457,228	129,111	119,387	11:29:11
dazari	347,481	35,229	27,487	11:29:18
fumo	317,334	141,170	294,376	11:29:25
fumo	42,155	400,334	244,342	11:29:33
kik	123,144	186,70	109,364	11:29:38
fumo	147,76	101,266	176,210	11:29:44
fumo	162,33	201,187	251,217	11:29:51
dazari	183,77	60,313	237,344	11:29:57
kik	199,268	488,108	111,242	11:30:03
dazari	439,224	375,135	283,474	11:30:09
kik	488,419	59,99	195,225	11:30:14
fumo	299,346	248,489	43,489	11:30:21
kik	216,216	76,266	39,302	11:30:25
fumo	119,227	80,117	324,181	11:30:32
kik	348,273	394,233	398,187	11:30:37
dazari	217,395	116,266	484,300	11:30:45
dazari	481,292	156,239	290,188	11:30:51
mappafiki	237,16	393,302	271,421	11:31:00
mappafiki	114,379	157,184	485,471	11:31:09
kik	354,343	254,258	86,161	11:31:21
kik	434,293	66,59	68,59	11:31:25
kik	355,448	190,160	335,465	11:31:28
mappafiki	165,298	428,31	59,16	11:31:35
kik	178,281	190,231	382,22	11:31:40
fumo	272,114	389,240	465,22	11:31:46
mappafiki	423,225	52,48	468,400	11:31:52
kik	55,333	357,234	483,202	11:31:57