mappafiki	391,41	216,359	395,193	11:25:22	3
mappafiki	486,420	466,135	48,26	11:29:15	22
kik	77,378	218,284	101,337	11:26:21	7
kik	17,46	151,56	365,187	11:31:27	42
dazari	451,398	119,210	123,346	11:31:43	45
kik	480,200	18,58	163,93	11:25:48	5
kik	115,72	67,147	76,253	11:30:36	35
kik	23,28	369,459	24,30	11:30:16	32
dazari	154,238	467,70	310,310	11:29:42	26
dazari	47,391	148,373	38,126	11:27:01	9
dazari	281,293	134,442	28,68	11:27:15	11
fumo	196,412	444,339	304,208	11:27:43	14
kik	14,381	248,59	194,65	11:28:38	17
dazari	302,153	253,50	22,320	11:30:00	29
kik	254,421	291,307	450,150	11:28:44	18
kik	76,358	489,417	96,438	11:29:07	21
dazari	94,322	203,172	357,266	11:29:29	24
dazari	472,215	100,255	419,377	11:25:09	2
fumo	83,486	84,230	32,399	11:30:42	36
fumo	35,425	89,233	175,236	11:31:48	46
kik	44,216	18,283	221,415	11:30:05	30
mappafiki	264,426	482,179	18,329	11:30:55	38
kik	50,230	454,95	53,165	11:28:54	19
mappafiki	67,215	473,407	217,122	11:31:56	47
kik	428,58	228,125	188,159	11:31:23	41
dazari	27,166	224,232	336,184	11:26:41	8
dazari	436,397	257,297	167,38	11:31:19	40
kik	237,152	242,200	252,74	11:27:06	10
dazari	348,115	438,274	26,142	11:29:48	27
dazari	163,62	52,204	431,228	11:26:09	6
fumo	361,351	363,67	427,305	11:29:54	28
dazari	434,46	256,333	263,59	11:30:12	31
kik	328,478	105,100	94,196	11:31:59	48
dazari	43,236	379,412	248,230	11:31:38	44
dazari	347,119	193,213	98,56	11:28:08	16
fumo	437,319	434,366	263,222	11:27:22	12
kik	340,30	42,217	206,132	11:29:20	23
dazari	367,14	142,80	418,272	11:31:05	39
kik	288,255	363,115	201,424	11:30:27	34
fumo	165,353	21,269	375,230	11:25:38	4
kik	309,341	144,310	36,277	11:31:30	43
dazari	149,207	426,247	34,439	11:30:24	33
kik	426,423	260,418	118,450	11:29:35	25
kik	89,154	125,240	275,406	11:29:03	20
mappafiki	430,321	167,177	252,84	11:25:01	1
mappafiki	106,64	466,431	23,193	11:27:32	13
dazari	215,192	480,472	474,272	11:30:48	37
fumo	76,347	113,369	99,460	11:28:01	15