1	L
-1	-2
-3	-4
-5	-6
-7	-7
-8	-9
-10	-11
13	47
30	31
21	28
1	5
12	31
2	19
2	36
18	19
0	29
21	45
15	43
4	31
27	36
18	34
29	32
3	42
23	44
33	46
11	19
15	40
3	30
21	31
11	39
33	45
8	40
16	22
7	36
4	46
7	19
12	46
12	26
36	47
25	37
2	3
8	31
5	16
16	27
-1	-1
18	36
18	41
1	41
1	39
0	14
2	21
10	16
16	24
14	15
5	38
16	34
11	22
9	20
26	44
13	25
38	46
34	40
15	18
19	35
44	46
3	44
30	33
17	31
45	46
35	39
23	35
28	41
29	39
15	17
13	45
8	15
4	17
35	41
9	31
38	41
9	26
2	33
22	24
20	44
6	16
3	9
19	33
14	32
5	17
-2	-2
15	29
40	44
7	21
10	36
8	41
6	15
2	29
0	18
5	44
8	23
37	45
4	32
16	33
15	35
14	28
24	27
4	12
5	41
12	23
9	25
0	19
18	40
20	22
9	46
10	24
33	44
0	32
21	36
15	46
18	46
5	36
3	22
3	38
33	36
3	6
6	11
15	16
26	35
12	44
16	18
13	39
3	35
11	16
17	23
5	25
28	47
37	40
3	46
8	19
6	17
25	26
30	35
16	41
24	35
-3	-3
31	38
37	39
32	35
38	44
22	26
24	47