1	R
-1	-2
-3	-4
-5	-6
-7	-7
-8	-9
-10	-11
30	43
8	47
14	21
1	43
34	39
30	32
2	34
19	21
24	32
16	36
11	26
4	30
7	39
20	45
3	7
8	9
18	19
6	18
9	29
15	37
-1	-1
37	44
42	44
38	44
11	36
7	15
16	25
36	46
10	19
24	36
17	27
22	40
13	24
12	29
10	32
1	7
20	34
1	6
2	40
17	39
18	33
9	42
4	43
16	30
33	43
21	26
14	32
7	25
21	42
27	32
1	14
12	43
5	6
12	21
6	27
15	26
2	37
18	21
2	43
9	41
5	16
1	22
5	39
2	38
8	23
34	44
10	34
24	39
15	33
11	33
9	20
11	43
5	23
15	20
-2	-2
4	16
44	45
22	29
24	29
15	46
14	36
27	45
25	34
34	47
11	24
6	26
11	30
1	34
5	22
11	38
20	21
2	9
10	40
13	19
19	47
22	31
13	28
43	47
23	37
29	41
26	31
24	43
19	39
13	23
18	20
3	21
20	31
5	7
11	27
7	12
5	19
11	44
14	41
15	35
29	30
12	44
0	22
3	14
27	43
16	19
20	29
36	39
14	40
15	24
9	47
2	36
22	39
27	31
32	37
0	40
14	24
15	43
-3	-3
9	40
40	47
17	40
4	46
4	24
6	32
8	38
8	34
13	46
26	46
3	13