1	L
-1	-2
-3	-4
-5	-6
-7	-7
-8	-9
-10	-11
15	32
4	10
5	20
32	39
20	45
2	38
7	43
21	43
20	35
14	45
13	30
26	29
36	39
31	45
25	39
10	34
1	47
9	39
16	29
28	34
4	26
0	36
32	40
-1	-1
8	10
5	37
41	46
21	27
12	41
19	31
4	43
19	33
30	40
4	35
6	47
21	40
19	44
3	22
22	35
19	20
27	45
2	9
18	31
5	21
37	38
23	44
9	18
17	23
3	35
7	17
1	37
9	24
7	25
10	23
9	44
17	21
5	31
0	44
37	41
6	37
13	25
24	47
9	33
22	42
6	29
17	27
43	45
5	13
8	28
4	14
6	46
0	6
29	38
3	17
21	23
11	41
32	43
1	27
26	35
1	39
0	30
21	24
16	47
0	12
35	38
5	32
25	46
13	47
1	42
42	47
-2	-2
0	19
3	23
35	39
28	32
1	36
9	11
24	43
30	32
9	29
11	14
12	37
5	46
20	41
4	5
35	47
37	42
4	31
42	46
2	8
7	19
24	34
16	21
20	37
16	33
17	37
9	22
12	20
11	28
17	38
15	18
0	22
6	22
27	37
10	38
22	38
10	14
20	31
-3	-3
6	11
10	12
22	39
5	47
23	32
26	41
6	36
1	2
1	44
28	37
7	38
13	45
25	44
8	26
1	41