1	R
-1	-2
-3	-4
-5	-6
-7	-7
-8	-9
-10	-11
10	11
33	43
12	46
7	21
10	31
4	21
7	17
5	47
8	17
1	20
7	8
20	44
2	9
5	8
24	28
1	26
11	39
1	23
21	25
5	27
-1	-1
13	16
41	47
1	15
45	47
1	42
21	41
24	29
1	28
16	18
8	42
18	38
23	33
3	38
34	35
6	8
5	38
29	37
16	30
33	42
7	20
17	19
10	40
6	12
0	21
43	44
40	43
5	17
12	16
16	31
38	40
3	15
17	31
36	45
31	47
15	38
10	20
5	16
14	40
22	38
28	39
19	20
10	21
24	31
35	43
18	31
15	21
4	35
16	19
1	5
37	39
18	39
19	32
0	40
23	44
21	30
8	26
6	19
13	19
6	20
24	26
2	37
24	39
37	40
39	46
3	37
4	18
15	32
17	26
10	37
4	20
12	23
-2	-2
14	47
28	37
26	29
1	16
38	42
11	27
20	22
6	36
4	10
3	46
45	46
2	27
39	45
13	39
0	32
3	11
10	33
29	41
29	31
19	31
8	28
39	40
16	21
13	41
19	46
38	44
16	37
16	46
28	38
1	29
1	14
4	7
16	17
19	24
2	20
14	21
12	24
-3	-3
26	34
1	17
12	13
13	18
8	18
31	43
6	42
6	41
17	41
24	36
26	33
8	31
10	35