1	L
-1	-2
-3	-4
-5	-6
-7	-7
-8	-9
-10	-11
8	33
2	41
2	29
4	22
17	30
16	33
14	26
31	39
14	35
14	25
22	38
4	35
32	38
24	28
1	33
15	41
-1	-1
4	37
7	18
17	40
1	39
23	39
26	44
23	26
11	37
7	39
12	29
25	41
10	43
2	34
19	25
12	15
4	6
1	37
12	44
21	28
24	34
10	29
21	40
24	36
29	45
16	44
1	28
1	46
36	39
21	22
33	42
6	31
4	32
9	39
30	37
28	40
35	39
21	32
19	39
24	38
18	47
32	45
6	36
14	18
12	38
10	41
45	47
7	22
-2	-2
6	7
0	17
14	45
3	24
25	45
0	5
7	44
14	23
12	14
17	34
14	21
15	24
31	41
31	47
27	46
2	4
0	9
2	37
3	25
6	45
16	39
37	42
5	40
13	27
11	12
7	11
0	3
32	44
10	47
0	29
17	32
16	29
33	39
2	38
13	15
24	44
5	10
3	15
30	40
19	47
12	33
22	28
13	37
16	45
11	43
31	38
1	29
16	28
-3	-3
1	15
35	44
13	46
15	31
10	23
18	39
30	34
11	46
21	30
5	19
6	10
30	42
26	45
33	47
38	44
13	32
20	21
10	42
3	29
17	23
7	14
38	47
30	44
15	37
25	38
26	27
15	29
23	28
27	33
5	33