1	L
-1	-2
-3	-4
-5	-6
-7	-7
-8	-9
-10	-11
1	26
16	22
-1	-1
0	29
28	29
40	41
21	46
16	46
6	44
16	30
4	19
10	43
15	38
27	47
19	43
14	36
22	36
31	37
24	37
6	27
14	20
6	30
7	24
17	47
1	15
8	13
4	27
3	20
40	42
30	46
27	44
23	35
19	36
26	45
44	46
24	35
5	34
27	40
20	42
16	18
17	43
20	33
30	47
13	35
39	47
13	24
11	18
28	39
19	21
9	25
25	45
6	17
2	10
17	30
10	45
2	22
27	46
26	43
6	35
14	46
2	47
28	36
3	6
1	29
28	33
11	47
7	11
16	26
6	12
40	47
10	28
1	14
20	24
34	36
9	26
0	15
36	42
15	27
8	44
5	33
8	17
28	40
4	15
10	25
14	15
27	28
9	13
3	45
11	44
12	14
40	45
1	19
-2	-2
0	1
11	30
15	40
12	33
8	20
8	46
16	27
26	46
3	41
29	41
28	31
10	15
19	25
18	22
1	18
16	34
38	44
10	11
8	9
16	23
-3	-3
7	44
10	47
24	39
2	28
10	41
17	39
7	18
22	34
8	12
4	17
38	47
3	44
5	40
8	15
18	42
33	35
9	14
1	13
13	15
2	40
21	42
15	33
8	22
7	33
2	12
14	21
32	41
20	23
0	20
34	42