1	L
-1	-2
-3	-4
-5	-6
-7	-7
-8	-9
-10	-11
5	8
0	18
18	20
28	39
0	41
8	30
25	29
39	40
22	29
7	41
0	10
10	35
24	32
10	24
36	41
0	3
11	38
2	14
25	38
29	43
20	24
13	16
18	24
16	41
-1	-1
33	35
14	16
13	43
13	33
12	42
23	44
16	29
5	40
0	34
10	37
3	29
3	47
2	39
23	41
0	36
16	37
3	34
4	24
0	20
9	15
13	17
28	45
22	31
34	47
24	25
35	38
15	35
21	24
14	36
8	43
17	29
21	43
25	35
11	18
42	43
18	39
2	5
0	45
14	20
6	30
14	27
35	39
1	17
10	41
3	14
17	39
1	13
1	45
9	23
9	22
12	46
30	31
20	31
9	13
18	27
33	36
7	9
39	42
13	27
2	21
30	39
-2	-2
10	42
23	47
30	46
24	27
22	33
16	25
5	18
8	46
3	36
7	35
-3	-3
24	45
2	13
9	46
6	9
8	33
3	32
4	40
21	41
14	28
0	27
3	44
21	31
14	26
11	31
7	21
37	46
13	14
6	20
0	39
24	36
7	11
26	31
34	40
2	37
20	43
28	31
35	44
3	38
1	18
37	44
6	35
9	37
10	12
3	27
8	47
1	33
45	46
27	30
12	26
7	46
14	46
21	47
2	12
18	19
7	37
11	35