1	R
-1	-2
-3	-4
-5	-6
-7	-7
-8	-9
-10	-11
3	14
17	25
44	45
3	36
5	43
9	21
29	42
43	46
23	26
15	35
2	37
4	12
8	21
7	41
5	14
15	28
12	46
6	18
19	29
-1	-1
15	24
9	15
14	38
12	26
21	44
6	15
22	31
32	35
0	11
36	37
4	46
15	20
27	33
12	38
3	30
2	11
34	40
22	33
3	46
40	43
20	38
25	32
4	18
11	43
6	10
17	31
16	32
26	32
1	7
0	26
6	20
13	28
8	30
18	36
26	40
0	7
6	25
14	34
17	45
12	13
18	29
29	32
15	42
7	26
10	44
2	5
3	11
12	27
10	32
30	38
2	13
22	27
23	46
14	26
25	28
22	29
8	32
10	27
34	38
2	20
12	25
-2	-2
35	45
15	26
16	36
22	28
30	43
13	43
16	42
18	39
11	22
12	28
11	35
18	46
33	47
2	35
41	42
4	13
2	4
1	45
2	21
41	43
-3	-3
1	10
12	44
31	40
25	40
6	9
29	40
19	35
11	24
10	20
24	44
16	28
14	16
30	41
26	33
2	26
2	36
5	22
23	31
23	38
0	10
17	40
0	28
6	14
0	40
2	33
13	40
10	36
6	26
15	22
10	31
37	40
7	37
28	47
30	31
17	29
15	39
5	7
15	34
26	30
22	40
11	33