1	R
-1	-2
-3	-4
-5	-6
-7	-7
-8	-9
-10	-11
13	20
3	33
17	35
17	40
15	19
21	25
16	41
11	16
32	45
5	38
31	32
38	46
11	30
24	25
3	24
2	6
32	38
16	27
16	44
3	42
37	45
11	31
19	33
39	42
-1	-1
29	34
10	18
4	23
18	39
8	19
3	25
2	43
5	36
9	10
2	28
19	26
29	38
25	47
3	34
36	42
3	26
22	25
1	25
6	36
23	25
4	40
17	20
27	45
3	20
4	24
11	46
11	38
20	21
18	21
42	45
19	47
29	37
8	30
17	22
16	33
9	12
44	47
0	9
-2	-2
7	25
2	21
5	23
4	15
7	20
37	44
42	44
17	29
26	36
33	44
42	43
6	19
2	18
13	37
12	19
2	11
1	27
5	24
15	37
27	35
4	37
31	46
40	44
16	25
27	32
21	27
22	30
0	5
14	18
2	19
22	40
28	32
35	40
31	36
21	37
8	24
25	28
26	33
17	46
29	47
8	12
33	39
28	36
2	29
29	36
0	30
34	40
17	24
8	25
-3	-3
2	8
2	26
4	34
11	22
11	39
30	43
10	30
10	29
5	28
9	22
31	41
18	33
24	35
33	37
0	7
28	47
42	46
6	8
8	15
37	47
0	47
28	42
6	15
17	44
14	44
4	22
3	15
18	34
32	36
12	15