1	L
-1	-2
-3	-4
-5	-6
-7	-7
-8	-9
-10	-11
28	35
22	26
23	44
4	39
21	46
7	35
8	44
5	27
21	26
11	45
11	26
10	32
39	46
2	35
8	23
37	41
40	44
4	13
23	40
16	21
0	22
5	33
6	39
42	45
37	38
13	39
7	32
15	44
11	35
30	45
10	46
3	40
-1	-1
38	43
7	40
24	35
30	31
8	33
39	41
28	38
6	20
21	42
18	36
1	6
34	40
2	12
5	15
18	31
19	37
1	26
5	7
25	41
0	27
28	29
27	30
3	30
22	24
2	31
7	47
3	35
39	43
7	10
9	13
15	42
13	44
3	34
15	35
16	37
17	32
33	47
2	26
10	22
4	33
24	30
-2	-2
27	37
34	44
29	46
11	41
15	24
27	38
2	10
43	46
43	45
8	40
6	35
19	22
13	24
18	32
2	8
9	27
18	43
11	20
21	28
14	47
34	38
7	41
6	12
37	43
21	24
-3	-3
23	31
32	34
3	12
3	46
19	33
5	11
45	47
31	40
17	44
0	3
4	6
12	25
5	20
7	42
7	9
35	39
6	25
24	38
33	46
15	47
0	1
4	47
10	42
4	42
34	36
30	40
1	5
33	42
4	27
0	40
17	19
0	26
32	43
11	13
31	44
31	43
5	10
7	27
39	45
1	40
14	24
29	36
10	11