1	L
-1	-2
-3	-4
-5	-6
-7	-7
-8	-9
-10	-11
16	36
5	45
6	12
0	31
41	45
15	16
2	19
42	46
0	32
9	45
1	22
12	26
5	6
9	31
20	42
30	32
13	42
3	13
16	30
3	33
21	46
15	37
8	21
0	12
14	20
7	13
1	35
-1	-1
6	40
7	44
30	42
15	17
1	2
32	41
35	37
36	40
34	41
17	22
19	34
38	47
17	42
28	37
11	20
9	22
0	38
2	12
11	31
8	11
5	8
12	19
26	45
13	25
19	32
5	20
4	20
4	28
1	12
27	46
0	27
1	7
0	25
1	34
9	44
1	31
24	33
8	33
25	26
9	16
23	27
15	32
2	5
27	40
19	39
6	33
-2	-2
43	45
9	29
31	37
1	10
28	39
27	36
21	28
12	33
14	19
24	32
6	35
27	30
7	8
27	42
16	27
5	26
11	40
25	44
14	23
28	43
25	29
5	36
21	41
4	41
6	21
1	26
3	23
-3	-3
10	37
15	25
4	43
16	21
18	25
3	15
1	27
27	39
11	47
6	14
0	22
2	45
0	5
32	47
36	42
7	16
13	37
17	28
18	33
2	25
23	38
21	39
32	33
10	19
12	13
16	43
5	38
4	24
16	17
27	43
1	46
16	47
27	47
27	38
15	47
9	13
7	29
14	34
8	47
6	36
14	39