1	L
-1	-2
-3	-4
-5	-6
-7	-7
-8	-9
-10	-11
8	36
17	41
23	45
37	41
20	23
1	35
29	47
9	34
11	24
10	26
4	20
1	16
7	9
2	38
25	30
14	18
8	28
11	34
7	44
3	11
21	43
30	32
25	35
0	13
1	25
39	43
13	32
21	34
16	20
3	32
20	31
1	37
-1	-1
30	37
2	35
9	18
8	37
16	29
9	24
23	24
18	29
26	41
2	22
24	29
10	27
13	27
40	45
16	25
12	20
-2	-2
2	4
26	37
13	19
23	29
24	45
34	36
23	28
14	34
3	23
10	45
13	20
4	36
26	30
34	35
4	44
4	14
34	42
7	30
8	43
10	43
6	46
8	38
17	21
30	34
3	18
23	31
21	46
28	42
1	43
16	28
10	25
13	37
1	10
6	22
21	35
0	10
22	42
6	18
30	40
1	44
22	28
16	40
5	11
6	12
32	46
24	43
7	41
2	12
5	31
12	21
12	24
2	20
1	36
17	30
5	32
6	9
5	20
2	15
31	46
6	43
6	40
14	29
29	38
14	47
8	29
7	23
0	7
9	45
4	41
0	35
2	10
7	33
4	10
19	25
23	43
35	36
4	45
28	34
18	44
4	21
25	29
9	15
17	32
10	22
-3	-3
0	43
34	38
27	38
34	47
35	44
10	14
15	25
16	42
42	43