1	L
-1	-2
-3	-4
-5	-6
-7	-7
-8	-9
-10	-11
42	45
10	38
27	42
13	36
8	30
21	44
1	19
11	36
1	10
2	9
22	31
9	35
13	47
17	25
18	44
22	32
9	37
2	28
8	17
19	21
5	38
32	42
9	16
2	10
32	46
24	39
-1	-1
22	42
35	40
28	33
1	41
8	47
26	39
9	23
1	8
20	27
15	33
2	42
10	32
12	37
43	45
8	12
33	40
0	34
30	41
29	35
17	19
20	41
20	33
18	26
1	36
21	33
17	21
2	22
8	19
16	21
16	47
23	35
24	35
35	36
1	11
6	18
24	32
6	16
0	38
4	43
6	24
1	22
21	24
0	13
20	46
24	46
21	42
8	21
-2	-2
1	35
14	38
6	46
11	25
0	8
4	17
7	19
18	43
17	45
2	13
24	41
36	37
14	29
20	34
11	39
25	31
20	39
9	32
8	16
27	36
8	28
3	38
2	33
31	44
3	4
29	31
14	39
9	15
1	31
39	45
11	20
31	35
4	11
7	41
21	29
0	23
28	45
32	36
6	30
22	45
9	28
21	41
21	36
24	30
2	27
15	18
8	36
5	9
10	31
30	31
19	35
10	37
5	45
36	44
4	26
6	33
18	29
33	36
26	35
3	33
25	33
17	44
13	40
7	17
15	19
-3	-3
34	43
16	23
34	36