17	L
-1	-2
-3	-4
-5	-6
-7	-7
-9	-8
-11	-10
17	12
22	23
29	37
10	29
29	9
13	47
24	37
33	41
33	16
-1	-1
26	33
22	40
13	33
38	41
31	47
23	33
3	20
12	35
1	7
36	42
0	13
4	23
16	45
43	44
22	33
3	6
25	35
6	46
30	37
30	35
33	43
23	37
6	30
14	46
11	25
24	46
13	29
3	37
16	24
7	31
15	41
13	19
23	27
16	34
0	25
26	32
22	34
2	27
12	36
15	30
36	47
4	8
8	12
12	24
29	32
10	23
26	28
15	16
4	5
14	19
18	34
19	28
12	41
0	42
36	40
27	44
2	23
27	31
18	41
0	15
10	12
9	21
21	30
28	46
6	33
5	34
0	23
6	28
14	32
17	38
-2	-2
1	22
7	33
24	34
24	44
1	25
15	26
20	21
41	43
1	21
3	31
35	37
25	45
13	25
26	27
30	42
2	9
9	47
9	11
3	41
14	36
18	26
10	36
9	17
4	38
7	25
8	32
2	15
31	41
0	7
22	37
42	46
13	34
3	47
7	19
37	45
40	46
6	10
19	44
23	30
10	31
18	47
0	47
18	27
17	42
1	47
30	32
-3	-3
21	44
16	26
2	7
26	44
18	33
7	37
0	36
23	25
1	13
2	5
4	21
2	45
12	16
0	39
4	41
34	39