1	R
-1	-2
-3	-4
-5	-6
-7	-7
-8	-9
-10	-11
1	34
4	18
10	26
18	42
19	37
42	46
28	44
5	25
8	42
18	37
22	34
28	32
21	32
15	47
3	19
16	46
19	43
29	36
11	19
2	17
23	25
30	35
0	4
-1	-1
11	21
19	28
17	41
9	10
8	28
30	33
5	28
4	39
2	38
3	4
6	43
0	47
17	47
16	31
17	21
9	40
27	45
40	45
18	33
5	36
2	45
10	38
25	38
23	30
25	34
-2	-2
17	28
29	35
11	22
43	44
0	29
29	41
17	23
28	34
4	22
31	45
14	43
39	47
7	21
8	23
16	33
4	27
10	15
20	38
36	39
5	27
11	34
4	26
3	28
7	22
18	36
44	45
6	25
9	46
1	30
12	39
6	24
15	35
8	14
17	38
1	32
36	38
21	39
19	26
2	30
5	46
25	35
15	38
29	40
27	43
1	27
9	21
26	35
7	37
33	38
26	29
2	20
13	28
-3	-3
14	36
12	32
3	18
11	37
23	36
10	41
9	23
7	42
14	45
31	43
12	26
11	42
7	12
6	17
30	40
6	29
15	40
25	39
10	28
28	35
16	36
24	34
5	45
31	37
4	19
15	22
3	35
13	34
8	24
2	44
0	9
23	45
24	46
20	23
5	23
42	44
6	8
1	18
9	31
15	30
26	32