1	R
-1	-2
-3	-4
-5	-6
-7	-7
-8	-9
-10	-11
32	39
7	43
25	39
-1	-1
5	44
18	27
38	39
11	22
4	11
21	27
25	42
22	41
12	40
20	32
17	42
8	43
23	24
13	45
33	35
2	31
28	32
4	39
19	42
40	44
4	21
25	40
1	18
23	39
9	43
18	38
17	38
26	36
16	34
18	30
5	35
42	44
10	12
16	29
20	37
23	27
11	21
14	29
14	24
40	41
19	43
16	21
20	44
26	33
41	43
16	20
9	12
4	38
24	26
19	39
19	20
26	38
3	11
6	25
25	30
5	28
3	19
25	32
4	6
0	2
20	40
3	20
11	18
10	33
9	28
11	24
35	44
44	47
7	19
3	44
29	33
0	7
19	30
39	42
17	45
31	42
22	45
15	41
8	28
16	43
13	18
14	28
30	46
3	6
32	37
12	43
-2	-2
0	16
12	33
26	27
5	37
36	41
10	40
17	28
10	20
18	21
33	34
33	38
0	46
2	20
29	45
14	19
2	44
17	47
8	37
34	39
7	17
5	23
34	40
31	37
8	45
-3	-3
34	41
10	30
0	44
39	47
9	19
12	35
9	44
29	40
20	21
33	43
1	6
12	37
28	45
13	23
24	25
12	22
26	35
11	38
27	42
0	17
1	27
6	16
10	14
12	27
11	23
35	41
5	34
7	37