1	L
-1	-2
-3	-4
-5	-6
-7	-7
-8	-9
-10	-11
5	35
39	44
12	38
16	25
28	35
9	44
-1	-1
29	45
2	24
1	8
4	14
23	29
30	46
10	39
33	40
12	27
30	31
27	45
5	9
6	18
27	41
20	25
25	37
7	14
22	32
12	42
1	34
0	17
17	18
32	41
0	35
3	34
7	23
20	46
4	47
27	46
33	45
12	28
7	27
17	21
2	23
40	41
37	38
8	13
10	17
12	32
1	25
7	10
12	25
17	39
26	46
16	24
19	26
16	27
3	30
14	39
3	43
14	36
1	22
13	28
10	44
-2	-2
11	35
26	40
6	44
41	44
19	28
28	32
21	38
12	35
9	45
6	21
16	26
3	40
24	43
43	46
13	46
32	39
22	31
0	19
18	35
42	43
31	40
4	9
29	33
19	23
1	47
1	40
5	43
38	39
17	47
6	16
26	42
20	26
30	39
12	31
32	43
18	37
11	47
35	45
0	28
0	47
41	42
9	39
2	15
24	47
0	13
22	36
-3	-3
21	27
18	20
4	5
23	30
2	21
15	35
34	47
36	47
17	40
2	31
27	30
34	38
5	18
5	13
14	34
15	34
31	42
14	27
11	16
2	43
27	29
22	26
21	33
5	15
7	43
15	36
4	41
17	32
2	38
36	41
1	2
0	9
8	44
0	22
44	46