1	R
-1	-2
-3	-4
-5	-6
-7	-7
-8	-9
-10	-11
18	22
30	46
38	40
9	16
23	29
24	36
26	27
40	42
14	38
3	5
8	39
9	29
16	42
34	42
15	45
5	40
24	45
13	21
37	42
24	26
17	37
13	40
30	45
16	20
2	25
17	42
27	42
29	41
5	22
27	37
25	35
21	30
14	15
4	13
4	39
36	46
5	10
-1	-1
13	47
13	38
11	25
7	17
7	32
2	34
14	31
5	45
13	45
11	12
33	43
25	38
6	25
5	6
35	38
44	46
8	31
23	30
40	43
0	17
3	8
5	18
29	31
6	23
20	44
20	29
15	44
21	35
23	44
7	9
15	36
13	32
19	37
3	35
6	45
16	23
7	21
23	41
24	31
22	37
5	37
31	37
12	13
3	21
8	38
5	43
1	32
8	14
-2	-2
21	39
16	30
28	30
0	24
22	41
26	46
34	36
44	45
10	21
14	43
18	30
25	33
25	39
30	32
23	34
11	43
18	28
39	45
6	30
32	40
4	7
3	23
38	42
7	26
19	41
6	35
20	38
17	43
19	20
13	27
13	42
17	25
13	29
12	47
34	44
26	28
30	34
11	17
29	33
0	31
21	33
-3	-3
8	13
3	30
9	21
10	42
4	8
15	18
9	40
10	33
27	44
19	46
3	36
16	35
36	40
9	18
26	32