1	R
-1	-2
-3	-4
-5	-6
-7	-7
-8	-9
-10	-11
21	22
2	36
42	47
0	11
23	45
7	36
20	46
8	42
34	35
15	29
35	36
1	2
31	46
5	35
3	8
35	44
15	31
12	21
-1	-1
4	11
8	36
1	12
28	33
33	36
3	42
5	8
4	45
0	10
21	23
32	38
0	16
16	23
5	29
26	42
9	26
36	37
3	29
14	45
12	32
4	18
18	30
35	40
20	40
16	17
3	45
14	17
9	45
20	38
4	9
22	41
11	24
22	27
21	31
10	41
27	29
16	42
0	35
17	43
14	30
5	46
20	23
20	41
1	23
13	27
1	9
2	47
15	20
34	45
13	40
4	26
6	37
0	30
10	27
4	20
17	39
5	45
5	37
13	17
11	47
19	34
21	37
36	39
18	37
3	5
14	29
10	39
10	45
17	24
23	24
5	24
-2	-2
12	18
40	47
14	27
29	47
21	36
6	22
31	35
19	47
21	39
25	47
18	22
9	35
13	35
4	17
24	42
23	36
19	36
24	47
0	5
20	22
41	44
19	39
29	30
6	24
20	28
5	40
26	38
5	6
10	14
13	20
25	28
20	44
8	37
22	45
2	42
10	34
28	32
2	32
38	47
9	23
35	47
8	31
3	7
-3	-3
8	30
9	20
2	38
31	37
10	47
13	14
8	35
32	42
8	38