1	L
-1	-2
-3	-4
-5	-6
-7	-7
-8	-9
-10	-11
15	24
1	42
9	14
10	17
22	40
6	9
34	46
3	46
4	36
9	47
2	9
3	10
24	29
13	43
10	23
8	28
1	24
-1	-1
3	25
0	4
14	30
5	41
30	34
14	34
16	37
37	45
5	38
4	7
34	37
24	26
4	18
19	22
12	14
27	42
0	15
2	12
1	26
17	30
0	5
37	42
16	18
30	45
26	45
7	46
6	20
15	26
5	47
0	32
24	46
18	42
28	45
-2	-2
40	42
18	47
31	38
29	39
8	37
1	38
7	19
7	34
41	42
13	19
34	45
19	21
8	47
17	37
12	34
26	29
24	34
2	41
14	41
0	40
4	41
16	28
9	28
24	33
10	27
9	36
11	37
31	46
16	21
22	42
19	30
3	18
30	37
24	41
30	32
35	47
12	15
23	35
11	13
29	37
32	45
33	41
9	11
27	32
11	33
17	26
10	45
17	28
20	42
2	32
20	33
40	46
-3	-3
15	29
16	32
39	42
8	20
5	15
10	43
7	43
7	29
10	15
25	35
10	46
29	33
23	30
1	43
14	44
18	45
32	33
44	45
7	47
9	39
13	35
41	43
22	32
19	45
28	34
9	13
6	12
13	25
21	39
8	17
19	32
17	25
30	40
9	26
0	6
14	37
14	35
26	43
8	45