1	L
-1	-2
-3	-4
-5	-6
-7	-7
-8	-9
-10	-11
1	34
22	34
14	42
20	30
21	37
19	42
10	32
43	44
7	37
16	22
8	42
21	33
25	31
11	38
16	35
37	38
21	44
0	26
-1	-1
36	43
28	29
15	22
15	32
11	41
18	31
17	18
5	27
6	10
12	28
26	42
13	34
39	47
22	31
26	38
1	16
16	39
9	20
3	21
20	38
7	15
4	46
6	18
34	44
21	36
0	33
4	24
27	35
11	21
0	36
11	42
15	36
34	36
8	38
23	40
31	42
9	25
9	17
20	26
9	22
35	42
21	38
5	22
15	25
2	42
0	37
17	32
32	47
44	47
7	26
30	41
31	39
22	28
1	3
2	14
18	19
31	36
19	38
20	22
20	24
9	19
7	40
9	12
15	17
11	44
29	47
7	42
28	37
6	8
24	38
4	37
-2	-2
26	39
12	17
27	28
35	37
17	34
3	45
11	46
1	35
6	21
8	18
0	12
37	46
-3	-3
23	45
4	28
30	35
20	28
4	25
19	34
14	21
11	40
6	26
12	29
38	39
27	43
0	43
11	28
2	19
2	45
20	27
3	29
12	19
6	15
24	40
24	25
5	34
6	22
26	28
3	9
25	43
2	39
11	17
24	28
6	47
16	33
33	44
27	33
14	47
0	25
7	41
7	25
12	37
21	41