1	R
-1	-2
-3	-4
-5	-6
-7	-7
-8	-9
-10	-11
-1	-1
34	44
4	28
28	36
17	36
8	22
11	43
0	14
15	31
10	12
11	31
11	28
29	44
34	41
0	6
11	40
25	28
4	23
3	5
6	10
12	33
32	33
2	32
21	43
38	46
37	42
11	15
17	25
11	14
5	32
28	41
7	40
30	35
13	27
17	44
23	38
6	35
16	43
14	41
14	42
5	22
32	38
1	30
23	41
29	30
28	47
10	45
10	29
2	19
24	41
24	35
29	39
0	43
26	32
2	7
5	30
18	32
2	34
9	10
0	8
3	19
8	27
2	42
0	45
31	41
24	42
14	17
24	25
11	42
22	37
32	47
8	11
18	43
19	33
20	33
-2	-2
21	35
0	12
34	43
5	14
22	44
20	39
15	17
15	27
19	25
4	34
2	4
12	20
21	32
4	16
13	33
22	28
21	23
2	12
4	24
21	39
30	47
5	45
15	24
17	37
19	43
17	20
11	37
1	45
29	47
7	31
3	32
15	41
15	30
13	14
10	14
5	37
17	23
8	32
25	43
36	38
5	29
38	41
28	44
20	36
19	39
0	7
21	47
2	45
3	33
22	34
1	10
9	31
12	26
23	36
8	36
28	43
15	16
6	32
-3	-3
14	18
30	40
2	18
21	31
2	33
41	43
1	36
18	25
5	44