1	L
-1	-2
-3	-4
-5	-6
-7	-7
-8	-9
-10	-11
9	17
6	9
41	43
25	26
2	44
17	33
20	24
18	19
15	20
10	15
32	40
16	34
30	46
9	12
5	16
9	38
6	8
27	37
5	27
9	21
23	47
27	41
28	41
32	43
16	32
13	26
11	32
24	27
9	34
16	43
16	41
1	38
19	44
19	22
4	34
29	30
2	45
10	39
20	29
-1	-1
5	28
1	3
24	37
16	22
19	43
17	18
15	38
34	46
37	41
22	30
0	10
14	33
4	23
3	34
14	28
13	25
6	37
5	39
3	27
25	27
16	24
14	34
5	6
11	18
21	31
2	43
22	40
8	45
17	35
30	43
23	43
6	44
5	44
6	40
19	24
10	27
7	37
6	19
23	29
33	38
4	8
12	36
43	46
4	44
4	20
11	30
33	45
9	11
23	37
-2	-2
17	20
7	34
18	35
37	47
42	47
10	21
14	43
14	41
7	33
15	22
1	34
7	24
1	12
9	36
14	36
21	26
28	29
4	39
2	23
16	19
4	5
2	8
8	23
9	27
12	25
3	16
19	27
35	46
11	31
6	28
18	32
4	42
26	42
33	46
37	40
35	43
4	47
39	40
3	44
-3	-3
7	26
1	4
12	19
24	47
13	38
14	32
23	45
0	21
13	42
28	46
33	43
25	34
10	25
21	23