1	L
-1	-2
-3	-4
-5	-6
-7	-7
-8	-9
-10	-11
3	39
2	13
16	30
1	44
11	16
11	42
6	47
21	32
11	17
0	17
16	31
5	32
17	31
12	34
12	45
-1	-1
13	30
20	34
9	18
18	42
44	47
6	32
3	32
6	13
8	15
25	40
1	39
24	41
25	31
3	26
16	38
17	35
4	29
30	43
20	47
35	43
10	20
10	26
13	41
15	37
17	40
29	39
17	20
4	12
14	16
14	22
25	26
35	41
12	29
13	21
8	14
26	30
6	31
2	34
3	10
28	34
23	42
-2	-2
12	33
33	34
10	15
25	30
37	44
24	31
2	40
6	19
12	13
30	47
33	35
19	35
23	28
36	46
0	34
32	35
5	26
9	19
2	33
16	22
5	12
8	34
6	17
28	47
6	44
1	31
15	43
1	33
2	37
37	47
41	47
19	43
9	22
31	39
8	20
32	39
2	3
13	16
15	40
17	46
-3	-3
8	22
14	18
15	18
24	27
12	26
24	36
32	41
13	23
19	27
28	45
38	46
6	21
24	29
1	29
13	45
19	42
5	25
26	36
25	39
10	30
19	24
7	43
5	19
19	45
20	33
5	21
27	43
15	36
6	23
16	36
16	18
14	26
14	33
39	47
20	39
31	36
39	40
14	41
19	31
12	27
27	33
12	23
2	29
37	39
19	30