1	L
-1	-2
-3	-4
-5	-6
-7	-7
-8	-9
-10	-11
17	30
12	25
1	2
6	7
3	27
27	39
12	18
17	28
2	47
13	41
0	3
21	26
20	25
8	45
18	38
15	24
37	46
7	43
26	41
8	36
10	25
24	27
15	35
32	46
1	33
14	19
18	42
8	16
35	39
7	36
10	45
2	16
13	30
6	20
5	41
6	17
4	31
3	19
43	46
29	43
26	44
21	28
25	30
21	42
8	37
3	40
-1	-1
41	43
1	45
31	40
5	8
22	46
9	47
34	35
6	11
0	2
24	34
16	21
7	33
29	44
23	32
15	38
11	28
8	9
2	13
37	41
21	32
0	15
10	12
17	19
22	39
14	25
0	36
32	39
9	20
45	46
18	23
2	42
31	45
9	35
36	43
11	14
23	27
28	43
-2	-2
37	39
29	30
7	29
20	40
24	47
5	29
25	44
18	29
9	24
12	36
7	41
6	38
7	31
21	38
10	17
31	43
13	18
14	41
5	34
35	37
22	28
5	30
16	40
12	17
0	20
25	32
22	44
6	9
29	42
1	4
2	9
21	34
37	40
5	33
36	41
-3	-3
9	37
13	35
24	33
16	47
0	14
34	39
29	35
6	43
19	29
1	6
7	22
26	37
37	38
7	11
7	18
13	46
36	47
4	43
23	35
13	28
1	11
1	18
6	34