1	L
-1	-2
-3	-4
-5	-6
-7	-7
-8	-9
-10	-11
24	30
-1	-1
19	38
45	46
5	8
8	33
7	46
6	36
14	42
0	28
8	44
0	26
0	11
33	36
0	44
11	28
18	32
8	30
2	10
29	39
8	28
6	33
38	39
2	26
8	13
4	17
24	47
17	23
24	44
37	41
1	10
14	28
18	26
3	29
12	39
26	47
18	27
2	32
5	27
1	3
25	33
12	19
26	30
8	20
26	44
35	41
9	32
17	32
35	38
12	30
27	29
14	31
36	44
28	30
16	41
7	22
13	18
7	43
5	26
6	47
2	8
15	39
11	47
5	10
8	26
9	13
3	35
3	30
13	27
0	9
0	12
7	23
8	15
39	45
29	45
24	27
10	47
-2	-2
1	9
12	23
9	21
1	28
26	29
7	29
9	25
3	37
20	37
3	20
26	38
3	27
0	7
33	38
2	45
14	39
30	31
4	36
23	30
11	35
15	22
16	38
4	39
31	36
5	32
28	29
11	18
8	35
34	43
2	21
5	31
0	13
19	45
4	34
17	29
5	25
11	29
0	25
17	44
7	34
13	21
8	42
2	13
25	35
26	42
0	46
16	17
15	32
9	16
19	40
12	38
34	45
16	42
40	42
4	5
-3	-3
11	39
21	41
25	26
27	36
17	36
4	13
5	37
25	28
26	45
24	41