1	R
-1	-2
-3	-4
-5	-6
-7	-7
-8	-9
-10	-11
17	22
4	31
0	6
30	36
5	14
8	40
13	20
19	42
7	20
20	31
2	20
2	26
3	41
35	42
22	36
26	28
17	29
36	43
36	41
2	32
6	17
18	42
16	27
8	18
34	47
26	30
28	38
29	47
12	16
7	42
-1	-1
11	26
32	34
19	30
24	31
45	46
9	41
2	21
3	12
13	33
5	26
15	44
24	33
15	36
18	21
29	39
5	37
10	45
17	42
11	27
9	45
38	45
22	33
30	47
19	34
13	31
0	37
34	35
5	47
34	37
0	24
10	36
7	31
-2	-2
2	47
11	21
3	18
3	40
12	26
4	16
10	13
21	25
16	18
4	25
5	31
3	42
10	33
41	46
15	28
40	45
10	11
7	40
2	35
5	15
0	30
14	46
12	47
3	22
37	38
8	39
6	38
3	11
9	18
36	45
26	29
1	17
0	33
31	33
7	9
19	45
0	14
18	28
-3	-3
1	25
34	41
14	19
3	13
19	23
38	43
5	46
12	17
15	46
0	32
13	45
2	6
14	20
20	28
8	38
17	41
15	17
40	41
21	37
33	37
5	35
18	46
1	42
20	25
17	28
2	3
15	42
32	33
5	18
11	24
21	38
18	41
28	36
7	15
25	35
19	38
13	19
39	41
39	46
26	37
30	39