1	R
-1	-2
-3	-4
-5	-6
-7	-7
-8	-9
-10	-11
10	20
17	42
39	41
2	23
20	30
6	17
7	37
25	43
42	46
11	46
0	5
6	42
4	45
0	41
21	25
7	9
8	46
13	45
14	15
13	41
1	32
14	16
5	42
2	19
21	23
26	40
11	21
1	18
8	21
6	35
-1	-1
28	36
31	41
14	27
1	47
31	43
14	20
19	30
1	5
25	36
21	33
25	47
7	10
23	32
17	20
20	32
0	39
32	46
0	35
0	20
32	33
17	24
16	28
34	46
22	44
14	30
23	35
3	39
31	44
19	23
28	46
4	37
25	29
28	37
10	18
10	14
8	27
7	19
8	17
4	10
20	43
15	23
5	11
27	42
32	39
17	31
9	34
-2	-2
5	36
20	23
27	30
0	8
37	47
11	19
29	43
13	20
2	22
20	26
31	37
19	37
15	36
8	12
6	16
9	12
5	43
6	19
14	43
21	44
7	47
11	22
27	37
18	39
23	25
16	20
26	37
37	46
31	34
1	27
2	25
25	42
3	45
16	31
3	25
14	47
5	12
27	28
3	5
2	15
38	41
1	4
8	36
7	44
8	25
17	33
10	41
4	6
5	35
3	10
37	39
2	5
10	17
28	47
14	18
4	25
9	36
6	37
17	34
-3	-3
25	31
4	35
2	44
21	32
43	45
38	43