1	R
-1	-2
-3	-4
-5	-6
-7	-7
-8	-9
-10	-11
6	42
3	17
12	34
23	39
12	21
10	34
33	34
11	42
7	34
3	44
7	24
11	33
10	24
1	28
0	25
14	39
31	38
0	32
10	47
5	46
3	7
24	38
11	15
28	34
3	38
45	47
10	40
5	32
35	41
0	11
9	43
16	34
3	12
20	43
3	37
18	36
9	26
3	29
8	43
13	25
22	36
18	19
10	46
12	23
11	21
34	41
-1	-1
0	21
9	36
9	14
2	14
14	23
15	40
40	45
2	17
9	38
15	23
4	30
12	38
9	25
16	24
10	38
9	27
26	34
6	29
13	15
2	40
32	42
15	16
4	35
29	40
14	28
9	44
13	43
9	19
9	13
35	47
21	36
7	35
7	38
16	36
9	41
8	21
11	19
1	17
18	40
39	40
0	38
14	33
-2	-2
17	23
19	28
14	37
41	45
8	18
39	44
16	29
23	42
2	44
23	47
3	4
21	46
24	43
1	22
36	38
17	33
2	27
10	11
5	11
15	20
9	11
16	43
19	42
3	13
20	33
10	20
0	45
5	47
22	23
0	18
13	17
20	42
1	24
1	34
25	40
30	41
25	26
26	29
32	41
40	46
13	33
4	18
-3	-3
1	10
9	15
22	27
18	41
34	37
6	31
15	33
22	34
23	28
8	32
1	30