1	R
-1	-2
-3	-4
-5	-6
-7	-7
-8	-9
-10	-11
32	45
20	35
11	37
44	47
13	45
10	20
39	46
9	38
15	24
11	36
24	41
13	44
16	33
3	12
37	46
23	45
11	24
10	11
1	3
30	36
15	26
9	11
25	28
0	37
5	32
7	24
2	7
2	24
0	23
3	35
38	39
21	22
25	34
-1	-1
36	39
19	27
11	32
32	36
7	30
2	14
35	47
22	29
28	30
21	43
10	39
34	44
10	44
36	41
9	19
28	46
31	40
10	47
1	20
15	44
25	45
0	42
30	35
32	46
4	45
1	28
13	34
12	21
13	22
31	32
15	23
5	29
13	26
33	40
14	38
4	14
11	44
1	15
-2	-2
34	45
8	40
9	42
12	40
34	42
17	44
1	16
0	16
12	35
8	34
1	45
5	11
8	20
7	27
0	4
17	40
20	34
12	25
8	35
30	40
31	42
26	38
29	39
6	15
7	14
0	17
20	33
17	20
19	29
18	35
24	27
9	37
24	35
9	40
4	17
2	34
19	46
27	45
14	29
14	47
19	38
19	25
1	6
17	26
37	45
18	30
14	32
18	24
37	43
3	5
21	38
45	47
21	26
4	25
2	38
-3	-3
23	29
21	34
45	46
42	44
28	34
9	43
4	46
6	16
35	39
5	14
18	41
5	25
17	47
2	44
20	36