1	L
-1	-2
-3	-4
-5	-6
-7	-7
-8	-9
-10	-11
25	38
30	37
7	28
44	47
2	42
13	43
6	14
13	29
38	46
11	13
10	38
11	23
17	38
6	40
15	45
22	35
23	44
36	37
9	15
28	32
3	31
16	39
0	32
9	18
4	44
10	44
8	45
-1	-1
8	40
2	33
5	45
27	44
18	36
13	31
26	36
15	27
37	45
19	34
16	35
9	23
3	15
13	38
1	41
1	31
15	34
31	39
3	41
14	35
9	31
5	33
15	40
11	20
40	45
23	46
5	9
22	38
6	20
35	36
3	26
19	46
5	18
1	30
12	40
28	41
35	37
19	22
3	18
-2	-2
31	35
4	7
33	35
31	42
5	38
15	42
10	37
35	43
20	38
20	25
1	46
6	12
24	35
13	47
10	45
4	38
0	6
9	38
10	21
5	14
30	44
10	16
12	28
16	40
17	25
27	47
13	32
6	9
15	25
9	33
1	26
3	36
14	29
20	36
15	29
6	46
2	46
22	42
9	37
9	44
-3	-3
15	28
23	36
23	41
1	38
14	17
0	24
12	13
15	16
30	46
33	34
28	42
11	12
40	43
18	25
28	45
1	20
3	46
41	42
29	46
20	24
15	44
32	43
4	18
23	33
3	33
14	19
12	31
2	3
12	47
31	47
4	29
8	24
7	30
20	27
25	39