1	R
-1	-2
-3	-4
-5	-6
-7	-7
-8	-9
-10	-11
3	30
31	36
4	27
10	28
12	18
17	31
18	33
1	2
26	40
44	47
5	42
22	23
7	35
23	32
8	20
29	37
2	14
13	16
7	8
17	38
36	40
13	43
13	30
31	40
-1	-1
18	27
4	15
6	21
3	9
7	28
41	45
12	27
28	35
41	42
29	32
13	21
15	27
3	37
25	43
4	30
8	41
23	41
5	8
7	21
10	16
2	16
27	47
18	20
24	29
6	25
0	20
20	43
3	26
19	36
39	42
28	31
4	38
30	35
38	42
23	40
3	32
5	7
16	46
20	36
-2	-2
6	47
6	15
29	34
17	26
46	47
29	41
12	43
16	40
31	46
8	42
19	32
0	19
36	42
13	24
27	39
4	41
6	41
13	41
17	24
8	26
34	44
16	26
25	44
11	13
11	23
3	21
10	14
1	13
11	28
3	35
3	31
7	10
5	30
4	33
40	46
22	39
21	39
5	32
12	34
28	37
8	34
2	30
1	16
11	47
19	33
-3	-3
20	26
11	41
5	36
15	21
37	46
38	39
13	35
15	23
28	44
19	37
8	25
28	30
20	23
7	16
6	22
14	47
13	44
26	36
0	36
27	35
30	32
4	13
5	21
25	28
3	7
16	30
9	29
32	39
22	46
22	37
1	30
25	36
1	5