1	L
-1	-2
-3	-4
-5	-6
-7	-7
-8	-9
-10	-11
16	25
7	24
30	43
8	12
36	42
35	39
5	12
29	46
15	44
17	23
6	31
33	34
5	40
36	41
15	30
12	16
38	41
16	27
11	47
39	44
0	14
0	35
4	9
17	33
24	30
31	43
29	45
22	37
3	36
6	7
15	19
20	45
20	41
18	23
12	47
35	43
-1	-1
22	47
5	24
10	42
33	46
29	34
26	34
25	32
5	45
24	45
9	35
19	47
30	42
14	25
10	35
15	45
5	32
15	18
-2	-2
3	40
30	39
12	23
4	13
33	42
3	14
13	39
11	36
26	35
13	30
10	11
17	20
12	33
2	27
19	35
29	38
3	33
25	28
32	38
4	31
40	47
10	36
10	24
24	35
12	32
17	45
2	16
25	30
7	18
18	37
24	42
1	9
32	35
28	40
37	39
4	21
11	32
28	41
16	24
13	15
9	15
6	37
22	45
14	22
-3	-3
5	20
14	38
9	10
0	27
4	45
14	46
2	36
1	40
43	47
20	44
12	18
22	38
14	39
0	11
6	11
29	40
19	39
12	27
8	23
21	47
34	47
1	10
36	46
28	31
1	27
14	15
24	37
25	45
1	12
2	38
20	37
3	22
13	27
41	47
0	1
24	36
20	36
32	36
27	45
3	23
3	34
32	46
10	40
42	43