1	R
-1	-2
-3	-4
-5	-6
-7	-7
-8	-9
-10	-11
33	35
4	18
41	42
2	31
34	37
18	33
42	47
18	30
11	31
0	25
13	21
19	21
34	46
30	36
16	38
35	47
33	41
4	35
4	34
30	38
7	29
6	44
0	8
44	47
18	24
12	15
23	42
21	33
30	41
5	14
4	40
8	33
42	45
7	11
12	13
22	32
13	29
23	38
5	46
32	41
8	45
2	39
8	10
4	29
10	37
8	32
-1	-1
28	44
38	39
8	21
18	45
35	38
0	33
29	43
2	28
21	27
27	34
24	41
15	23
6	19
31	36
37	42
27	31
22	45
8	12
1	24
24	33
16	32
12	34
2	26
7	34
14	31
0	30
9	14
10	41
19	22
18	32
31	33
25	31
-2	-2
1	4
6	34
9	39
3	27
9	35
23	30
7	39
18	39
33	43
29	41
10	12
33	39
15	44
12	16
14	19
42	46
1	38
13	46
17	34
0	3
16	36
32	47
10	35
17	44
-3	-3
32	33
10	17
21	39
12	39
11	35
10	44
30	46
0	15
2	18
13	16
18	27
7	47
15	39
2	32
12	47
25	42
13	40
3	40
17	33
17	18
0	34
29	31
31	35
30	44
19	32
34	41
26	36
11	13
40	46
7	10
3	41
8	18
15	30
23	47
18	35
13	28
14	44
6	20
18	21