1	L
-1	-2
-3	-4
-5	-6
-7	-7
-8	-9
-10	-11
6	36
28	46
28	35
3	13
18	46
19	23
17	27
1	4
25	26
5	39
6	29
12	31
28	33
13	31
9	34
23	38
23	44
21	25
13	36
-1	-1
4	15
23	41
12	41
31	34
31	33
16	42
22	25
0	44
38	44
6	42
21	27
8	43
23	34
13	33
26	30
6	40
17	42
1	41
24	39
32	41
19	20
13	46
15	37
2	46
6	23
25	39
33	36
13	24
5	35
25	36
31	44
34	35
11	19
6	45
23	33
0	8
5	10
27	44
3	12
13	18
6	19
14	43
21	45
0	38
33	45
8	27
16	38
38	45
2	8
26	31
19	40
3	20
1	20
38	42
9	31
11	39
-2	-2
2	33
2	30
9	32
6	25
2	23
15	40
1	28
1	46
0	30
9	21
8	22
24	27
11	30
7	10
10	44
7	30
2	21
11	34
11	23
10	31
2	4
21	32
35	41
22	35
1	23
0	34
2	20
19	43
9	24
3	27
4	16
7	38
5	37
24	43
4	17
17	39
27	37
20	29
20	40
14	28
21	28
26	36
8	32
16	23
18	27
4	42
25	41
8	31
30	46
4	5
18	43
16	30
18	35
3	47
3	28
9	44
29	42
-3	-3
8	14
8	41
13	45
5	7
26	33
1	25
1	21
31	35
32	42