1	R
-1	-2
-3	-4
-5	-6
-7	-7
-8	-9
-10	-11
5	15
14	18
3	34
25	46
24	36
-1	-1
14	35
2	3
0	35
26	37
20	31
40	45
7	36
13	18
18	22
10	42
30	34
29	32
33	41
11	23
40	41
14	30
15	30
2	16
11	45
2	21
1	39
11	46
7	20
20	43
17	46
22	39
4	44
23	28
7	41
12	37
4	8
33	46
1	13
27	32
16	24
18	40
13	19
9	12
9	41
13	39
10	41
8	24
22	37
7	37
34	37
22	47
1	25
20	30
11	13
31	41
11	41
18	26
23	37
14	28
17	23
3	20
16	19
21	29
19	43
3	43
1	4
21	33
16	26
11	34
9	34
14	46
-2	-2
30	46
26	42
5	10
15	35
29	45
10	24
36	45
3	30
12	22
42	47
23	32
0	8
19	31
10	36
30	43
20	32
18	27
12	44
29	46
1	36
15	36
4	39
3	11
6	19
-3	-3
30	39
8	10
20	40
33	47
17	27
5	46
11	42
26	33
16	18
28	33
32	40
1	42
40	47
2	39
5	30
8	23
29	40
16	28
37	38
19	42
15	28
13	24
6	10
29	33
11	43
25	27
16	38
27	44
23	30
27	35
2	20
36	43
40	43
2	10
35	40
22	32
35	43
17	36
2	31
18	28
4	6
21	32
19	28
4	36
34	43
32	43