1	R
-1	-2
-3	-4
-5	-6
-7	-7
-8	-9
-10	-11
6	19
4	29
2	40
2	41
10	27
1	4
18	29
7	43
33	47
0	27
30	32
25	46
5	19
9	11
8	9
3	40
26	40
5	43
24	36
0	28
1	31
28	38
7	41
0	22
8	44
9	18
20	26
10	42
21	42
31	33
5	11
10	18
9	29
2	22
14	16
45	47
11	32
7	18
-1	-1
27	34
35	45
27	37
13	45
9	43
0	8
19	32
5	6
41	42
10	29
11	12
7	26
26	41
35	46
30	44
4	7
1	14
30	45
10	22
35	43
2	24
19	36
26	37
24	35
4	31
0	7
13	17
3	7
32	36
12	18
40	43
17	22
19	29
27	36
4	5
32	44
31	32
23	38
11	29
12	37
21	25
22	46
21	22
39	40
10	40
2	13
8	20
1	10
-2	-2
15	45
28	47
26	39
5	34
34	35
11	24
12	14
7	47
6	21
27	35
25	28
22	31
0	5
0	25
28	31
5	22
2	34
5	10
9	17
4	44
20	29
14	28
6	32
21	46
33	45
29	38
27	39
11	14
42	43
35	44
28	42
29	43
7	34
12	21
2	18
-3	-3
31	38
2	14
2	21
19	40
35	47
16	18
0	6
17	32
7	16
23	37
9	26
13	47
7	8
0	16
1	29
8	19
16	24
24	47
32	37
27	40