1	R
-1	-2
-3	-4
-5	-6
-7	-7
-8	-9
-10	-11
17	35
9	37
15	38
1	44
36	37
3	38
12	13
32	34
7	17
6	35
22	27
18	26
28	32
42	45
6	38
11	12
13	20
7	35
7	12
4	27
10	37
14	27
16	41
10	33
27	34
8	21
6	14
27	47
15	43
5	13
29	41
35	44
35	46
23	47
4	47
13	37
25	38
31	40
25	47
7	9
21	26
11	25
45	47
-1	-1
39	45
1	45
3	44
7	28
12	42
0	2
20	47
33	35
18	33
0	45
9	18
2	44
7	36
0	7
5	36
3	43
7	13
13	44
36	40
13	23
33	47
1	6
21	29
12	26
12	25
1	30
7	16
13	14
42	47
8	11
0	42
7	45
18	36
2	24
16	43
5	31
4	40
0	22
14	33
18	40
1	8
16	19
23	28
14	40
17	43
-2	-2
4	19
12	45
21	40
16	40
2	26
11	29
8	33
9	30
21	24
15	41
37	40
1	18
8	13
9	27
40	43
2	11
3	7
7	33
-3	-3
15	23
34	41
13	42
17	22
8	10
3	31
16	31
6	44
37	43
42	44
30	33
5	23
5	42
9	41
0	28
29	31
4	20
1	13
13	26
15	28
42	46
7	23
23	24
35	40
5	16
26	32
15	39
20	32
8	36
24	44
34	42
18	32
10	13
3	6
19	25