1	L
-1	-2
-3	-4
-5	-6
-7	-7
-8	-9
-10	-11
0	42
8	42
17	31
8	32
14	27
28	42
21	23
12	38
0	5
12	19
33	44
13	47
11	29
3	47
20	34
11	20
14	47
24	27
42	43
1	43
12	24
24	31
9	35
2	11
16	38
0	37
10	37
24	44
34	46
13	35
35	42
14	41
21	28
26	37
30	35
38	45
9	13
10	42
17	46
14	37
13	20
4	12
11	32
8	12
-1	-1
16	24
23	38
0	20
2	19
35	38
0	31
11	19
29	36
16	27
14	16
16	45
17	24
3	29
13	41
22	34
1	19
25	31
8	18
5	45
11	33
14	31
24	32
-2	-2
10	31
13	36
12	13
6	14
3	10
32	41
14	35
21	47
23	33
2	38
22	32
4	14
13	30
27	31
9	39
21	29
38	44
29	46
16	47
4	5
22	44
17	35
27	43
2	23
11	44
11	47
5	24
4	20
26	45
19	27
26	40
14	39
13	42
24	33
24	47
13	24
0	35
15	45
12	29
0	9
0	33
5	20
5	22
22	40
0	15
24	36
22	38
4	17
0	18
27	36
4	25
0	21
2	43
11	14
12	18
23	35
0	32
14	17
7	39
0	8
32	44
6	17
2	40
25	46
31	34
13	32
5	40
21	33
4	10
10	28
19	31
13	31
0	14
-3	-3
16	19
43	46