1	R
-1	-2
-3	-4
-5	-6
-7	-7
-8	-9
-10	-11
2	11
36	38
3	43
1	35
8	47
38	39
27	47
1	46
7	28
11	31
9	37
14	38
7	39
8	16
14	15
33	40
13	42
28	43
10	43
4	37
15	21
15	45
30	46
14	25
12	38
29	33
2	4
12	30
16	40
7	11
7	29
1	30
3	16
24	26
35	38
34	46
18	39
23	46
3	44
4	7
5	42
33	39
0	9
-1	-1
19	46
11	28
18	24
24	43
22	31
34	41
2	18
31	38
3	21
0	2
0	32
11	43
1	28
8	11
6	40
7	38
5	44
0	28
13	28
6	9
5	17
24	32
19	20
8	17
0	20
1	4
2	25
6	16
35	45
5	13
8	39
11	38
23	41
5	36
7	44
0	46
7	15
9	32
22	32
2	21
29	40
41	45
16	25
-2	-2
19	25
38	42
1	36
11	40
9	38
11	29
17	34
1	8
0	21
9	40
25	43
13	43
9	33
-3	-3
11	30
1	34
1	20
12	42
28	31
15	33
14	39
2	20
7	30
22	29
26	46
8	10
2	46
11	32
17	45
4	36
23	35
7	14
5	43
7	17
6	7
8	29
15	34
26	34
26	41
23	26
19	23
2	28
20	36
17	25
7	18
1	10
1	38
4	10
23	29
9	12
32	46
28	40
0	38
4	24
1	17
0	44