1	R
-1	-2
-3	-4
-5	-6
-7	-7
-8	-9
-10	-11
30	36
28	43
1	19
1	24
33	44
21	45
12	17
24	37
21	35
5	17
10	22
36	45
18	22
23	26
7	20
9	43
17	43
19	24
10	15
1	12
17	18
18	29
11	17
-1	-1
10	46
33	37
3	17
38	40
4	19
19	28
3	24
17	45
9	10
21	40
17	30
39	40
10	13
2	27
21	24
15	18
1	42
22	24
19	33
4	41
3	4
30	34
32	34
16	37
26	39
25	40
10	26
21	22
30	39
23	42
20	46
24	25
6	22
12	20
32	41
10	36
26	27
12	27
10	24
12	46
34	42
26	34
21	27
2	6
18	34
31	45
2	47
0	27
5	46
16	47
23	45
22	46
1	23
21	31
22	33
29	35
11	40
34	35
2	28
40	46
42	43
35	47
-2	-2
33	39
12	41
7	32
18	44
8	18
27	35
3	44
0	14
28	39
1	16
17	37
39	42
20	22
0	15
35	39
27	34
23	28
32	35
19	27
19	25
7	41
24	38
10	28
18	46
4	31
27	41
11	34
7	45
13	37
18	40
3	8
31	32
16	18
13	36
1	2
7	36
4	11
16	45
19	29
13	44
25	44
0	21
33	46
12	14
6	28
28	35
31	40
7	38
3	47
9	22
12	16
10	42
16	27
-3	-3
14	44
32	45
36	38