1	L
-1	-2
-3	-4
-5	-6
-7	-7
-8	-9
-10	-11
2	47
22	30
21	44
12	17
12	19
28	36
13	29
6	19
0	8
23	38
5	16
44	45
8	11
13	36
2	10
16	44
6	47
21	38
17	24
1	4
5	6
1	2
16	19
-1	-1
15	37
6	12
2	17
33	40
4	13
14	19
25	44
12	14
3	8
30	37
15	29
0	9
2	30
31	47
16	33
25	41
5	24
12	25
42	47
1	14
7	18
7	26
31	43
0	44
16	27
34	36
30	41
6	18
8	27
14	29
4	42
7	28
8	21
10	27
0	35
0	13
7	39
28	44
22	42
0	7
4	20
22	38
29	30
1	24
8	29
12	34
-2	-2
10	11
27	41
38	46
33	43
6	37
43	47
21	34
40	43
0	46
12	31
36	47
11	23
35	46
9	39
10	45
21	36
17	36
28	29
0	29
46	47
26	39
15	22
5	38
20	44
13	23
18	38
1	29
20	21
2	26
8	35
6	39
39	44
11	45
3	11
12	44
19	38
2	36
7	23
1	38
21	27
16	22
1	37
4	37
26	29
17	45
42	44
0	25
32	36
8	32
8	24
15	24
19	40
-3	-3
4	8
23	37
10	32
19	42
12	40
4	5
12	18
39	43
29	47
36	44
2	34
5	43
10	40
3	45
19	44
0	4
0	31
21	28
8	15
11	12