1	L
-1	-2
-3	-4
-5	-6
-7	-7
-8	-9
-10	-11
10	18
8	27
13	38
12	43
2	24
18	34
6	33
23	27
5	30
14	39
6	41
10	16
2	34
5	9
11	34
10	35
42	45
1	23
20	30
25	43
1	6
38	41
9	35
1	11
11	46
19	47
38	43
39	40
1	17
4	45
2	14
19	27
5	29
27	39
14	35
14	18
-1	-1
5	27
3	29
28	44
20	46
8	29
7	23
4	34
32	33
18	19
9	38
14	41
29	45
8	19
22	43
3	37
12	34
4	47
39	43
0	27
11	40
15	21
7	12
24	33
4	30
5	23
6	40
28	35
-2	-2
31	33
32	42
13	34
3	42
7	20
27	41
9	27
18	45
44	47
11	13
5	6
5	11
45	47
36	46
14	40
29	43
3	7
24	36
20	29
16	37
6	31
3	27
12	22
9	43
17	44
14	31
14	33
32	46
5	25
17	32
30	35
9	32
3	40
21	41
1	46
15	29
32	45
15	37
11	31
19	37
24	28
23	33
21	32
16	45
7	9
0	39
24	29
3	21
7	30
18	44
24	45
17	26
4	29
32	47
26	44
17	35
6	19
13	26
26	39
0	21
23	37
10	19
5	35
19	39
7	39
21	45
38	39
12	17
24	30
21	35
1	9
9	31
4	44
23	25
7	14
-3	-3
23	29
1	31
23	41