1	L
-1	-2
-3	-4
-5	-6
-7	-7
-8	-9
-10	-11
31	42
21	22
7	19
41	44
4	45
28	29
0	19
3	31
10	36
25	46
20	26
7	42
4	32
33	40
3	41
7	40
0	23
22	24
-1	-1
28	39
26	35
7	30
6	21
27	31
10	23
12	20
16	37
4	25
5	17
27	40
22	38
9	17
10	14
18	31
32	37
9	32
18	45
10	13
23	46
28	35
11	34
4	6
5	21
13	44
20	24
43	47
5	19
9	31
1	37
14	47
17	36
0	6
1	9
22	26
43	45
10	27
1	23
2	24
23	33
31	47
28	40
14	45
35	43
-2	-2
3	46
15	41
8	35
17	38
1	3
12	46
19	25
23	24
5	26
13	24
25	34
25	41
17	26
20	23
4	10
10	37
19	24
27	47
11	23
19	36
25	27
19	40
12	43
30	31
8	28
4	27
0	39
0	29
10	43
14	30
38	47
11	32
25	31
18	35
35	44
2	32
42	47
24	30
22	31
4	19
6	46
20	27
20	36
6	32
29	45
4	17
1	36
15	43
21	29
28	38
43	44
5	20
-3	-3
14	21
21	45
11	47
30	35
2	35
12	26
21	31
46	47
7	39
38	39
11	41
14	27
31	35
0	22
1	41
24	41
32	47
39	41
12	37
14	46
16	46
38	43
7	28
12	45
17	39
13	26
18	46