1	L
-1	-2
-3	-4
-5	-6
-7	-7
-8	-9
-10	-11
8	20
10	18
1	7
40	42
3	39
10	26
1	41
2	28
12	34
18	21
21	36
1	33
20	34
3	18
19	22
12	22
-1	-1
13	43
31	46
9	24
16	41
6	31
11	12
22	30
23	37
6	30
22	27
17	30
8	40
23	45
0	26
16	36
2	6
42	46
0	31
29	38
3	29
11	17
1	35
25	34
37	46
7	41
42	44
10	16
7	16
23	25
14	16
43	47
33	46
8	29
35	44
34	37
10	43
8	9
10	38
19	30
23	40
36	43
26	27
12	37
35	39
9	42
18	30
27	38
5	33
19	47
8	43
34	39
20	42
6	38
27	43
2	14
32	37
8	16
-2	-2
9	26
10	24
10	28
15	43
4	12
6	33
19	44
6	17
12	17
25	45
14	25
35	41
11	34
36	42
4	44
32	34
23	31
7	37
20	29
4	39
19	45
12	21
14	45
4	25
29	36
13	24
6	22
-3	-3
18	24
39	41
30	41
0	42
39	42
9	23
0	30
9	47
9	16
18	22
1	19
43	45
2	40
14	33
25	35
7	38
7	45
22	29
2	30
4	43
23	24
21	40
13	32
3	22
20	21
32	36
28	45
25	46
27	36
5	40
8	37
17	34
4	11
26	30
25	41
25	32
0	34
3	24
28	42
28	31
19	34