1	L
-1	-2
-3	-4
-5	-6
-7	-7
-8	-9
-10	-11
23	34
5	18
1	44
11	18
14	23
23	43
4	40
3	38
6	33
-1	-1
13	18
16	28
7	13
6	27
41	45
22	43
32	47
15	46
33	35
3	13
1	21
8	25
33	34
9	35
12	28
10	21
27	41
32	43
6	44
27	28
1	15
12	36
0	20
15	33
7	25
0	39
20	34
9	14
16	22
6	7
38	47
5	17
9	15
37	47
6	28
29	37
2	11
17	39
32	39
18	28
30	38
7	36
32	34
3	45
22	41
0	13
-2	-2
14	44
14	31
4	41
33	43
2	37
32	40
15	26
17	37
6	42
24	26
10	47
15	20
22	47
16	38
20	36
23	28
0	30
5	39
25	42
5	12
8	21
29	42
11	28
28	40
20	22
28	37
6	36
23	46
15	27
17	33
7	29
18	31
32	46
24	29
12	27
12	23
3	25
26	33
34	39
20	43
3	9
14	32
19	31
16	42
22	23
22	35
28	41
20	37
18	39
1	13
9	45
30	36
13	22
38	44
20	21
11	30
2	39
0	15
37	44
6	11
36	37
12	16
35	39
3	39
11	33
21	26
2	47
12	47
6	16
12	24
1	22
31	41
29	31
5	41
15	34
21	45
19	35
7	31
-3	-3
0	23
18	41
24	39
5	7
22	37
4	9
1	35
21	33