1	R
-1	-2
-3	-4
-5	-6
-7	-7
-8	-9
-10	-11
22	28
4	27
5	11
2	27
16	42
17	35
11	14
7	25
29	32
36	38
3	18
13	42
7	44
3	40
6	25
19	31
-1	-1
30	36
2	40
24	31
15	23
16	18
18	47
8	18
1	28
12	35
12	38
30	45
20	22
4	15
21	37
10	38
11	36
18	35
11	44
15	39
22	32
28	46
15	40
10	23
18	21
9	30
15	18
26	47
25	42
6	10
15	26
4	32
4	25
28	42
24	42
15	43
10	43
24	26
31	38
5	26
12	47
7	45
0	6
5	41
39	45
8	22
2	41
28	43
0	28
24	38
4	28
9	20
20	26
0	24
29	34
15	21
31	44
-2	-2
27	43
6	31
6	8
8	12
12	30
4	46
37	38
3	25
5	39
1	22
3	23
27	32
33	42
4	33
27	47
25	37
29	31
6	36
13	45
15	30
19	37
9	28
8	20
3	12
2	18
21	46
7	47
11	34
14	34
26	44
2	45
1	41
3	6
42	46
9	34
10	25
35	37
4	12
0	2
6	42
38	47
5	28
9	25
2	8
13	15
-3	-3
33	38
19	22
1	15
11	46
12	39
21	29
8	14
4	26
27	31
7	31
17	33
41	45
6	26
16	30
38	42
11	47
6	16
2	24
31	42
2	16
7	14
18	30
16	45
11	24