1	L
-1	-2
-3	-4
-5	-6
-7	-7
-8	-9
-10	-11
17	19
24	40
2	29
22	47
21	34
38	42
6	29
43	46
2	41
30	35
6	43
18	30
7	8
32	42
9	17
32	36
33	45
19	43
4	9
29	47
13	15
4	15
7	16
25	27
14	37
1	13
3	6
7	14
12	32
15	21
5	21
2	35
25	32
40	41
8	22
4	40
5	13
35	46
7	27
-1	-1
18	42
32	40
24	26
11	31
0	43
3	9
23	27
13	14
21	28
19	42
5	40
7	17
8	19
9	26
12	42
11	32
16	32
25	30
0	4
23	29
14	25
18	24
2	14
12	15
4	33
12	35
36	43
8	14
13	25
23	34
3	16
27	33
19	31
28	40
10	39
4	32
22	23
19	32
6	31
27	46
14	33
11	15
15	30
9	14
7	33
36	42
29	40
8	10
-2	-2
27	40
8	31
22	27
12	18
31	33
23	39
22	26
23	43
39	43
11	16
36	41
22	43
11	42
34	40
-3	-3
7	24
5	29
0	3
3	11
20	35
19	36
21	38
4	14
21	30
1	25
2	4
36	47
10	31
22	32
1	39
37	43
15	41
8	39
0	2
35	45
27	38
26	28
4	20
9	35
10	43
8	37
39	46
7	18
0	16
3	23
20	33
26	41
30	45
19	20
6	45
35	40
16	33
23	40
6	10
5	44