1	L
-1	-2
-3	-4
-5	-6
-7	-7
-8	-9
-10	-11
13	42
9	30
31	44
20	38
27	32
16	20
5	42
19	38
33	35
26	41
3	36
9	18
12	18
4	8
17	43
11	21
8	38
25	26
1	12
2	5
0	41
23	26
26	44
32	42
8	12
9	41
10	32
18	41
28	40
5	26
12	30
6	47
38	47
16	34
38	43
22	35
14	38
13	22
5	7
16	33
5	12
3	25
17	29
3	4
-1	-1
34	36
33	44
11	33
5	31
11	24
4	22
30	34
8	35
3	41
12	14
4	38
15	42
17	22
9	34
12	36
-2	-2
1	6
1	27
15	29
35	42
40	46
1	13
14	19
1	18
7	32
44	45
4	30
22	39
36	39
11	22
24	40
12	44
4	17
22	47
23	42
21	45
12	43
26	38
2	17
14	43
1	32
2	47
4	31
7	11
16	35
6	46
1	44
39	43
9	13
22	24
13	36
6	40
12	39
25	40
21	29
7	28
14	46
4	42
6	39
0	3
-3	-3
2	39
18	45
0	27
11	23
3	7
4	19
7	13
3	21
6	9
0	39
8	14
28	30
0	2
29	46
23	34
8	33
21	28
15	40
5	36
10	46
6	26
23	35
1	31
6	28
13	40
6	43
17	33
19	21
14	32
16	39
1	38
0	5
29	35
30	42
27	42
27	39
4	15
10	36