1	R
-1	-2
-3	-4
-5	-6
-7	-7
-8	-9
-10	-11
13	44
27	44
6	34
8	47
46	47
3	47
34	45
7	22
3	26
10	15
26	43
20	28
5	25
11	30
11	25
1	46
2	10
14	22
27	34
29	43
14	28
15	22
8	25
31	37
0	33
25	30
25	33
3	16
27	37
24	33
26	35
10	30
-1	-1
8	45
19	41
33	37
27	40
22	33
5	19
20	35
13	34
30	45
9	15
17	28
16	22
36	37
8	24
4	29
22	42
7	12
4	13
15	47
32	44
11	29
13	30
21	24
21	34
20	30
-2	-2
35	38
11	18
33	38
6	29
0	38
16	28
26	47
17	24
20	31
13	20
19	35
13	15
5	41
25	29
30	33
5	34
13	37
19	29
2	36
38	45
6	25
18	19
9	38
17	46
20	47
20	27
16	32
28	34
15	28
18	27
24	32
9	27
0	16
0	15
12	29
1	9
3	23
8	46
19	37
19	40
4	27
18	28
5	21
19	42
6	13
15	20
4	26
7	34
1	4
28	46
22	45
26	39
13	45
0	18
24	27
37	45
23	27
6	7
3	45
2	41
16	23
7	30
25	27
31	33
29	32
40	47
37	44
14	35
5	28
9	40
22	41
42	47
14	20
11	32
14	44
2	29
-3	-3
25	47
16	47
13	17
7	35
6	11
26	36
27	35
7	36