1	L
-1	-2
-3	-4
-5	-6
-7	-7
-8	-9
-10	-11
5	12
6	13
1	29
20	46
20	24
2	6
27	31
21	23
13	43
10	35
37	39
2	35
0	14
22	28
7	21
4	10
4	35
11	16
0	39
16	41
10	27
29	36
5	31
22	31
18	23
16	40
28	29
43	47
8	16
38	40
16	32
3	9
-1	-1
28	31
3	29
8	45
13	14
34	36
17	39
13	17
6	20
7	15
18	31
23	46
6	8
0	15
6	41
13	29
3	24
36	47
13	30
2	30
0	21
18	32
8	27
4	11
17	19
5	42
10	13
10	23
7	46
8	28
12	47
-2	-2
28	42
12	14
8	31
11	14
4	22
2	43
16	45
11	38
8	17
9	23
32	38
7	33
8	42
23	40
8	22
0	6
6	44
2	27
16	44
29	41
40	46
21	40
10	43
30	37
17	35
12	46
13	20
23	47
8	32
21	31
39	44
2	42
18	19
0	44
4	15
39	41
10	18
12	29
6	26
8	25
29	42
28	40
8	19
5	39
19	21
18	38
17	30
34	38
18	21
43	44
26	31
37	40
9	33
12	31
19	22
16	31
13	15
11	17
32	37
23	41
3	21
12	41
26	47
17	25
29	43
38	46
14	42
3	26
-3	-3
21	35
31	33
23	33
7	45
6	24
12	32
0	20
2	13
36	44
5	37
1	33