1	L
-1	-2
-3	-4
-5	-6
-7	-7
-8	-9
-10	-11
5	19
15	27
13	31
6	21
4	9
24	37
7	13
3	46
-1	-1
9	41
38	40
17	28
4	45
5	46
1	9
9	11
22	35
19	36
25	45
16	32
2	19
24	44
36	39
1	43
4	30
7	36
3	24
11	37
17	32
9	10
41	44
5	37
13	32
15	16
30	38
6	22
25	39
30	42
17	44
5	34
22	24
2	44
7	15
5	7
17	18
8	28
27	40
1	11
15	42
16	23
5	15
4	47
1	7
27	39
8	13
9	14
29	33
18	41
18	40
14	45
0	14
27	34
34	41
32	37
20	29
1	44
3	35
29	41
30	40
15	28
6	33
38	45
0	26
3	43
10	33
13	28
26	33
23	33
3	26
2	23
14	35
5	27
6	32
30	44
0	23
20	30
-2	-2
31	39
9	36
25	46
15	44
3	37
8	42
25	36
22	23
17	21
7	33
8	38
19	26
24	29
12	28
18	46
1	27
14	39
21	26
14	24
19	27
10	15
2	20
19	45
24	28
10	39
37	39
20	45
1	19
3	13
25	47
13	47
20	23
0	19
7	27
4	10
21	45
10	36
9	18
12	43
40	44
5	35
15	41
8	39
13	18
-3	-3
0	37
10	44
16	35
22	27
1	31
26	28
11	28
31	34
1	5
14	17
14	32
15	32