1	L
-1	-2
-3	-4
-5	-6
-7	-7
-8	-9
-10	-11
6	30
7	43
7	23
11	12
23	43
16	42
17	33
19	23
6	25
4	19
9	25
44	46
17	37
38	45
11	28
13	27
5	47
19	37
22	40
28	47
10	40
5	44
6	34
11	21
7	18
17	38
5	16
1	37
22	34
43	46
2	22
16	39
21	25
33	45
16	34
11	26
35	45
15	39
11	27
15	43
35	42
-1	-1
3	38
13	33
41	47
13	32
31	39
33	39
15	18
11	15
3	46
12	43
26	34
3	17
3	47
26	27
12	27
2	32
13	46
2	15
8	9
23	39
5	43
2	29
26	39
4	12
15	22
35	38
13	38
16	35
33	36
9	18
13	35
23	44
18	42
38	43
26	29
10	14
17	29
10	16
10	28
9	15
-2	-2
1	23
18	20
18	39
13	47
10	26
21	44
3	19
23	35
15	27
34	46
38	42
1	43
10	21
22	46
7	38
12	20
9	30
1	14
5	27
24	30
11	39
4	31
21	47
7	22
14	16
10	34
22	36
24	42
10	32
14	26
1	44
12	39
25	35
24	44
14	40
24	43
5	28
6	22
6	23
4	26
0	36
7	9
27	28
29	47
10	46
32	35
37	42
24	25
28	45
8	41
11	35
3	37
13	16
8	37
9	46
-3	-3
6	45
2	11
24	34
41	43
33	38