1	L
-1	-2
-3	-4
-5	-6
-7	-7
-8	-9
-10	-11
14	22
25	31
6	18
24	45
14	43
8	44
5	35
12	16
13	41
25	33
19	40
5	21
1	38
7	40
-1	-1
10	29
24	38
5	40
37	47
26	30
4	40
14	21
21	30
34	35
5	34
20	21
24	47
25	30
1	41
1	9
20	27
1	32
2	17
15	19
7	31
31	43
18	29
11	22
10	25
1	30
13	28
1	5
4	16
26	43
17	24
6	32
8	46
22	25
-2	-2
13	23
41	44
40	42
8	15
0	30
14	45
20	38
7	28
5	18
22	44
26	44
9	10
8	13
12	17
0	33
2	18
25	41
10	30
0	34
30	45
3	42
5	41
6	31
10	45
15	34
6	7
0	2
10	22
20	22
14	25
26	28
33	42
15	42
19	33
1	21
1	19
29	37
18	46
11	25
7	34
15	20
25	32
13	40
7	47
42	45
31	44
9	27
22	43
14	41
8	39
22	27
14	36
23	25
25	36
21	45
2	4
31	46
11	33
17	31
14	33
2	28
9	17
5	33
27	41
2	41
30	33
10	15
39	45
37	41
34	40
39	43
5	9
3	31
44	45
33	34
6	9
30	31
16	20
2	8
0	43
28	32
-3	-3
2	36
23	36
22	45
10	31
21	42
15	33
14	17
12	24
4	5
4	47
27	34
25	47
4	37