1	R
-1	-2
-3	-4
-5	-6
-7	-7
-8	-9
-10	-11
29	37
23	35
22	40
17	30
34	37
33	34
18	31
8	17
23	32
0	38
25	26
18	37
13	39
2	35
43	46
19	28
2	7
31	40
12	41
13	24
10	14
5	44
33	41
5	30
21	32
1	30
12	36
13	37
19	46
16	40
16	21
27	42
21	22
11	25
32	38
43	45
-1	-1
8	9
4	19
19	21
5	36
19	24
21	33
17	46
28	32
30	43
32	43
27	37
5	22
26	36
19	34
19	23
8	10
26	46
37	45
1	16
3	5
6	24
0	22
23	26
36	37
26	37
7	20
2	33
1	10
15	45
24	33
22	26
2	11
14	37
15	46
33	45
27	29
10	20
10	13
9	12
45	47
9	44
27	46
17	41
24	34
3	19
4	23
3	15
-2	-2
6	34
43	44
9	43
29	35
12	33
17	31
11	20
14	47
41	46
21	40
30	47
31	32
13	22
26	34
3	31
1	35
16	47
2	32
4	35
16	24
15	25
3	39
14	43
14	31
0	16
3	33
21	25
6	14
9	47
32	42
3	28
29	39
8	45
21	42
23	43
6	41
27	35
28	47
38	41
18	42
16	36
0	5
35	41
4	16
7	34
11	41
12	21
6	15
11	27
-3	-3
0	40
32	45
22	36
23	27
23	36
6	29
5	21
10	34
14	30