1	L
-1	-2
-3	-4
-5	-6
-7	-7
-8	-9
-10	-11
13	35
20	45
0	10
26	37
13	47
13	38
11	26
18	42
15	37
25	42
3	12
2	13
25	39
41	46
11	38
6	15
5	20
3	6
18	44
11	46
10	19
7	47
27	28
1	3
26	31
15	39
15	26
34	42
4	6
-1	-1
9	46
15	19
26	28
30	44
24	44
12	47
13	29
18	26
12	19
22	40
31	39
2	11
2	16
25	38
33	34
40	44
36	40
22	43
24	34
9	28
41	45
33	39
33	47
16	42
11	19
15	18
34	46
11	45
34	40
20	24
0	24
35	47
9	19
10	34
9	33
2	8
8	19
35	37
11	36
21	42
7	9
15	23
7	39
14	37
15	46
23	46
0	46
11	41
3	10
9	32
1	37
2	26
16	40
3	27
25	31
1	24
9	12
-2	-2
3	9
1	43
20	23
24	46
6	45
23	43
9	37
3	17
13	21
0	20
14	29
31	32
17	35
27	33
20	41
9	43
42	45
31	38
28	33
20	37
14	24
32	35
13	23
7	18
29	40
10	42
9	35
30	36
21	22
11	13
4	37
16	29
7	29
7	44
26	45
7	19
24	30
3	8
6	23
2	46
5	11
15	33
9	29
9	36
37	47
28	29
20	43
17	38
18	33
31	45
6	37
-3	-3
6	27
7	15
1	39
30	32