1	R
-1	-2
-3	-4
-5	-6
-7	-7
-8	-9
-10	-11
3	32
20	39
3	45
0	11
32	42
30	47
2	37
7	26
0	7
31	36
20	23
20	47
1	8
23	24
16	23
29	38
-1	-1
13	21
30	44
13	31
6	43
1	17
27	33
25	39
32	39
25	42
3	16
6	38
2	33
9	26
3	41
11	19
20	44
21	27
0	9
0	19
31	45
2	47
15	41
4	9
12	15
7	39
35	46
24	40
10	12
8	29
12	23
4	30
19	30
6	37
4	38
8	30
30	38
8	36
17	41
22	38
6	17
25	43
26	36
12	34
8	18
18	44
6	11
11	18
20	45
6	29
7	17
5	22
15	40
19	35
9	28
15	29
4	32
1	40
0	29
3	40
8	43
-2	-2
23	26
33	37
29	44
12	28
31	38
41	42
22	24
38	41
3	27
10	17
17	34
27	37
24	46
34	47
35	36
3	25
25	38
32	34
-3	-3
0	47
0	28
4	23
2	40
14	24
5	19
16	22
17	32
34	39
0	45
22	30
7	32
39	40
4	21
30	41
6	47
26	41
19	44
17	43
40	44
11	30
15	31
23	42
28	41
9	47
4	33
8	26
15	38
36	37
24	26
7	35
3	36
29	30
17	21
14	27
3	6
22	42
0	26
7	10
5	23
17	45
25	37
14	44
5	24
29	34
2	23
16	25