1	L
-1	-2
-3	-4
-5	-6
-7	-7
-8	-9
-10	-11
18	43
12	29
13	25
11	40
33	37
3	22
5	10
7	17
31	37
5	12
10	31
4	17
1	39
14	21
14	42
6	38
31	45
9	35
17	25
18	34
12	20
7	22
9	32
22	34
10	46
17	26
0	17
7	40
18	23
11	30
1	34
7	10
19	43
12	13
22	46
33	39
41	42
25	33
-1	-1
8	25
40	46
13	46
3	16
0	47
16	31
30	34
34	39
26	43
12	16
4	34
5	45
0	30
4	11
8	40
-2	-2
20	33
1	46
31	41
25	43
26	27
41	43
22	43
9	27
3	41
28	35
4	31
32	41
13	21
15	33
11	29
14	23
14	22
38	43
9	33
5	32
23	46
7	29
6	40
3	9
1	40
6	13
11	16
25	32
35	36
19	47
11	43
26	30
31	36
32	40
3	20
40	41
25	30
32	44
1	42
15	36
17	40
6	46
18	29
20	32
21	30
17	47
3	42
4	39
27	45
25	31
11	15
9	42
38	44
34	43
8	26
8	19
36	43
20	25
13	20
1	12
2	38
28	30
14	44
12	15
0	15
4	21
15	34
18	25
30	35
35	45
27	44
16	34
10	19
28	33
19	32
2	15
6	27
0	1
4	41
9	24
15	31
41	47
12	27
8	16
12	45
17	37
-3	-3
29	42
25	27