1	R
-1	-2
-3	-4
-5	-6
-7	-7
-8	-9
-10	-11
20	40
14	46
15	21
11	21
17	27
7	38
20	33
41	44
3	25
4	9
22	47
4	24
1	17
6	36
10	40
32	34
12	18
17	25
28	35
1	7
22	44
3	43
1	28
26	43
31	44
6	41
24	44
19	41
9	33
9	19
8	9
11	17
13	36
3	24
2	44
27	43
-1	-1
26	34
5	34
11	38
45	47
32	45
14	30
12	45
2	6
25	44
6	37
26	42
-2	-2
6	23
43	44
27	33
4	27
4	8
11	28
2	46
5	37
33	40
38	47
13	14
38	42
19	20
2	11
4	16
1	21
4	23
6	10
6	25
8	16
12	17
6	31
0	20
21	44
19	40
29	46
18	37
14	36
31	39
16	26
1	3
8	26
39	41
1	46
8	27
22	33
39	46
11	27
16	17
12	27
5	13
13	18
3	10
6	32
28	45
22	46
4	15
1	22
11	40
8	35
21	29
11	45
39	44
13	17
25	34
12	41
9	38
27	28
0	5
2	25
22	27
5	26
21	24
15	28
36	44
20	24
23	41
10	19
15	26
0	12
27	35
6	28
-3	-3
19	42
27	45
3	28
25	40
36	37
29	44
19	45
8	34
18	42
12	28
21	23
6	8
19	24
39	45
3	37
4	13
15	27
35	37
11	36
15	32
30	45
9	13