1	R
-1	-2
-3	-4
-5	-6
-7	-7
-8	-9
-10	-11
7	39
7	31
33	40
23	46
4	34
19	37
38	43
-1	-1
4	8
12	30
23	25
4	26
30	47
1	33
30	31
23	26
25	40
10	41
19	26
12	21
12	35
33	43
14	20
43	46
30	36
1	17
18	30
18	20
15	20
16	17
19	33
5	6
13	38
3	37
10	25
7	14
20	39
8	9
15	27
22	23
8	24
44	46
5	21
0	9
38	47
0	47
23	37
10	14
6	32
-2	-2
20	35
4	32
23	39
13	22
1	22
0	23
37	41
41	44
13	41
19	29
26	40
30	38
17	40
25	37
2	17
14	31
1	7
9	42
10	28
39	46
17	21
36	44
16	36
7	21
20	34
5	14
37	47
4	44
22	43
12	46
16	45
8	16
18	22
9	45
10	20
12	43
33	37
11	43
9	38
14	19
13	47
43	45
17	31
0	3
8	35
22	39
6	41
0	10
10	30
4	35
4	10
12	38
18	21
0	24
19	36
4	11
34	40
12	36
12	20
1	37
23	32
17	36
18	29
15	46
17	46
17	24
-3	-3
24	31
0	29
11	35
20	43
27	30
11	15
2	15
5	44
15	42
10	18
5	19
33	38
39	40
14	36
1	31
29	36
16	47
0	46
2	35
6	24
1	11
3	26
18	25
12	22
20	25
4	12
16	46