1	L
-1	-2
-3	-4
-5	-6
-7	-7
-8	-9
-10	-11
14	20
32	42
15	37
10	13
12	29
6	35
31	41
10	34
24	30
1	27
38	40
6	29
36	40
6	14
-1	-1
12	38
8	22
16	31
23	25
21	41
7	13
11	23
17	39
21	42
7	31
20	25
22	43
26	33
16	39
20	45
0	40
41	46
19	44
29	36
28	29
27	42
23	27
2	9
1	45
9	12
26	47
6	24
20	21
7	18
40	47
5	45
9	43
23	34
8	17
5	40
38	43
5	19
20	29
1	8
5	22
33	37
8	39
5	8
37	47
23	33
23	40
17	28
5	47
3	5
27	40
29	34
14	22
4	6
32	44
3	12
27	46
3	19
0	6
31	45
0	39
21	32
21	25
-2	-2
5	12
7	25
25	38
0	21
14	39
4	30
34	44
26	45
12	36
24	37
21	30
39	40
32	36
8	25
21	37
8	13
11	30
11	20
-3	-3
22	36
18	31
23	36
29	37
19	38
5	28
28	40
38	45
4	22
6	21
5	42
19	46
10	42
5	10
20	34
0	31
25	41
5	24
4	11
20	43
13	30
24	26
18	43
12	22
13	38
11	42
31	42
9	41
28	30
19	34
13	34
5	39
20	35
24	25
1	29
25	46
6	42
2	17
3	29
8	20
19	36
9	29
11	29
19	29
5	6
16	45
20	38