1	R
-1	-2
-3	-4
-5	-6
-7	-7
-8	-9
-10	-11
36	40
28	45
2	7
10	24
25	27
0	32
33	38
11	29
7	31
15	30
26	28
0	13
7	16
12	42
21	22
8	23
34	45
7	32
27	42
11	20
22	44
1	28
10	37
8	40
21	47
-1	-1
22	47
7	8
9	46
29	30
9	16
22	30
8	35
18	32
7	15
33	44
20	22
31	42
13	42
5	15
17	41
14	28
41	45
0	9
25	34
14	25
29	39
35	46
11	32
8	41
0	3
-2	-2
13	41
5	45
22	23
9	37
6	43
12	40
5	10
7	29
3	15
10	29
1	40
3	47
20	27
32	38
5	24
28	46
1	8
27	34
3	4
14	37
19	32
6	24
40	44
31	36
15	43
9	47
37	46
31	43
3	31
2	43
33	37
20	32
6	39
33	43
33	41
31	32
2	46
36	38
37	45
2	6
4	42
3	13
30	33
12	21
33	45
19	28
32	37
3	16
1	25
11	37
4	25
16	43
13	21
9	40
25	38
20	47
6	32
3	28
6	7
0	41
11	36
17	22
21	30
27	36
19	41
18	24
13	20
15	46
36	44
16	24
38	46
32	36
28	42
16	19
10	39
10	42
23	43
9	41
12	19
18	25
-3	-3
29	36
25	33
3	9
23	40
0	37
18	23
5	38
4	37
9	42
7	27
13	17