1	L
-1	-2
-3	-4
-5	-6
-7	-7
-8	-9
-10	-11
32	37
22	37
33	38
-1	-1
14	25
16	43
0	36
4	33
26	31
15	33
16	37
0	22
1	15
14	42
9	40
39	42
39	47
9	11
7	46
21	26
13	43
46	47
22	31
3	34
26	38
10	33
26	29
24	46
25	36
17	37
4	43
28	46
24	40
3	15
22	39
1	18
19	30
15	45
6	26
23	39
25	32
14	38
7	20
14	17
11	32
12	14
14	24
7	15
0	42
2	14
14	26
17	35
7	42
31	43
15	47
10	28
3	20
22	25
3	31
28	31
3	7
11	12
22	35
19	31
11	25
41	47
17	20
33	42
36	41
14	16
24	39
18	38
9	32
2	43
2	13
3	26
9	27
24	42
25	39
9	23
1	20
20	37
25	28
13	41
2	7
15	20
26	27
27	30
1	31
7	45
1	23
5	30
34	39
8	44
-2	-2
9	17
4	25
13	23
12	32
22	41
32	39
28	32
31	32
19	39
29	40
9	47
15	38
25	43
37	43
12	25
26	32
19	43
28	39
10	18
19	27
15	22
7	37
22	40
-3	-3
34	43
10	46
2	42
8	30
0	27
2	45
35	46
1	6
1	12
9	22
4	26
7	12
0	11
16	46
33	47
17	47
18	25
12	35
37	46
26	40
2	16
2	24
3	36
23	37
6	7