1	L
-1	-2
-3	-4
-5	-6
-7	-7
-8	-9
-10	-11
18	44
18	35
5	35
4	15
17	31
18	25
17	46
25	29
23	33
0	32
6	22
14	21
3	10
16	34
15	42
1	17
2	29
8	35
22	32
13	29
33	42
26	34
1	38
21	30
-1	-1
9	30
13	15
4	33
5	31
16	43
0	12
2	46
8	41
15	44
25	45
4	35
11	23
10	44
19	41
21	29
27	32
17	29
38	43
17	40
29	30
10	39
23	31
11	36
26	46
6	12
34	36
8	47
3	31
7	46
7	20
0	31
3	37
8	13
27	33
1	2
6	26
11	38
11	20
8	46
9	42
39	41
19	33
2	25
11	47
11	40
13	27
8	33
14	40
24	41
3	17
15	16
0	44
23	32
4	17
0	33
36	45
25	41
26	47
-2	-2
17	20
1	45
7	38
14	42
11	45
10	32
0	38
14	33
25	36
21	37
0	41
4	28
9	47
16	47
18	45
0	1
3	24
8	37
10	33
29	32
17	35
31	34
12	34
10	13
6	41
4	38
24	32
19	38
21	41
34	43
2	19
17	45
36	42
8	45
5	30
30	41
12	41
16	39
33	41
15	39
14	39
0	43
3	22
8	22
3	47
45	46
24	42
23	40
22	45
19	21
5	42
3	43
18	46
13	33
30	47
37	46
25	32
3	32
-3	-3
23	26