1	R
-1	-2
-3	-4
-5	-6
-7	-7
-8	-9
-10	-11
-1	-1
4	28
0	43
1	18
37	43
34	40
35	45
26	34
13	17
25	32
12	23
8	29
2	36
6	12
29	36
11	45
4	12
18	34
23	44
14	22
2	40
35	37
12	20
20	22
22	25
15	26
5	17
0	22
20	30
40	47
23	46
11	29
13	34
30	33
28	47
19	20
14	17
11	38
10	44
5	25
0	11
9	47
0	28
18	36
27	29
27	31
4	24
8	46
9	13
2	46
3	6
24	42
20	47
42	46
3	14
1	24
7	12
28	32
22	26
16	20
18	24
3	5
20	44
24	40
29	33
15	34
3	8
30	38
18	37
26	46
2	25
31	43
33	34
16	25
0	42
7	27
5	12
22	27
10	40
9	30
-2	-2
38	40
20	37
0	15
36	46
29	44
21	47
29	42
10	22
3	36
2	19
3	47
7	43
12	32
9	14
18	40
-3	-3
5	20
26	41
22	29
22	35
6	43
8	13
17	27
0	40
19	40
9	46
11	42
0	45
3	20
34	39
20	38
20	35
20	32
16	35
12	35
4	19
14	44
9	19
8	14
0	41
5	11
12	30
18	38
23	25
22	24
21	34
8	24
8	22
2	15
29	46
9	22
35	41
10	12
22	41
8	11
10	18
23	27
28	42
25	30
23	33
3	43
5	29
29	40