1	R
-1	-2
-3	-4
-5	-6
-7	-7
-8	-9
-10	-11
33	35
34	38
18	44
7	16
3	10
12	39
14	26
30	33
8	11
1	5
8	33
9	45
15	31
39	43
20	31
30	39
25	37
23	26
0	42
5	44
-1	-1
24	37
13	22
32	44
2	30
2	37
1	46
18	27
2	10
7	44
34	43
1	15
3	32
10	22
8	42
13	39
25	43
13	19
11	35
19	23
1	14
12	31
20	30
8	27
21	47
9	33
25	29
29	39
0	13
31	34
27	41
11	44
12	29
6	33
10	31
18	32
14	29
14	22
38	45
10	32
32	35
11	20
-2	-2
3	14
20	35
2	39
28	31
4	47
4	41
30	38
8	40
22	29
11	29
24	39
34	46
7	47
0	8
11	26
29	46
2	4
5	42
27	46
3	43
23	40
19	27
35	45
12	24
9	46
28	46
6	28
2	33
2	31
14	20
8	29
8	47
1	29
27	34
10	15
14	40
15	26
1	20
30	36
27	36
20	32
7	14
21	43
21	41
19	45
3	9
8	22
23	38
10	19
30	47
27	33
31	39
17	21
7	8
18	47
5	7
6	14
3	18
2	3
-3	-3
36	45
27	28
24	44
23	45
11	40
26	45
6	16
0	40
18	24
22	32
4	9
35	42
6	39
7	10
21	23
0	44
7	12
9	23
1	7
23	36
38	41