1	L
-1	-2
-3	-4
-5	-6
-7	-7
-8	-9
-10	-11
16	25
7	16
10	41
7	40
3	12
35	39
15	33
8	27
6	23
13	34
11	42
8	40
15	32
25	36
8	14
16	39
36	38
32	36
24	35
30	34
2	35
10	26
0	6
20	35
29	37
37	40
34	38
6	45
4	23
16	35
5	41
35	47
27	32
26	39
0	4
3	15
30	39
10	43
19	22
2	13
12	46
31	40
6	31
9	22
11	39
-1	-1
14	18
5	32
38	43
10	29
4	45
16	33
13	43
10	36
16	37
16	41
26	43
3	22
12	23
11	41
15	38
14	22
2	47
9	23
7	47
9	40
38	46
0	43
15	37
2	33
32	47
8	33
21	39
12	20
6	38
35	37
6	22
3	27
23	44
4	34
25	38
17	20
23	46
14	33
33	40
19	47
11	45
15	18
6	13
-2	-2
3	35
3	13
10	18
0	1
32	34
4	35
2	27
8	30
16	42
3	36
29	30
4	22
0	34
3	46
15	17
2	32
17	32
17	26
9	14
15	40
20	41
8	24
6	8
2	3
27	34
6	21
1	34
21	35
36	45
28	38
13	33
22	46
1	41
29	47
30	45
10	15
28	33
22	24
8	26
21	32
37	42
13	19
17	22
9	30
-3	-3
1	42
14	34
15	28
39	41
4	44
30	41
7	41
15	25
18	40