1	R
-1	-2
-3	-4
-5	-6
-7	-7
-8	-9
-10	-11
19	22
12	43
0	26
12	38
37	40
0	18
15	24
4	32
22	40
13	32
1	20
24	40
26	44
9	25
31	36
5	32
23	41
13	24
12	33
7	15
6	37
7	35
22	42
33	39
16	19
41	47
19	20
1	7
5	47
20	41
7	45
12	20
8	27
4	47
25	30
10	16
22	27
5	37
19	27
9	37
-1	-1
25	40
21	34
27	47
5	38
36	41
7	17
16	35
2	8
24	27
7	28
12	35
12	29
8	16
2	4
9	39
22	36
25	26
10	35
26	45
1	47
34	46
11	26
29	46
-2	-2
11	17
5	14
6	14
1	8
25	47
4	20
4	23
6	23
1	25
34	40
2	15
13	30
0	11
6	30
28	39
4	11
15	25
12	42
10	36
14	29
25	31
41	46
18	21
19	45
13	21
1	39
33	40
3	34
14	26
8	15
14	20
9	27
6	10
43	46
9	24
25	44
5	40
22	25
20	28
18	43
26	43
4	45
26	36
10	37
13	39
27	30
-3	-3
18	26
16	29
36	47
15	36
16	32
9	20
13	20
17	43
0	40
21	43
32	45
22	44
36	44
5	26
20	39
20	47
1	41
31	46
34	41
6	9
0	46
22	26
0	10
1	6
13	41
19	42
18	34
10	30
24	31
2	7
33	44
38	46