1	L
-1	-2
-3	-4
-5	-6
-7	-7
-8	-9
-10	-11
1	11
2	31
24	44
4	37
4	46
20	45
1	36
9	41
24	30
8	43
9	13
0	17
9	44
28	30
8	40
12	13
2	12
10	45
11	35
15	17
20	27
3	20
26	28
30	31
2	28
10	19
8	17
10	17
28	46
36	43
3	44
-1	-1
11	46
12	25
21	44
12	46
0	24
21	40
14	37
21	31
9	22
4	21
29	47
11	41
3	41
3	30
39	44
9	34
37	43
19	25
46	47
4	6
14	35
6	34
5	29
5	15
1	28
21	36
34	45
16	40
17	44
17	18
9	38
27	44
2	5
12	31
35	42
-2	-2
14	22
4	25
27	38
28	33
0	19
22	24
20	46
2	16
28	29
22	28
15	23
29	45
13	16
14	41
23	27
24	43
11	27
17	24
39	43
18	19
27	42
36	40
24	33
6	18
40	47
14	15
7	44
9	28
1	12
31	44
10	20
24	38
42	45
13	26
17	27
13	37
14	34
2	3
2	26
10	23
8	26
7	23
13	31
37	42
40	46
20	32
17	19
37	41
7	11
1	42
28	36
44	46
13	36
24	37
39	46
10	34
3	15
18	23
19	47
26	31
3	23
3	16
36	46
1	3
7	24
4	36
2	42
38	40
16	21
27	31
1	46
-3	-3
30	37
27	46
5	13
38	42