1	R
-1	-2
-3	-4
-5	-6
-7	-7
-8	-9
-10	-11
22	34
22	37
3	43
26	43
6	7
23	47
10	23
20	42
6	41
13	34
0	19
41	43
7	11
1	35
12	37
37	40
44	46
6	30
12	26
7	13
0	29
41	44
4	47
5	47
24	28
9	11
-1	-1
24	45
5	28
10	11
14	46
29	33
15	19
0	45
21	47
29	37
41	46
6	15
9	45
12	34
45	47
13	17
10	25
8	11
27	39
0	31
5	30
37	42
21	39
15	31
20	44
31	38
10	33
24	31
23	31
28	31
21	46
14	23
17	22
9	27
2	7
20	41
4	8
3	32
6	13
2	39
1	29
12	45
29	44
1	44
16	21
18	37
10	30
6	11
33	42
16	29
13	39
28	44
18	38
29	38
21	36
4	23
0	36
28	34
15	17
12	36
9	28
25	37
-2	-2
17	46
29	42
13	40
2	30
18	28
0	23
22	25
1	36
10	12
17	21
11	45
20	39
0	42
10	27
25	41
1	40
9	39
24	34
34	41
1	45
39	47
7	31
1	17
5	34
11	37
0	10
18	45
2	20
4	26
16	46
1	37
15	38
22	30
15	47
9	19
0	34
8	32
3	40
24	42
46	47
9	30
19	44
7	26
7	21
35	42
33	41
26	35
2	24
1	8
7	42
20	40
41	45
-3	-3
40	44
42	47