1	L
-1	-2
-3	-4
-5	-6
-7	-7
-8	-9
-10	-11
18	20
15	32
30	40
22	45
40	47
26	30
4	38
15	34
38	44
20	46
1	35
0	27
36	44
14	24
0	43
29	32
8	17
15	29
21	40
20	37
24	32
11	13
2	38
11	27
4	14
35	46
5	9
2	41
5	14
34	45
19	34
24	42
10	26
0	33
2	20
-1	-1
19	35
11	24
15	25
1	39
12	22
1	38
4	29
1	19
7	37
5	13
4	16
4	26
17	18
0	35
5	35
8	20
30	42
4	11
19	31
33	47
5	31
8	26
28	45
1	44
10	44
8	41
3	11
3	45
17	27
20	22
33	41
33	38
6	40
12	35
22	43
19	38
15	46
2	5
3	47
4	5
32	33
16	31
20	47
-2	-2
27	29
16	39
23	37
1	42
19	43
39	47
6	13
12	16
6	22
41	42
27	38
11	45
9	34
33	45
0	28
8	46
12	14
5	39
-3	-3
6	27
19	30
14	34
8	23
24	46
23	43
20	28
6	47
1	40
2	7
41	47
2	12
12	44
0	12
15	21
11	18
4	12
22	33
18	25
5	25
19	44
0	34
1	8
26	43
23	31
12	27
4	33
3	28
4	28
26	42
9	30
5	12
24	29
5	27
6	41
20	41
0	46
7	46
18	37
14	42
4	21
12	40
13	34
15	47
11	36