1	R
-1	-2
-3	-4
-5	-6
-7	-7
-8	-9
-10	-11
7	26
7	25
36	44
18	46
27	31
33	41
5	39
24	45
14	26
25	44
2	35
9	14
14	30
37	41
4	32
24	37
18	36
23	47
13	31
7	46
2	44
19	36
32	40
3	31
35	46
22	25
37	43
5	46
31	34
0	25
5	10
9	25
30	37
18	29
8	41
30	43
13	25
36	46
21	37
8	15
14	23
15	44
-1	-1
30	38
25	36
8	30
29	42
9	17
11	20
4	40
20	40
12	41
12	40
1	11
32	46
17	27
3	20
7	33
23	39
21	44
7	24
3	42
31	36
21	26
1	21
11	44
-2	-2
3	44
22	46
35	40
8	10
20	32
0	11
12	15
0	23
44	47
0	1
3	14
3	35
10	41
40	45
27	47
14	15
6	14
29	34
4	33
16	44
16	45
5	6
5	23
22	23
8	34
4	36
15	25
24	38
9	11
3	13
9	20
10	27
10	22
7	42
18	23
10	13
31	35
9	21
5	24
0	36
8	39
17	45
32	45
6	24
35	36
0	29
-3	-3
4	46
23	32
0	4
18	40
13	26
18	34
10	47
23	28
8	21
21	46
3	28
0	44
10	25
39	47
2	25
0	37
2	3
2	22
18	47
17	42
9	22
15	45
4	45
8	23
16	38
14	31
10	23
12	45
19	27
33	36