1	R
-1	-2
-3	-4
-5	-6
-7	-7
-8	-9
-10	-11
9	10
18	26
40	43
37	44
12	43
15	31
3	39
4	38
21	47
44	45
11	41
3	47
34	45
6	45
20	42
3	14
27	41
9	37
8	24
36	45
17	26
0	9
11	15
27	47
14	27
9	28
7	40
7	16
17	29
2	8
17	42
19	47
31	37
22	38
18	22
20	41
17	45
40	42
20	46
32	40
36	43
13	35
28	33
18	28
3	4
2	30
-1	-1
15	34
17	43
14	43
21	38
7	32
26	28
6	27
14	40
11	37
0	46
2	47
8	42
10	31
-2	-2
11	47
14	33
7	43
17	24
10	32
42	44
17	19
11	46
18	20
3	45
7	35
13	22
2	23
1	40
4	7
1	14
20	36
1	32
11	26
23	46
13	31
10	39
16	44
15	42
10	38
12	37
27	39
5	33
7	27
35	42
16	30
4	19
17	38
4	5
17	22
7	26
14	37
10	47
18	47
25	33
36	46
16	23
12	33
30	43
3	8
6	30
0	28
9	30
5	9
0	44
12	40
10	15
36	38
28	36
1	9
0	2
30	47
13	33
26	39
0	17
31	47
5	43
32	38
-3	-3
19	26
13	15
5	23
7	17
29	45
28	38
31	40
0	24
21	22
14	41
28	43
0	26
30	42
0	41
13	26
5	35
20	47
27	29
35	40