1	R
-1	-2
-3	-4
-5	-6
-7	-7
-8	-9
-10	-11
24	26
15	19
3	39
6	23
23	36
11	27
34	43
40	46
11	39
12	36
27	38
11	25
7	28
11	23
30	34
21	39
0	5
17	34
4	38
39	41
8	36
14	19
1	22
-1	-1
4	23
8	43
20	43
11	15
26	38
20	26
5	26
30	37
5	42
13	22
1	33
15	47
6	45
15	41
10	21
0	35
35	44
19	26
26	42
14	29
5	39
9	34
25	47
37	43
30	36
7	22
0	38
0	18
13	19
1	43
1	24
22	45
5	41
7	13
30	39
19	38
25	29
24	31
7	34
31	34
27	32
22	46
7	35
23	30
0	45
7	36
23	47
8	47
0	2
5	28
13	36
13	29
19	46
12	31
21	38
29	44
8	42
4	41
15	31
37	44
12	35
34	44
21	28
7	47
24	38
37	47
23	34
4	7
-2	-2
2	17
13	18
22	24
5	8
15	44
7	42
7	45
5	18
19	40
2	19
28	38
16	40
42	43
6	42
29	31
7	46
3	5
3	26
17	24
6	13
29	33
14	32
20	44
16	35
4	40
-3	-3
10	30
9	23
0	33
0	17
18	21
6	34
4	21
34	35
1	12
18	28
25	35
22	25
17	28
10	46
1	34
4	16
13	31
10	17
0	46
34	46
3	34
13	23
2	45
18	26
0	24