1	R
-1	-2
-3	-4
-5	-6
-7	-7
-8	-9
-10	-11
12	14
28	30
3	18
18	38
17	23
9	24
3	24
14	35
14	20
19	38
45	46
6	42
4	19
5	41
11	18
17	41
10	25
22	28
18	20
6	38
7	23
16	35
6	43
21	34
26	31
4	43
21	38
31	33
4	14
25	37
11	19
9	44
34	42
2	6
25	42
20	43
1	32
14	34
6	11
17	29
10	37
3	23
29	31
3	17
-1	-1
21	29
27	40
4	28
12	39
15	22
8	9
13	38
24	28
19	41
11	33
23	39
1	18
0	24
11	15
4	40
2	24
0	14
17	33
18	28
34	37
8	45
22	35
17	22
26	39
40	45
-2	-2
12	28
5	28
25	44
22	36
12	40
12	37
9	42
11	46
28	39
9	34
2	22
13	32
19	29
6	14
11	44
6	36
27	39
1	14
22	43
30	33
6	41
12	19
21	45
31	42
0	45
5	30
-3	-3
3	4
21	27
0	31
14	40
40	43
17	36
16	32
15	27
18	44
6	34
44	46
23	38
18	29
24	39
2	44
1	15
10	24
8	24
0	18
16	43
19	26
16	44
26	40
5	23
10	18
17	47
27	34
10	35
8	18
19	32
5	47
11	39
23	34
3	15
4	30
33	38
4	22
20	37
19	21
26	45
4	46
0	29
13	18
3	38
29	45
36	43