1	R
-1	-2
-3	-4
-5	-6
-7	-7
-8	-9
-10	-11
10	44
9	25
1	5
7	18
27	35
7	29
32	40
9	36
36	42
34	37
19	36
21	40
1	39
19	32
7	44
5	31
19	24
18	46
32	46
11	36
28	39
5	12
7	25
7	14
5	38
44	45
6	47
-1	-1
37	44
19	28
39	45
25	41
11	13
16	23
9	18
1	24
21	36
35	36
2	17
6	46
14	45
5	26
4	16
6	24
8	25
3	9
16	46
1	33
40	46
14	32
34	43
14	30
2	46
1	17
22	25
1	46
22	43
2	22
24	46
20	24
5	21
2	28
33	42
18	31
22	47
34	35
20	27
3	24
-2	-2
38	40
5	7
2	8
8	35
8	29
27	39
4	26
23	31
11	12
18	44
4	40
17	39
0	23
1	7
19	45
23	30
1	8
35	40
33	47
18	24
21	38
10	21
7	22
15	47
22	39
4	28
4	37
12	16
42	46
25	34
5	46
7	13
20	42
12	47
7	8
17	37
1	22
-3	-3
19	34
18	22
20	43
4	15
0	29
27	38
5	33
3	45
40	43
25	44
18	47
22	29
13	38
42	45
12	41
0	19
16	36
10	25
18	42
37	39
23	28
12	28
19	25
0	3
3	16
28	30
22	28
5	17
28	36
18	29
18	45
10	27
22	23
28	43
8	23
8	38
29	34