1	R
-1	-2
-3	-4
-5	-6
-7	-7
-8	-9
-10	-11
19	28
4	22
-1	-1
23	43
25	34
25	44
12	39
2	18
10	38
14	23
38	40
15	33
17	41
18	24
8	40
21	22
5	30
28	36
4	43
10	34
16	44
1	14
12	40
20	46
26	44
10	12
2	3
7	11
28	38
1	47
22	41
31	32
9	33
29	32
29	44
3	42
3	32
22	26
29	30
20	23
11	16
16	34
1	5
1	15
15	21
4	30
8	30
1	32
15	47
7	27
6	17
36	39
2	37
15	16
3	4
23	27
17	38
11	26
5	33
0	13
26	46
36	45
2	29
36	47
24	47
11	45
-2	-2
41	45
0	41
5	28
18	39
27	36
40	44
19	46
27	29
0	39
36	38
32	37
5	11
14	16
0	31
13	21
17	47
2	25
8	15
32	40
16	26
1	36
0	20
3	11
2	34
27	38
5	25
4	33
34	43
6	34
10	26
10	21
2	13
40	45
27	31
38	46
28	43
21	34
45	46
8	46
9	23
14	32
31	47
22	29
16	29
0	17
23	29
5	46
5	26
2	43
39	41
26	47
6	30
30	44
22	24
14	17
25	42
22	36
10	16
15	34
5	8
3	30
32	43
6	16
0	16
14	29
8	25
20	31
-3	-3
3	19
11	31
4	29
35	38
9	46
7	20
8	34
25	46
1	2