1	R
-1	-2
-3	-4
-5	-6
-7	-7
-8	-9
-10	-11
20	34
37	39
10	40
14	47
34	37
2	29
-1	-1
27	43
8	37
25	42
15	36
35	41
31	39
18	35
1	20
3	18
41	44
13	46
8	16
4	36
5	12
4	24
11	17
26	36
43	44
16	41
2	27
31	47
4	33
36	43
26	31
4	39
2	42
10	33
24	46
17	42
18	33
26	34
5	44
3	25
33	46
16	17
3	10
8	14
12	29
20	25
8	45
15	45
18	41
31	41
3	38
1	3
13	16
3	24
36	41
8	38
11	45
18	20
7	40
27	29
29	34
22	37
31	44
9	36
13	14
5	16
19	42
1	32
6	8
30	42
2	31
21	34
14	42
33	34
34	41
17	18
21	25
5	19
4	9
31	35
9	28
5	36
0	25
21	37
8	11
14	22
35	43
22	26
3	33
-2	-2
1	38
19	23
0	4
14	30
6	21
24	41
38	42
24	32
12	39
9	12
11	16
1	21
0	8
36	45
12	45
27	35
20	28
25	41
20	36
38	45
24	27
2	3
15	16
38	40
3	43
39	44
17	36
19	22
25	37
2	32
26	27
24	42
2	16
19	24
20	40
34	39
18	37
1	16
34	47
17	46
27	31
17	19
-3	-3
16	38
11	42
13	44
2	18
16	39
17	20
24	40
16	44
16	20
33	39
23	42