1	R
-1	-2
-3	-4
-5	-6
-7	-7
-8	-9
-10	-11
15	21
5	8
1	19
3	6
37	38
0	2
20	25
43	47
23	24
4	30
21	23
16	44
4	34
10	43
0	35
18	40
5	24
32	35
2	27
37	45
14	30
31	47
1	24
1	26
1	23
3	21
14	46
16	23
20	42
17	30
16	20
19	30
14	47
0	21
13	19
23	39
-1	-1
17	36
23	47
6	35
14	27
5	33
18	30
13	40
33	46
11	44
7	19
30	43
21	24
11	25
4	16
35	37
19	34
9	12
34	47
10	31
28	45
2	10
13	23
12	17
3	26
21	47
13	25
16	26
5	16
4	43
13	42
40	41
11	16
30	39
9	16
16	25
28	43
-2	-2
23	42
7	27
32	42
24	25
22	29
12	30
38	41
14	17
16	17
14	25
1	33
12	40
5	44
35	38
3	12
8	34
30	46
6	46
3	8
25	37
29	34
23	35
21	35
2	23
7	32
7	14
34	44
11	39
18	38
15	28
34	42
0	3
8	10
17	34
7	9
32	41
39	45
3	29
26	27
-3	-3
17	26
32	33
0	42
7	10
18	24
16	41
18	22
7	39
13	43
6	20
17	25
6	13
4	8
3	11
12	19
18	27
22	39
0	36
7	40
13	35
15	43
8	29
17	42
2	32
29	33
8	36
24	45
3	42
41	43
11	31