1	L
-1	-2
-3	-4
-5	-6
-7	-7
-8	-9
-10	-11
6	12
33	46
17	32
-1	-1
14	36
3	22
28	44
12	41
3	39
1	12
17	47
0	10
25	45
3	16
0	37
21	24
19	22
15	22
16	26
2	45
33	42
25	36
16	28
36	37
6	24
12	42
5	15
31	33
2	15
7	15
0	26
41	46
19	32
2	22
1	16
22	42
2	36
26	47
6	44
26	38
6	37
9	42
9	28
22	35
1	43
15	30
24	28
6	10
15	17
11	37
28	37
20	39
5	16
1	26
4	20
4	36
20	34
25	42
12	28
13	16
15	27
9	39
16	22
26	40
13	14
4	46
16	19
0	16
12	30
35	36
16	17
28	33
12	33
15	42
34	47
16	38
21	44
14	16
18	43
14	17
-2	-2
1	21
13	23
10	41
14	32
7	27
0	4
17	34
26	39
32	34
31	44
22	47
0	1
10	35
6	18
3	6
16	45
4	42
17	41
1	47
20	45
40	41
1	31
37	43
2	23
10	28
30	44
7	23
7	45
39	46
-3	-3
13	31
0	41
30	37
8	34
26	31
8	44
33	36
14	35
16	32
27	43
24	40
18	26
19	39
15	28
8	10
6	26
7	13
12	32
10	16
4	44
17	45
16	18
28	41
13	36
19	21
36	39
10	39
27	30
17	31
15	39
1	13
2	46
32	43