1	R
-1	-2
-3	-4
-5	-6
-7	-7
-8	-9
-10	-11
36	44
-1	-1
31	47
13	26
38	42
7	35
32	35
17	43
4	30
7	20
37	47
8	34
15	27
10	45
44	46
20	45
21	44
45	47
21	30
11	16
6	30
4	36
1	31
39	44
9	32
3	30
37	38
20	46
38	47
3	39
19	38
3	4
38	41
23	45
2	24
32	43
40	47
32	45
20	47
25	33
9	29
17	33
1	3
23	25
15	20
15	36
5	10
1	38
41	47
4	32
18	36
5	16
10	38
46	47
9	24
22	37
7	24
24	34
20	22
8	22
6	7
30	47
5	27
6	44
18	35
26	28
5	19
41	45
2	5
10	22
22	36
5	8
12	45
20	39
28	40
24	43
10	34
-2	-2
15	23
9	34
1	9
5	14
0	36
0	45
0	11
0	26
13	25
21	46
22	42
43	47
23	34
12	39
36	40
9	38
17	23
24	41
9	11
14	23
9	20
43	44
3	34
8	46
24	39
27	45
17	19
10	46
45	46
2	16
25	28
6	43
6	10
13	44
25	43
18	25
16	17
34	44
2	14
2	30
24	28
31	45
22	26
24	45
33	36
0	38
27	28
4	43
0	39
16	32
6	40
13	15
25	37
15	35
33	37
21	43
36	43
29	41
0	25
3	42
-3	-3
22	30
31	33
6	42
22	31
1	25