1	R
-1	-2
-3	-4
-5	-6
-7	-7
-8	-9
-10	-11
7	23
5	13
19	26
10	26
7	25
17	37
24	45
12	41
13	39
35	47
12	22
11	17
9	31
2	18
9	42
0	27
25	40
31	45
28	34
6	39
16	17
0	39
39	44
40	42
7	13
6	29
21	46
15	45
27	38
32	37
31	34
24	25
1	21
1	20
37	45
23	36
15	32
11	14
15	40
7	30
14	16
4	10
0	47
20	40
23	34
9	24
-1	-1
24	26
1	9
12	42
31	42
6	42
12	45
12	28
9	44
25	29
12	46
6	27
12	24
13	18
18	22
-2	-2
1	44
21	27
1	27
16	31
10	34
8	31
9	10
2	12
27	28
8	35
11	15
6	14
19	28
3	23
31	37
4	45
15	25
18	45
18	23
44	46
6	35
26	33
3	10
9	25
2	39
1	43
22	44
0	31
25	47
34	45
43	44
9	33
42	43
17	36
4	40
0	7
0	35
14	40
15	43
2	5
6	20
4	7
14	30
21	43
12	31
29	43
-3	-3
32	35
10	24
19	41
26	43
5	23
42	44
0	1
35	38
14	37
1	47
8	10
15	35
38	41
2	31
1	6
4	18
6	34
7	32
34	38
41	44
3	19
1	14
5	34
1	45
7	36
21	35
27	34
26	32
10	19
14	27
12	40
44	45
27	32
24	43
8	37