1	L
-1	-2
-3	-4
-5	-6
-7	-7
-8	-9
-10	-11
27	30
3	32
22	41
0	31
14	44
9	45
14	23
13	32
8	18
-1	-1
2	41
2	15
24	25
12	32
25	31
21	33
28	30
46	47
14	43
33	36
12	15
9	10
12	23
29	35
1	5
20	21
18	40
28	41
33	42
39	42
4	32
14	27
12	47
9	17
7	21
12	16
15	17
11	19
26	47
8	33
22	32
2	39
28	43
19	34
8	31
25	36
10	22
4	6
23	24
9	20
13	39
0	42
12	30
0	47
8	39
10	26
18	47
35	40
14	24
18	43
14	17
9	30
8	25
1	4
4	22
3	19
29	37
11	12
1	30
5	17
21	36
11	21
19	45
4	28
35	36
17	33
23	39
2	30
3	12
9	19
16	31
26	37
-2	-2
12	18
10	13
6	28
15	23
30	44
8	34
33	40
25	30
3	8
13	37
23	45
2	23
32	34
31	38
0	23
41	47
12	24
16	25
29	47
35	42
25	26
35	37
4	11
2	44
7	10
36	47
20	39
0	34
13	27
43	47
0	14
13	33
11	38
19	30
2	25
4	20
30	45
8	24
39	45
29	46
18	27
6	16
42	44
21	31
39	46
18	38
0	43
0	16
15	25
4	8
-3	-3
18	30
32	44
21	29
1	35
6	38
31	46
11	26
21	26
45	46
23	28