1	R
-1	-2
-3	-4
-5	-6
-7	-7
-8	-9
-10	-11
6	38
0	38
14	21
8	47
8	14
35	43
29	42
6	39
13	42
22	29
2	41
11	43
2	40
12	19
20	26
11	14
10	29
14	23
15	19
24	32
1	2
8	46
7	22
3	13
16	47
29	33
-1	-1
7	8
9	42
43	46
22	30
4	47
16	21
22	34
4	39
36	39
6	33
24	28
14	35
20	27
21	40
41	43
0	23
33	34
1	30
15	41
22	23
29	35
30	39
0	4
4	28
6	47
3	16
18	23
9	16
5	27
19	28
24	36
10	21
15	36
1	33
41	45
3	17
10	23
-2	-2
11	44
2	27
32	43
17	46
1	13
27	32
23	26
9	21
7	28
5	29
0	16
0	47
24	38
2	5
14	45
1	19
0	1
3	21
1	42
16	35
15	24
16	19
12	42
7	24
6	13
1	47
40	41
20	30
25	45
10	11
31	34
24	31
25	27
19	23
20	39
3	33
9	36
26	46
4	37
0	45
7	14
25	47
12	30
11	33
5	7
8	11
17	40
9	44
19	37
35	45
5	15
1	34
11	18
1	11
13	24
43	47
27	37
5	21
5	18
2	37
10	30
20	28
23	32
43	45
0	37
4	42
24	34
1	26
13	44
37	38
27	44
2	34
29	30
10	20
-3	-3
20	32
36	42
28	37
17	36