1	R
-1	-2
-3	-4
-5	-6
-7	-7
-8	-9
-10	-11
-1	-1
0	33
20	34
23	39
6	17
15	17
19	39
35	40
44	47
26	35
1	36
17	42
19	29
10	18
10	16
20	35
6	7
20	41
19	30
38	39
10	22
35	47
23	29
7	32
33	46
27	38
1	20
11	19
27	28
27	36
16	28
13	38
17	23
11	13
4	6
29	38
34	42
27	33
22	39
16	26
22	45
22	44
24	41
13	35
22	47
17	22
18	45
5	25
8	41
-2	-2
17	38
18	26
5	20
39	46
33	44
23	30
1	8
14	41
7	30
24	40
18	32
4	18
18	22
5	23
12	24
11	33
1	25
29	44
15	47
40	47
23	24
5	47
7	42
42	45
5	9
5	29
13	40
12	22
12	23
25	34
13	44
16	17
20	39
14	40
3	30
18	33
28	37
26	41
30	32
26	32
23	31
16	38
9	19
5	33
37	47
10	26
13	26
8	44
8	31
-3	-3
30	33
31	35
37	41
12	37
9	38
35	42
8	37
37	42
14	38
10	28
34	44
19	33
32	47
4	38
11	26
1	26
32	35
34	45
6	23
20	38
10	21
13	19
2	43
20	37
17	27
36	42
20	46
23	25
24	43
22	41
2	9
17	43
14	25
6	45
34	38
2	29
2	31
2	46
17	20
31	46
36	46
9	40
7	12
0	43