1	R
-1	-2
-3	-4
-5	-6
-7	-7
-8	-9
-10	-11
37	44
14	45
31	37
23	36
17	29
3	41
20	21
12	24
13	16
2	47
21	30
19	41
15	35
27	40
9	16
41	46
-1	-1
18	44
3	5
12	44
21	42
5	29
0	18
6	13
21	46
21	43
18	38
2	10
27	46
15	31
6	39
6	33
8	19
10	39
21	31
4	23
5	17
11	27
25	27
6	43
11	18
3	17
5	43
25	33
21	35
13	32
6	28
17	19
21	23
31	41
46	47
29	35
3	16
7	32
2	31
13	28
35	45
39	43
14	26
5	9
10	19
13	17
19	44
16	20
26	41
33	39
10	22
18	41
10	29
6	27
13	40
19	24
28	42
40	41
2	40
19	31
11	14
4	38
11	24
-2	-2
9	29
8	39
10	47
25	29
2	7
23	42
6	46
14	24
23	31
9	40
8	44
32	44
2	6
34	38
4	6
2	22
-3	-3
28	39
11	22
5	18
34	39
3	39
22	30
18	28
4	14
3	24
8	29
29	43
13	29
26	27
7	44
7	22
14	18
27	39
18	34
1	29
22	46
28	44
22	44
26	37
3	35
22	33
27	41
9	43
19	27
31	45
17	44
2	5
24	32
2	28
28	47
11	20
0	19
32	39
0	21
1	19
7	8
4	39
1	39
3	15
35	36
3	8
8	26
28	30