1	L
-1	-2
-3	-4
-5	-6
-7	-7
-8	-9
-10	-11
14	31
19	29
27	40
11	35
5	41
23	38
22	43
41	47
0	12
7	45
20	42
22	47
40	43
8	43
34	42
9	40
10	30
17	46
23	31
9	20
10	35
37	44
7	29
12	21
1	40
28	43
23	30
1	23
2	7
0	46
13	23
13	22
11	40
30	45
28	39
26	47
15	30
18	30
4	29
-1	-1
27	45
16	38
23	42
5	22
3	46
25	42
15	39
4	21
6	26
16	36
14	42
10	17
9	43
40	44
25	46
39	47
6	11
1	32
14	15
18	31
11	33
-2	-2
4	36
32	41
11	16
0	4
4	46
27	43
4	9
37	39
27	44
12	39
3	17
8	44
21	45
33	44
0	25
36	47
8	15
5	43
0	2
8	32
2	17
4	14
12	13
8	9
19	31
8	27
11	34
17	43
3	39
1	26
39	43
3	28
17	39
11	19
15	47
13	28
9	26
-3	-3
38	46
20	45
0	18
25	37
23	24
5	24
2	11
29	38
0	16
7	38
7	46
33	41
25	39
36	38
18	25
14	24
16	42
2	24
22	34
16	37
1	7
19	46
31	32
32	47
15	16
11	44
13	14
6	13
26	31
13	29
0	44
3	45
6	32
26	38
17	47
7	47
33	35
10	20
0	26
6	23
43	47
11	22
27	30
10	46