1	R
-1	-2
-3	-4
-5	-6
-7	-7
-8	-9
-10	-11
29	41
20	32
0	43
20	31
15	38
11	36
3	9
17	30
26	35
13	15
15	46
9	39
21	40
13	26
-1	-1
5	16
3	14
27	35
24	45
0	41
34	47
20	25
5	38
4	32
16	41
16	46
32	33
0	6
30	39
3	11
14	28
30	36
18	40
1	27
6	8
7	16
1	45
10	21
5	18
10	28
22	42
22	47
14	43
12	15
36	45
27	46
3	33
25	27
30	34
27	42
7	45
9	41
9	25
40	41
18	21
11	34
8	21
29	35
34	43
33	44
39	42
-2	-2
11	14
21	47
1	3
18	46
13	46
11	27
25	34
30	41
2	16
37	42
31	45
7	46
4	34
18	23
24	25
1	42
29	44
16	39
3	27
29	43
10	44
3	22
40	42
32	44
20	26
8	19
2	14
30	44
9	30
20	24
31	34
15	32
24	40
9	43
10	38
14	31
13	22
12	43
23	43
6	18
1	41
27	28
5	31
33	45
7	24
-3	-3
29	34
21	25
1	11
7	8
16	27
32	47
25	32
26	43
0	12
32	36
28	44
21	43
22	25
15	23
16	20
13	37
9	31
20	45
8	46
8	41
25	29
6	26
2	17
16	28
28	36
38	45
17	37
13	31
4	16
27	45
26	47
0	4
37	40
2	19
16	47
1	19