1	L
-1	-2
-3	-4
-5	-6
-7	-7
-8	-9
-10	-11
25	43
32	38
0	34
22	33
31	40
6	45
7	33
13	44
19	44
15	37
3	5
8	18
18	47
30	42
15	29
44	47
19	23
26	42
24	28
2	9
3	27
20	35
22	30
25	27
-1	-1
4	13
9	19
20	31
10	12
16	30
13	38
38	45
8	12
15	19
2	35
3	14
43	45
30	34
27	29
1	5
21	27
1	9
42	47
15	18
3	33
4	10
6	39
10	25
20	24
26	38
20	40
14	19
34	38
0	45
29	44
21	38
5	20
5	21
31	35
8	38
16	37
8	30
1	16
14	18
9	36
21	28
0	14
6	31
2	6
8	32
20	44
12	15
4	24
12	45
18	20
29	39
16	27
20	33
13	14
18	32
26	30
20	30
35	36
33	37
12	22
41	44
10	46
12	44
37	39
40	42
10	24
31	42
11	15
-2	-2
19	24
11	13
34	37
6	47
14	38
5	9
22	38
9	33
1	43
23	44
2	43
15	41
14	24
23	29
35	41
4	42
10	14
6	15
13	46
11	43
7	30
16	45
19	39
1	37
2	36
8	11
4	14
0	37
15	31
33	36
3	46
8	39
35	40
25	33
38	39
-3	-3
40	44
19	46
6	40
2	33
3	36
31	39
4	12
6	38
15	32
39	42
8	31
10	11
9	32
1	40