1	L
-1	-2
-3	-4
-5	-6
-7	-7
-8	-9
-10	-11
25	33
32	37
27	32
2	41
8	13
32	45
18	35
11	12
1	43
12	47
-1	-1
24	33
16	29
7	21
3	13
10	16
12	22
1	16
12	20
8	28
10	17
11	23
2	39
41	46
6	15
35	42
10	19
14	42
3	19
31	32
28	41
11	37
7	20
4	44
15	39
15	28
9	15
10	40
25	46
4	35
36	44
0	33
17	26
23	47
9	14
3	28
26	29
28	42
33	37
22	44
17	21
14	21
16	19
7	12
9	10
38	40
-2	-2
22	38
5	22
29	42
15	25
42	43
6	29
3	36
21	41
44	45
9	16
12	44
22	30
25	38
6	45
8	27
8	25
20	29
20	35
9	28
8	26
4	15
38	44
21	33
27	36
4	25
20	42
43	47
36	41
37	46
14	44
19	40
9	46
1	37
11	22
5	39
28	37
18	25
10	13
18	45
26	37
5	14
14	37
30	38
23	32
2	43
22	39
8	43
3	25
14	23
13	36
7	13
6	27
46	47
12	46
32	40
39	44
5	9
9	36
0	8
0	19
11	21
17	28
1	24
2	30
27	41
7	22
17	18
35	46
41	42
4	31
15	19
18	19
22	46
25	36
21	35
7	26
7	34
20	30
0	37
12	31
17	27
10	33
15	17
29	38
42	44
-3	-3
20	27