1	R
-1	-2
-3	-4
-5	-6
-7	-7
-8	-9
-10	-11
3	14
12	38
24	37
9	24
24	31
4	29
19	24
0	40
36	38
8	38
3	28
22	41
22	23
35	44
25	40
20	37
18	45
23	34
18	47
5	7
26	35
18	34
33	44
24	28
15	45
15	21
3	7
41	46
12	45
20	29
12	18
16	46
20	28
4	18
8	14
11	29
26	40
33	43
26	46
10	33
42	43
0	13
8	12
31	47
9	35
-1	-1
7	11
20	26
1	18
31	35
20	41
3	39
35	41
3	44
9	32
18	37
9	20
6	42
17	18
29	35
4	34
0	24
9	36
19	45
0	3
5	17
19	47
39	47
23	31
4	27
-2	-2
28	38
4	7
12	30
21	24
4	13
22	26
21	37
21	36
46	47
6	39
1	11
3	4
14	15
7	19
3	10
13	36
28	36
26	32
28	35
3	22
12	36
0	41
0	10
7	42
22	35
6	27
-3	-3
16	29
2	26
7	12
1	24
9	39
24	29
32	44
2	9
6	28
19	36
6	46
4	42
7	25
36	46
22	33
2	46
38	44
15	46
18	36
0	18
39	42
14	31
19	20
3	18
27	29
20	25
12	42
5	13
9	14
9	21
14	37
29	31
24	39
0	1
18	43
16	37
33	35
10	38
37	44
28	44
19	26
1	47
31	34
3	8
19	41
0	46