1	R
-1	-2
-3	-4
-5	-6
-7	-7
-8	-9
-10	-11
32	34
24	35
32	33
3	17
36	40
15	38
11	17
29	40
19	25
21	35
37	40
9	21
14	33
24	39
17	34
39	47
16	43
20	36
24	47
31	33
44	46
10	17
23	28
11	22
40	42
14	18
37	43
29	36
32	39
24	46
8	34
21	39
4	43
28	41
4	36
20	42
1	3
14	15
2	6
19	35
-1	-1
21	23
1	23
9	31
5	13
19	41
26	40
28	38
17	19
24	30
1	47
8	36
7	38
15	20
10	29
20	40
1	21
18	36
29	45
5	17
13	41
36	45
23	45
3	7
3	21
7	8
7	43
9	29
26	38
33	47
11	32
35	43
11	39
-2	-2
2	22
26	42
20	27
29	46
4	29
22	37
34	35
23	34
13	34
18	44
22	25
9	16
8	23
0	21
9	45
11	21
7	24
5	42
25	40
10	30
40	45
11	42
4	14
12	32
16	46
7	19
0	32
16	39
2	42
-3	-3
1	32
34	46
6	11
28	40
18	28
5	31
39	41
5	14
3	4
2	3
0	12
4	7
10	47
20	47
19	20
2	28
20	28
9	26
4	44
32	46
6	28
9	17
13	30
2	25
28	34
2	4
7	16
26	45
6	44
23	40
6	43
0	11
1	6
4	22
3	10
25	28
23	42
0	42
16	20
15	19