1	L
-1	-2
-3	-4
-5	-6
-7	-7
-8	-9
-10	-11
7	31
12	26
7	11
7	30
1	28
9	37
15	46
31	38
9	33
4	24
19	44
10	23
32	33
-1	-1
13	46
22	35
9	26
21	26
30	43
0	30
9	10
26	30
17	44
8	10
3	18
1	40
15	44
3	8
41	46
29	32
9	17
8	15
29	38
9	31
6	32
2	39
9	41
27	47
21	22
16	31
21	34
37	41
15	30
27	40
20	30
24	30
7	28
43	45
19	26
1	26
4	27
5	18
31	46
15	39
28	35
7	46
14	40
6	15
25	29
3	5
-2	-2
10	19
29	42
13	16
41	42
7	21
20	23
12	21
11	40
34	45
6	39
9	47
2	36
23	47
26	29
33	46
12	42
21	31
8	19
9	46
26	31
8	17
6	18
34	47
3	26
6	11
2	12
2	21
28	31
28	41
4	7
21	42
6	36
25	26
13	37
5	13
1	30
1	37
26	47
10	32
15	24
-3	-3
20	25
18	23
11	34
2	9
7	45
1	36
19	37
8	44
19	46
18	28
11	26
17	30
31	32
1	14
28	34
1	10
11	17
2	29
21	24
6	33
12	25
1	16
4	42
3	32
9	45
30	42
29	31
25	45
17	21
0	10
1	44
41	44
5	11
40	42
18	32
10	11
8	21
35	45
5	15
1	45
21	37
17	27