1	L
-1	-2
-3	-4
-5	-6
-7	-7
-8	-9
-10	-11
3	7
29	35
12	36
10	16
9	15
3	40
23	32
30	37
3	31
17	36
5	30
28	46
27	29
37	43
4	18
27	41
31	44
36	37
17	41
10	39
2	42
2	10
1	13
2	4
19	23
15	34
16	18
12	44
4	47
-1	-1
13	27
13	39
26	44
29	39
26	41
8	31
20	38
8	11
7	38
14	15
21	45
5	42
4	41
17	25
10	17
13	29
16	44
8	20
0	24
14	26
20	33
23	26
6	27
15	43
19	40
6	12
4	46
12	15
7	42
28	44
4	19
35	43
13	21
20	36
12	31
31	35
6	35
34	36
12	32
14	44
2	7
26	42
7	15
18	39
19	41
27	30
12	17
10	13
37	46
33	45
7	27
27	33
11	30
3	33
0	40
6	34
16	26
15	19
-2	-2
19	21
3	37
30	36
18	19
19	33
28	37
30	31
27	46
-3	-3
25	35
4	33
2	6
15	16
39	43
5	9
18	33
18	41
9	16
23	43
12	34
3	23
13	40
6	19
7	12
2	37
14	38
14	42
35	46
1	20
8	9
30	44
34	42
9	42
24	38
26	32
4	13
20	29
19	35
13	17
25	47
6	37
31	36
1	2
15	42
18	34
7	33
2	15
2	45
23	36
3	14
6	26
3	38
3	28
19	29
4	29