1	L
-1	-2
-3	-4
-5	-6
-7	-7
-8	-9
-10	-11
30	33
0	18
24	33
14	45
39	44
23	38
14	38
30	38
6	38
17	35
28	38
3	38
12	24
13	33
26	33
0	33
9	46
34	37
0	38
30	42
-1	-1
32	38
6	39
30	40
21	37
12	25
10	29
16	23
30	47
29	31
3	42
1	33
21	29
43	44
13	30
2	18
8	29
33	40
6	34
13	35
2	16
5	20
2	17
13	42
6	23
19	35
7	35
25	45
20	28
1	11
14	34
20	47
11	41
22	28
16	24
0	30
0	17
19	41
11	14
6	25
30	41
8	16
0	37
13	16
38	47
35	44
17	28
16	22
26	32
34	38
16	43
13	26
17	41
5	15
2	12
36	40
29	32
22	36
18	47
7	40
6	24
3	12
29	36
1	15
23	24
6	44
-2	-2
18	31
24	46
4	42
16	44
25	46
2	31
0	47
4	27
17	26
34	36
6	21
18	35
4	12
5	41
14	22
4	28
2	11
14	26
6	8
21	43
11	25
22	41
16	34
38	45
22	45
8	43
18	23
3	22
1	21
8	41
3	19
3	28
16	26
18	41
12	33
-3	-3
42	45
3	34
37	38
29	34
13	22
28	33
31	46
12	22
18	43
33	47
32	47
9	24
17	47
19	26
32	44
41	47
4	22
0	1
4	21
5	24
10	35