1	R
-1	-2
-3	-4
-5	-6
-7	-7
-8	-9
-10	-11
31	43
23	42
11	31
7	32
4	31
8	16
2	34
2	25
8	47
22	27
37	45
8	36
1	23
22	33
7	23
5	47
7	26
21	41
0	41
15	29
14	46
1	32
14	36
33	41
5	25
20	28
11	37
3	17
4	9
13	22
1	12
9	27
30	32
39	46
16	22
8	41
15	26
28	29
36	39
23	41
7	9
40	45
0	12
-1	-1
2	41
12	14
11	46
16	28
24	42
0	28
18	43
27	44
36	47
26	46
36	46
10	47
7	34
24	29
23	29
10	24
3	21
11	15
11	28
5	6
0	22
10	35
3	41
29	43
16	40
17	40
8	13
33	39
7	10
14	43
31	41
23	37
1	4
28	47
17	18
1	21
6	9
1	35
30	40
-2	-2
16	30
1	15
17	29
1	29
4	8
6	28
15	31
31	39
11	25
29	44
21	25
39	40
6	20
3	43
0	27
3	25
23	40
17	34
0	47
20	31
32	42
5	43
24	40
1	47
30	33
20	26
18	37
26	34
6	29
11	43
7	36
32	38
14	20
6	41
30	38
11	27
42	47
2	26
0	13
5	36
12	30
-3	-3
5	39
1	11
14	25
15	22
2	18
27	37
15	21
9	21
14	21
25	27
5	29
18	20
18	26
8	39
24	37
13	14
13	28
11	35