137	L	0.0.0.0	1436646898
86,169;120,216;436,399	144,391;208,137;457,168	861	1436647011
86,78;211,107;147,483	300,72;222,477;113,110	203	1436647024
42,319;93,132;46,412	429,92;312,197;119,197	680	1436647035
321,361;415,193;224,237	321,361;415,193;224,237	0	1436647044
213,263;455,213;370,59	177,372;447,44;475,193	247	1436647054
280,308;219,21;355,351	311,180;66,426;446,166	197	1436647064
430,321;167,177;252,84	443,92;277,481;345,165	863	1436647071
204,121;86,145;361,323	377,60;40,26;303,280	898	1436647081
395,287;467,308;414,224	439,160;476,397;25,329	168	1436647093
27,166;224,232;336,184	179,390;175,169;463,456	915	1436647105
94,322;203,172;357,266	269,366;50,160;368,230	686	1436647117
85,408;294,292;318,435	147,475;36,444;85,353	500	1436647132
55,76;362,79;238,213	153,295;92,202;475,318	788	1436647139
429,66;147,290;434,56	267,299;264,61;102,278	1000	1436647144
437,319;434,366;263,222	410,222;354,440;194,163	726	1436647152
398,474;21,332;153,380	398,474;21,332;153,380	0	1436647157
239,29;273,395;53,470	135,388;176,420;412,363	974	1436647162
237,152;242,200;252,74	200,340;404,309;309,164	881	1436647168
472,215;100,255;419,377	394,61;291,230;96,221	497	1436647175
328,478;105,100;94,196	309,397;125,137;162,201	515	1436647182
412,385;409,111;464,157	276,215;77,102;49,51	184	1436647188
77,378;218,284;101,337	232,141;347,333;429,369	777	1436647193
434,46;256,333;263,59	117,94;365,315;237,13	2	1436647202
437,74;199,417;94,277	211,386;455,481;50,40	739	1436647207
307,31;59,122;60,281	85,255;11,75;185,248	787	1436647213
437,319;434,366;263,222	359,335;198,472;343,228	400	1436647219
94,322;203,172;357,266	289,12;92,182;291,341	118	1436647224
12,92;144,142;40,183	275,98;41,196;206,466	255	1436647231
361,351;363,67;427,305	86,34;104,71;377,248	469	1436647236
67,120;165,428;37,437	460,113;441,277;282,490	813	1436647241
429,135;424,178;288,358	67,190;450,359;467,354	920	1436647247
445,291;343,38;227,26	458,240;188,169;122,173	458	1436647251
361,351;363,67;427,305	445,417;66,446;452,38	349	1436647269
235,455;11,151;391,45	62,483;317,33;324,105	905	1436647277
35,425;89,233;175,236	257,382;66,426;23,48	382	1436647285
163,62;52,204;431,228	162,466;252,98;17,105	617	1436647291
472,215;100,255;419,377	444,273;422,136;338,477	590	1436647300
149,207;426,247;34,439	341,378;33,112;469,301	640	1436647305
426,423;260,418;118,450	289,164;416,251;183,103	786	1436647311
223,126;340,163;87,453	303,264;60,108;290,28	703	1436647316
476,439;339,103;226,177	46,302;33,484;74,341	783	1436647321
391,41;216,359;395,193	216,193;463,114;282,437	740	1436647331
280,387;159,457;316,121	179,469;58,70;428,120	942	1436647337
436,397;257,297;167,38	25,174;34,303;393,225	655	1436647344
23,469;147,102;123,481	150,240;370,96;210,324	15	1436647351
215,192;480,472;474,272	379,179;178,18;238,296	649	1436647356
14,351;59,413;239,433	321,278;333,461;380,30	881	1436647362
43,236;379,412;248,230	354,385;422,220;64,319	780	1436647369
451,398;119,210;123,346	368,123;366,182;12,15	871	1436647374
153,463;432,51;459,380	463,139;448,72;208,206	839	1436647381
160,320;402,90;38,34	300,144;195,62;320,326	781	1436647387
348,115;438,274;26,142	446,368;224,354;350,89	641	1436647392
275,295;128,48;421,173	308,185;350,107;177,112	334	1436647398
80,481;154,280;176,316	374,428;35,330;428,283	938	1436647406
472,215;100,255;419,377	452,116;233,398;149,192	759	1436647414
396,29;378,99;240,141	220,409;277,403;301,156	90	1436647420
373,324;291,141;337,474	273,366;342,231;285,43	686	1436647425
309,341;144,310;36,277	90,422;220,481;439,146	902	1436647430
342,279;99,116;100,391	147,399;22,33;255,121	450	1436647437
198,161;13,242;92,45	350,151;476,27;363,390	757	1436647449
17,46;151,56;365,187	162,125;422,255;29,256	793	1436647460
21,405;209,205;68,213	171,346;112,327;449,130	874	1436647476
154,238;467,70;310,310	395,118;129,111;101,388	661	1436647483
43,236;379,412;248,230	133,441;76,201;444,105	269	1436647489
328,478;105,100;94,196	398,431;365,487;295,163	968	1436647495
340,30;42,217;206,132	381,48;470,151;309,420	901	1436647501
259,224;47,487;283,155	306,353;284,315;155,223	489	1436647508
126,368;285,161;160,117	315,158;325,280;43,454	860	1436647514
347,119;193,213;98,56	338,440;153,379;411,87	617	1436647521
469,161;41,214;461,363	226,333;47,325;296,93	728	1436647531
218,109;361,185;123,379	409,197;16,355;259,390	533	1436647537
302,153;253,50;22,320	114,201;361,349;26,467	730	1436647542
472,215;100,255;419,377	138,278;265,22;469,390	941	1436647547
94,307;461,136;180,138	62,79;175,107;194,372	639	1436647552
397,213;185,403;329,102	473,341;420,477;451,190	590	1436647558
90,71;365,199;160,258	51,266;15,105;170,182	391	1436647565
344,202;190,90;239,342	361,168;45,341;281,430	395	1436647571
281,214;418,373;400,139	93,476;363,460;361,132	274	1436647578
361,351;363,67;427,305	381,14;471,402;346,225	482	1436647583
347,119;193,213;98,56	32,64;144,296;377,326	567	1436647589
106,64;466,431;23,193	151,115;17,161;476,113	767	1436647595
302,153;253,50;22,320	151,443;11,371;396,68	39	1436647604
17,46;151,56;365,187	37,117;95,440;38,338	210	1436647611
430,321;167,177;252,84	35,263;118,73;281,484	697	1436647616
196,412;444,339;304,208	76,40;232,484;278,411	463	1436647622
476,479;133,144;446,439	109,168;190,228;45,399	970	1436647627
242,113;191,118;265,35	368,482;347,61;398,24	1000	1436647632
67,215;473,407;217,122	381,312;488,427;488,198	668	1436647637
83,486;84,230;32,399	432,433;398,158;489,471	480	1436647643
434,46;256,333;263,59	277,145;466,104;296,424	103	1436647648
27,166;224,232;336,184	288,490;271,159;235,163	818	1436647654
436,397;257,297;167,38	323,283;33,432;487,340	85	1436647662
149,207;426,247;34,439	186,20;268,211;287,67	48	1436647668
241,450;67,212;96,236	430,406;304,388;105,309	387	1436647679
345,110;291,416;469,78	285,361;267,457;186,164	99	1436647685
143,63;143,157;230,292	97,108;448,413;79,414	906	1436647692
95,249;294,15;97,465	199,228;30,231;138,397	923	1436647699
254,421;291,307;450,150	193,354;32,339;69,353	158	1436647705
451,398;119,210;123,346	192,235;479,231;441,155	204	1436647711
106,64;466,431;23,193	303,173;234,435;216,269	776	1436647716
140,364;396,396;270,149	226,362;39,57;390,14	49	1436647722
370,377;348,57;414,185	92,488;378,186;311,399	85	1436647729
17,46;151,56;365,187	403,436;253,389;439,314	860	1436647734
77,378;218,284;101,337	367,347;275,14;199,42	797	1436647739
309,341;144,310;36,277	118,126;82,174;416,334	917	1436647744
198,48;410,471;54,117	177,101;182,173;402,162	129	1436647750
278,130;18,481;486,49	222,21;141,194;27,399	937	1436647758
83,486;84,230;32,399	108,74;74,435;54,374	886	1436647763
245,273;292,210;136,25	182,43;126,437;21,401	206	1436647769
163,62;52,204;431,228	361,458;88,313;233,47	80	1436647774
452,73;249,298;142,362	253,211;133,155;11,109	201	1436647780
331,145;364,272;379,451	223,296;156,315;485,79	187	1436647785
165,353;21,269;375,230	430,392;348,364;388,411	234	1436647791
65,176;422,68;95,428	319,201;118,94;77,325	588	1436647797
163,62;52,204;431,228	175,338;482,137;258,88	41	1436647802
480,200;18,58;163,93	111,412;27,70;174,228	940	1436647807
27,166;224,232;336,184	449,326;241,228;433,196	689	1436647813
14,381;248,59;194,65	383,438;295,418;19,411	715	1436647819
87,469;401,54;86,263	83,79;465,215;327,300	373	1436647824
109,351;367,293;437,210	131,222;173,57;490,412	297	1436647829
259,12;379,60;30,391	259,12;379,60;30,391	0	1436647835
43,236;379,412;248,230	356,466;387,109;404,232	746	1436647840
50,312;460,337;35,192	50,312;460,337;35,192	0	1436647847
262,392;437,481;20,90	311,340;228,409;355,391	962	1436647853
447,454;173,308;101,236	386,50;391,220;150,164	975	1436647858
154,238;467,70;310,310	109,56;356,358;284,476	520	1436647863
448,49;220,205;334,182	305,49;136,395;225,305	319	1436647869
94,322;203,172;357,266	261,488;333,161;445,213	439	1436647875
347,119;193,213;98,56	421,57;133,149;340,460	159	1436647882
301,422;223,445;424,87	299,359;279,487;149,433	881	1436647887
283,339;299,119;213,465	66,315;359,360;435,357	536	1436647893
361,351;363,67;427,305	208,55;142,333;311,292	712	1436647898
375,235;259,479;295,96	310,46;43,28;190,460	706	1436647903
83,257;454,269;464,300	91,98;93,367;102,277	545	1436647909
82,394;410,339;182,156	487,138;260,446;116,137	175	1436647919
91,170;14,221;231,152	230,85;248,69;101,91	526	1436647925
5G7t7R538