136	L	0.0.0.0	1436646716
86,169;120,216;436,399	144,391;208,137;457,168	370	1436646800
86,78;211,107;147,483	300,72;222,477;113,110	83	1436646810
42,319;93,132;46,412	429,92;312,197;119,197	313	1436646820
321,361;415,193;224,237	321,361;415,193;224,237	0	1436646832
213,263;455,213;370,59	177,372;447,44;475,193	311	1436646840
280,308;219,21;355,351	311,180;66,426;446,166	618	1436646847
369,11;470,267;204,71	248,161;392,315;65,307	444	1436646855
437,319;434,366;263,222	12,326;13,446;31,71	705	1436646861
190,12;205,373;332,87	483,329;11,134;481,386	469	1436646868
333,414;105,206;131,489	488,282;29,281;320,353	381	1436646877
245,273;292,210;136,25	182,43;126,437;21,401	696	1436646882
98,26;446,333;364,178	243,149;79,437;122,86	579	1436646888
35,425;89,233;175,236	459,140;35,391;283,175	718	1436646897
196,412;444,339;304,208	108,322;387,263;145,91	251	1436646906
196,412;444,339;304,208	208,28;464,305;73,257	425	1436646913
331,59;98,201;91,149	297,426;384,314;116,88	676	1436646919
437,319;434,366;263,222	195,195;63,471;200,101	596	1436646927
347,119;193,213;98,56	78,351;55,381;205,266	741	1436646933
417,485;453,281;169,404	326,378;393,174;435,406	453	1436646941
47,391;148,373;38,126	268,435;471,183;132,70	378	1436646948
165,353;21,269;375,230	313,399;158,380;326,104	315	1436646954
436,397;257,297;167,38	188,179;126,406;37,85	383	1436646962
78,55;472,314;336,296	103,48;28,480;74,352	391	1436646970
149,207;426,247;34,439	364,50;115,408;395,314	619	1436646980
257,435;197,77;148,186	111,239;177,162;386,54	608	1436646985
398,474;21,332;153,380	398,474;21,332;153,380	3	1436646992
106,64;466,431;23,193	245,249;91,374;418,418	397	1436646998
403,398;260,464;121,125	412,400;85,401;402,33	580	1436647005
427,366;117,188;73,75	320,339;40,425;73,385	301	1436647010
149,207;426,247;34,439	289,142;128,288;481,453	588	1436647017
154,238;467,70;310,310	21,278;479,145;156,121	352	1436647026
486,420;466,135;48,26	346,315;34,470;51,91	569	1436647034
302,153;253,50;22,320	105,76;489,316;217,303	563	1436647041
33,82;460,405;231,339	246,393;341,198;442,393	614	1436647059
215,27;219,183;455,63	357,374;24,11;389,151	666	1436647072
154,238;467,70;310,310	194,253;463,425;144,169	430	1436647081
389,292;309,338;307,451	435,13;169,335;175,342	701	1436647087
163,216;333,451;54,330	134,13;140,144;415,334	555	1436647097
35,425;89,233;175,236	254,83;91,429;211,19	665	1436647104
385,52;218,391;129,166	70,22;96,342;383,25	601	1436647112
486,420;466,135;48,26	311,93;28,325;382,465	554	1436647121
482,270;383,160;188,252	220,378;394,127;203,174	302	1436647127
77,378;218,284;101,337	103,455;86,189;474,130	406	1436647132
154,238;467,70;310,310	164,230;396,390;146,112	600	1436647137
152,114;170,63;338,52	74,54;143,339;50,467	590	1436647144
457,19;206,405;63,247	56,481;275,293;451,355	605	1436647151
273,91;379,471;397,464	340,451;447,445;51,204	667	1436647156
480,34;163,141;419,170	421,355;242,45;403,276	792	1436647167
486,420;466,135;48,26	484,303;349,486;198,396	395	1436647185
451,398;119,210;123,346	453,350;411,73;282,398	394	1436647193
347,119;193,213;98,56	70,245;489,285;126,489	252	1436647202
437,319;434,366;263,222	286,432;267,339;136,110	662	1436647210
450,175;145,348;382,350	433,307;245,95;316,263	340	1436647216
140,364;396,396;270,149	226,362;39,57;390,14	113	1436647224
324,14;418,79;322,368	485,29;306,63;71,275	375	1436647231
161,71;269,131;478,482	136,364;296,85;430,413	641	1436647236
348,115;438,274;26,142	365,424;425,49;304,424	468	1436647243
155,176;250,220;156,394	472,350;99,84;101,402	476	1436647255
163,480;445,241;396,243	134,310;123,62;130,88	487	1436647286
426,423;260,418;118,450	233,108;445,400;311,184	413	1436647298
47,391;148,373;38,126	433,285;250,394;174,229	541	1436647305
391,41;216,359;395,193	39,288;150,443;150,125	536	1436647315
237,152;242,200;252,74	320,447;228,74;330,414	591	1436647321
254,421;291,307;450,150	208,207;471,440;350,163	340	1436647327
429,94;483,45;395,191	389,476;416,356;413,300	566	1436647333
163,62;52,204;431,228	136,412;288,476;286,31	226	1436647358
255,298;155,364;311,134	422,340;96,359;292,75	574	1436647363
338,328;155,125;160,228	267,410;261,204;81,187	365	1436647369
433,212;264,194;294,451	369,84;170,290;375,143	636	1436647378
430,321;167,177;252,84	456,340;310,421;284,399	321	1436647383
76,358;489,417;96,438	164,163;249,12;210,280	577	1436647389
391,41;216,359;395,193	210,445;315,449;206,15	638	1436647398
412,45;99,170;244,189	296,287;61,333;451,327	594	1436647407
387,278;60,469;402,475	363,323;485,275;37,405	647	1436647413
348,115;438,274;26,142	22,474;146,228;352,414	266	1436647420
154,238;467,70;310,310	442,224;325,391;166,115	439	1436647452
50,230;454,95;53,165	39,39;147,408;156,364	635	1436647459
254,421;291,307;450,150	314,237;450,147;69,272	603	1436647467
52,49;59,407;345,63	463,49;412,375;49,88	317	1436647472
398,113;161,279;464,128	63,150;466,239;337,187	642	1436647478
115,203;397,433;47,250	361,263;179,58;207,234	589	1436647484
302,153;253,50;22,320	390,461;428,400;22,382	231	1436647491
101,44;375,455;273,83	51,234;69,470;209,232	389	1436647497
214,314;416,159;480,443	36,192;329,129;318,229	453	1436647502
17,46;151,56;365,187	451,124;337,117;257,193	310	1436647508
259,12;379,60;30,391	259,12;379,60;30,391	0	1436647514
14,381;248,59;194,65	140,420;199,23;192,479	591	1436647520
366,76;283,33;99,25	117,80;116,330;24,229	465	1436647527
303,35;184,94;253,404	448,108;49,103;317,466	621	1436647534
375,229;57,169;334,138	129,104;69,488;224,359	603	1436647540
115,72;67,147;76,253	225,235;120,460;250,50	570	1436647547
449,355;270,417;408,141	409,343;412,43;74,248	297	1436647551
44,216;18,283;221,415	306,259;16,156;377,76	585	1436647557
331,443;299,377;464,75	292,64;449,174;44,268	577	1436647562
422,179;272,248;370,272	464,220;261,413;366,345	471	1436647569
436,397;257,297;167,38	317,370;182,278;338,113	428	1436647574
223,126;340,163;87,453	303,264;60,108;290,28	588	1436647580
76,358;489,417;96,438	90,202;335,329;101,61	536	1436647590
361,216;132,47;50,403	418,223;370,220;254,393	607	1436647595
196,412;444,339;304,208	471,57;76,353;53,84	449	1436647604
228,423;164,419;14,164	323,113;483,436;235,57	575	1436647609
189,426;195,70;377,212	66,13;288,354;487,31	562	1436647616
148,196;103,91;115,470	388,45;272,68;17,87	560	1436647622
486,420;466,135;48,26	483,320;179,60;51,470	591	1436647628
436,397;257,297;167,38	25,174;34,303;393,225	651	1436647633
328,313;30,477;434,463	313,304;247,343;94,474	553	1436647639
428,425;425,339;146,102	27,401;150,220;396,472	383	1436647647
35,425;89,233;175,236	348,377;199,334;14,41	571	1436647652
437,184;178,47;327,275	465,38;272,65;289,38	683	1436647657
90,472;124,209;136,146	125,212;413,362;44,162	786	1436647662
35,425;89,233;175,236	174,419;413,418;183,127	586	1436647669
76,347;113,369;99,460	166,305;392,212;317,95	595	1436647674
44,216;18,283;221,415	253,487;369,346;394,259	701	1436647680
260,455;222,472;446,44	488,263;341,366;107,33	454	1436647685
50,230;454,95;53,165	190,353;360,159;461,146	643	1436647691
434,46;256,333;263,59	432,196;183,220;408,450	683	1436647697
458,361;397,354;377,487	336,179;418,429;153,293	464	1436647704
459,123;309,420;219,404	482,84;219,130;416,54	634	1436647709
35,425;89,233;175,236	333,478;197,383;447,120	584	1436647714
77,378;218,284;101,337	354,389;427,447;191,85	605	1436647719
47,391;148,373;38,126	436,490;351,295;146,246	514	1436647727
43,236;379,412;248,230	80,229;39,367;79,61	571	1436647734
418,339;165,412;331,453	459,15;208,311;428,377	583	1436647738
480,200;18,58;163,93	463,383;229,231;173,103	458	1436647743
302,153;253,50;22,320	469,363;258,108;17,167	553	1436647754
480,200;18,58;163,93	441,86;272,56;36,71	580	1436647761
27,166;224,232;336,184	194,182;247,23;380,410	553	1436647766
14,479;283,431;291,279	198,120;348,275;86,134	533	1436647772
35,425;89,233;175,236	424,404;439,345;252,64	610	1436647778
250,434;394,168;173,377	30,105;319,360;355,307	557	1436647784
215,192;480,472;474,272	247,97;416,32;385,378	467	1436647793
348,115;438,274;26,142	30,383;409,131;142,124	452	1436647800
76,347;113,369;99,460	451,229;435,457;483,48	590	1436647809
50,312;460,337;35,192	50,312;460,337;35,192	0	1436647815
451,398;119,210;123,346	92,14;22,83;241,478	576	1436647820
5H4w5M792