137	L	0.0.0.0	1436655725
86,169;120,216;436,399	144,391;208,137;457,168	84	1436655802
86,78;211,107;147,483	300,72;222,477;113,110	967	1436655811
42,319;93,132;46,412	429,92;312,197;119,197	159	1436655821
321,361;415,193;224,237	321,361;415,193;224,237	1000	1436655835
213,263;455,213;370,59	177,372;447,44;475,193	183	1436655845
280,308;219,21;355,351	311,180;66,426;446,166	987	1436655861
259,188;370,226;309,311	149,489;39,96;338,275	729	1436655868
358,113;129,347;208,100	216,348;84,256;488,85	955	1436655888
89,154;125,240;275,406	116,412;475,159;104,366	79	1436655900
85,408;294,292;318,435	147,475;36,444;85,353	91	1436655910
474,386;89,147;461,238	141,350;451,34;203,354	871	1436655918
398,474;21,332;153,380	398,474;21,332;153,380	1000	1436655927
305,104;59,376;250,409	438,169;219,69;386,479	831	1436655938
27,166;224,232;336,184	396,329;173,243;458,82	91	1436655945
207,439;238,130;436,487	330,128;335,230;382,144	801	1436655953
434,46;256,333;263,59	313,366;361,224;174,250	24	1436655961
486,420;466,135;48,26	414,257;126,184;344,133	838	1436655968
117,133;483,158;488,243	373,435;442,323;407,231	85	1436655973
427,366;117,188;73,75	320,339;40,425;73,385	832	1436655985
40,95;57,247;295,438	291,394;48,294;262,356	825	1436655993
118,376;303,484;454,445	134,461;449,483;296,321	84	1436656025
428,58;228,125;188,159	285,168;250,68;13,250	56	1436656032
347,119;193,213;98,56	461,340;138,448;457,222	34	1436656042
437,319;434,366;263,222	450,159;169,324;451,128	611	1436656054
328,478;105,100;94,196	451,484;166,297;113,269	53	1436656059
434,475;158,34;233,328	347,426;360,395;256,86	4	1436656069
302,344;82,161;228,294	65,103;381,422;256,225	82	1436656075
196,412;444,339;304,208	139,79;275,251;113,397	87	1436656082
228,423;164,419;14,164	323,113;483,436;235,57	932	1436656095
94,322;203,172;357,266	223,330;48,29;377,70	332	1436656104
430,321;167,177;252,84	157,280;261,174;50,217	326	1436656110
271,458;99,443;140,490	418,107;367,300;437,332	955	1436656121
83,486;84,230;32,399	338,133;351,304;67,159	93	1436656129
94,485;32,200;406,243	332,381;269,125;217,368	94	1436656135
94,322;203,172;357,266	339,326;155,417;20,222	958	1436656143
163,62;52,204;431,228	168,292;452,98;483,201	895	1436656154
44,216;18,283;221,415	438,40;152,24;261,194	58	1436656160
76,358;489,417;96,438	114,58;223,125;45,359	870	1436656168
306,23;165,490;189,173	226,489;440,88;380,246	66	1436656175
434,46;256,333;263,59	180,383;309,426;474,70	434	1436656183
400,258;404,13;28,153	481,404;92,381;169,70	327	1436656195
451,398;119,210;123,346	362,130;117,451;404,210	958	1436656205
328,478;105,100;94,196	283,424;398,231;457,116	255	1436656212
441,100;406,185;394,397	320,50;256,279;341,136	296	1436656219
347,119;193,213;98,56	420,258;59,405;234,482	354	1436656226
345,110;291,416;469,78	285,361;267,457;186,164	927	1436656238
50,312;460,337;35,192	50,312;460,337;35,192	1000	1436656245
44,216;18,283;221,415	224,384;268,350;138,244	631	1436656250
215,173;72,323;147,336	359,456;489,42;310,466	542	1436656259
434,46;256,333;263,59	315,340;23,406;88,256	778	1436656264
436,397;257,297;167,38	450,342;443,484;15,381	27	1436656270
89,154;125,240;275,406	148,64;330,84;163,259	7	1436656277
417,485;453,281;169,404	326,378;393,174;435,406	256	1436656283
105,262;485,344;146,168	11,428;19,271;101,471	169	1436656291
474,322;242,110;51,279	403,346;159,17;422,328	28	1436656295
83,486;84,230;32,399	251,47;44,52;85,256	147	1436656302
27,166;224,232;336,184	455,116;346,477;213,471	290	1436656308
30,271;265,383;363,184	18,258;411,67;13,319	79	1436656313
83,486;84,230;32,399	458,175;256,69;432,66	309	1436656318
94,362;247,412;142,472	284,389;332,205;276,240	362	1436656322
77,378;218,284;101,337	481,142;213,292;102,439	240	1436656331
437,319;434,366;263,222	195,195;63,471;200,101	168	1436656340
76,358;489,417;96,438	349,427;244,120;20,52	712	1436656347
288,255;363,115;201,424	299,20;461,169;234,38	69	1436656352
367,14;142,80;418,272	325,86;420,488;198,344	303	1436656358
328,478;105,100;94,196	56,150;150,125;441,263	972	1436656378
482,474;66,126;358,173	303,182;130,226;425,352	930	1436656385
319,226;148,146;22,205	451,414;108,359;273,329	991	1436656395
50,230;454,95;53,165	383,361;348,154;436,443	291	1436656402
375,235;259,479;295,96	310,46;43,28;190,460	78	1436656408
344,160;213,36;64,343	229,32;407,376;474,280	171	1436656414
436,397;257,297;167,38	467,246;140,76;146,172	58	1436656423
131,57;314,372;358,369	246,237;107,156;337,404	0	1436656431
44,216;18,283;221,415	306,259;16,156;377,76	296	1436656437
76,358;489,417;96,438	439,449;11,357;202,11	99	1436656442
140,364;396,396;270,149	226,362;39,57;390,14	889	1436656450
436,397;257,297;167,38	238,58;277,277;487,45	75	1436656455
149,207;426,247;34,439	310,443;316,285;437,300	105	1436656460
330,440;137,289;287,176	454,235;282,114;70,250	159	1436656465
361,351;363,67;427,305	23,194;24,183;305,416	37	1436656470
348,115;438,274;26,142	480,457;437,123;195,130	52	1436656475
325,127;61,12;38,369	392,217;302,129;333,407	70	1436656482
154,238;467,70;310,310	83,275;124,326;314,114	910	1436656495
149,207;426,247;34,439	328,113;153,223;123,99	195	1436656500
196,412;444,339;304,208	114,146;47,299;333,219	351	1436656507
120,474;143,446;38,203	411,69;124,298;244,424	40	1436656513
321,317;146,171;312,218	307,325;104,412;338,281	342	1436656519
264,426;482,179;18,329	148,50;371,445;415,108	894	1436656527
136,478;413,73;314,465	173,367;81,341;39,87	919	1436656532
434,42;258,218;447,313	153,160;178,375;46,188	904	1436656539
28,167;321,39;466,132	84,425;301,292;310,75	91	1436656545
309,341;144,310;36,277	71,359;88,448;147,267	28	1436656549
347,119;193,213;98,56	70,245;489,285;126,489	234	1436656562
43,236;379,412;248,230	227,161;93,409;487,89	861	1436656568
89,154;125,240;275,406	328,337;62,467;304,36	36	1436656573
322,368;283,266;403,161	264,218;145,276;429,171	46	1436656579
391,41;216,359;395,193	281,483;58,279;356,134	218	1436656585
111,38;364,327;344,278	168,140;60,485;310,483	69	1436656589
154,238;467,70;310,310	109,56;356,358;284,476	265	1436656600
176,219;377,204;173,426	349,63;108,457;421,212	70	1436656627
426,423;260,418;118,450	337,391;157,208;447,377	129	1436656632
215,64;319,329;141,217	365,238;110,101;183,462	378	1436656639
106,469;369,199;423,248	12,155;372,479;236,67	117	1436656643
469,161;41,214;461,363	226,333;47,325;296,93	85	1436656648
394,137;456,46;118,364	475,307;444,311;110,141	281	1436656654
259,12;379,60;30,391	259,12;379,60;30,391	1000	1436656661
437,319;434,366;263,222	280,393;274,405;368,266	40	1436656666
23,28;369,459;24,30	118,144;404,248;143,59	37	1436656670
122,324;39,350;211,207	159,393;260,285;184,478	287	1436656677
67,215;473,407;217,122	242,13;283,444;361,150	646	1436656685
332,313;148,100;450,224	375,480;151,241;89,319	189	1436656689
50,230;454,95;53,165	344,475;428,366;405,145	87	1436656694
13,411;101,153;108,87	232,482;259,369;62,30	36	1436656699
446,473;425,334;419,348	279,288;294,240;205,361	48	1436656715
366,76;283,33;99,25	117,80;116,330;24,229	76	1436656720
35,425;89,233;175,236	378,327;244,378;31,189	720	1436656728
42,168;52,55;236,465	253,117;423,123;269,406	81	1436656732
67,215;473,407;217,122	360,196;335,421;84,286	52	1436656737
154,238;467,70;310,310	77,49;317,26;422,471	834	1436656743
165,353;21,269;375,230	427,73;395,381;203,67	91	1436656747
436,397;257,297;167,38	411,67;428,200;296,189	36	1436656753
395,167;482,252;486,99	226,373;460,484;305,465	56	1436656758
274,201;471,116;162,35	489,13;78,408;383,392	112	1436656765
434,46;256,333;263,59	482,231;334,88;174,316	253	1436656770
47,391;148,373;38,126	402,51;137,297;109,348	16	1436656774
118,71;352,404;451,404	461,431;182,15;372,97	264	1436656781
256,106;12,297;440,357	243,313;212,138;46,256	726	1436656787
302,153;253,50;22,320	304,184;98,180;176,221	69	1436656793
396,80;161,248;281,51	31,120;258,159;465,394	115	1436656797
77,378;218,284;101,337	55,122;111,322;240,415	356	1436656807
115,72;67,147;76,253	109,135;81,252;118,175	613	1436656816
328,478;105,100;94,196	149,155;396,486;378,79	67	1436656821
456,223;140,201;442,74	439,308;311,84;190,258	166	1436656826
428,449;56,262;217,474	158,479;263,219;299,315	147	1436656833
434,261;375,306;396,198	28,364;457,209;472,231	0	1436656841
291,336;119,466;244,123	444,131;295,69;130,263	324	1436656853
1C4w5Q985