136	L	0.0.0.0	1436645983
86,169;120,216;436,399	144,391;208,137;457,168	878	1436646070
86,78;211,107;147,483	300,72;222,477;113,110	274	1436646080
42,319;93,132;46,412	429,92;312,197;119,197	774	1436646087
321,361;415,193;224,237	321,361;415,193;224,237	0	1436646093
213,263;455,213;370,59	177,372;447,44;475,193	616	1436646098
280,308;219,21;355,351	311,180;66,426;446,166	198	1436646103
288,255;363,115;201,424	187,175;215,216;37,396	896	1436646108
405,247;176,348;249,396	208,187;183,258;284,200	719	1436646114
144,344;317,329;74,72	87,90;425,298;269,429	436	1436646119
215,192;480,472;474,272	270,411;148,110;448,265	580	1436646124
352,411;192,202;84,269	299,117;198,84;286,370	250	1436646128
315,296;108,325;378,323	192,437;85,347;330,54	287	1436646133
275,65;445,195;450,364	346,203;475,472;84,252	397	1436646138
215,192;480,472;474,272	402,188;311,380;51,83	193	1436646142
55,368;85,403;371,269	325,86;208,348;234,16	386	1436646147
348,115;438,274;26,142	17,391;471,168;308,252	923	1436646153
149,371;292,41;156,153	246,348;397,399;244,48	381	1436646157
349,151;208,317;95,172	413,109;303,355;207,84	181	1436646162
76,347;113,369;99,460	472,283;366,228;75,431	232	1436646168
165,353;21,269;375,230	252,388;271,50;333,490	334	1436646172
486,420;466,135;48,26	128,255;71,67;252,417	627	1436646177
100,341;330,312;357,345	215,317;85,336;73,299	265	1436646182
237,152;242,200;252,74	242,321;49,203;85,259	400	1436646186
176,459;112,57;358,106	45,425;33,479;286,135	803	1436646191
193,479;168,135;358,222	88,363;399,336;189,383	568	1436646196
378,208;449,317;289,20	486,363;370,368;247,142	369	1436646200
179,30;138,322;132,275	280,345;450,190;446,114	734	1436646204
433,212;264,194;294,451	369,84;170,290;375,143	728	1436646208
69,415;314,259;136,252	488,58;345,285;360,414	580	1436646213
50,312;460,337;35,192	50,312;460,337;35,192	38	1436646217
426,423;260,418;118,450	95,286;21,28;45,88	143	1436646222
106,64;466,431;23,193	78,463;33,465;429,236	192	1436646226
47,391;148,373;38,126	101,373;133,338;336,417	414	1436646230
53,411;332,107;275,161	203,379;338,130;158,478	8	1436646235
428,58;228,125;188,159	431,73;404,87;227,51	370	1436646240
259,318;411,396;410,44	370,374;23,98;461,311	573	1436646265
451,398;119,210;123,346	190,488;251,345;218,259	440	1436646270
146,221;138,125;326,301	478,194;186,433;469,348	363	1436646275
248,165;38,456;63,106	42,24;479,66;394,186	299	1436646279
367,71;96,237;210,74	475,117;255,194;73,388	169	1436646284
21,159;433,409;377,176	155,263;234,448;348,67	57	1436646288
62,289;23,41;282,340	470,117;350,108;418,357	393	1436646292
455,234;30,353;118,353	130,166;454,227;174,49	747	1436646296
279,344;160,281;150,110	197,462;257,97;51,395	592	1436646300
89,154;125,240;275,406	466,24;397,444;481,27	897	1436646305
49,32;361,67;69,157	62,148;255,128;268,323	548	1436646309
196,412;444,339;304,208	148,372;136,244;367,245	125	1436646313
196,412;444,339;304,208	423,185;270,315;161,188	145	1436646317
445,291;343,38;227,26	458,240;188,169;122,173	329	1436646321
106,64;466,431;23,193	140,268;478,113;83,61	653	1436646325
50,230;454,95;53,165	366,182;96,281;203,37	885	1436646330
106,137;323,65;435,312	46,39;463,80;363,233	860	1436646336
50,230;454,95;53,165	31,129;166,247;441,128	579	1436646340
83,486;84,230;32,399	367,133;186,442;368,198	556	1436646345
44,216;18,283;221,415	11,105;338,414;32,31	172	1436646349
121,490;261,396;139,123	203,331;188,476;425,239	612	1436646353
291,391;115,291;366,15	421,11;424,314;321,359	631	1436646358
101,322;357,102;364,92	297,436;139,126;156,184	213	1436646362
328,313;30,477;434,463	313,304;247,343;94,474	625	1436646367
430,321;167,177;252,84	308,37;283,127;452,267	361	1436646371
264,426;482,179;18,329	174,329;253,295;478,368	591	1436646375
475,147;145,246;348,155	390,29;146,392;471,459	997	1436646380
469,440;338,244;159,183	401,79;479,152;425,161	855	1436646385
148,272;164,108;103,201	173,13;140,13;25,100	796	1436646390
196,412;444,339;304,208	484,52;138,284;425,266	661	1436646394
285,164;399,462;488,120	475,26;478,459;129,81	173	1436646398
451,398;119,210;123,346	92,14;22,83;241,478	231	1436646402
451,398;119,210;123,346	285,80;418,18;21,405	593	1436646406
426,309;167,290;292,151	146,440;361,444;26,436	1000	1436646410
321,302;40,75;448,313	283,231;177,28;352,442	777	1436646415
103,415;388,475;88,354	288,109;416,132;460,198	331	1436646420
11,265;292,192;100,482	449,409;426,389;325,372	867	1436646424
486,420;466,135;48,26	267,99;487,317;206,98	329	1436646428
144,277;199,257;323,247	16,362;453,26;140,407	471	1436646432
449,290;296,391;62,458	58,12;460,482;50,142	900	1436646437
43,236;379,412;248,230	371,269;183,310;180,380	252	1436646442
84,97;225,81;377,199	212,199;201,102;478,366	601	1436646446
160,481;240,242;229,445	105,441;271,109;56,434	165	1436646451
437,319;434,366;263,222	325,176;286,308;400,52	804	1436646455
366,215;227,116;189,160	193,115;463,306;482,296	689	1436646459
391,41;216,359;395,193	490,398;304,118;414,354	379	1436646464
259,12;379,60;30,391	259,12;379,60;30,391	6	1436646468
14,440;458,64;361,20	343,488;156,207;238,222	168	1436646473
200,324;143,436;428,343	89,200;461,354;33,224	649	1436646477
148,213;106,478;487,172	240,438;302,199;452,437	204	1436646482
115,72;67,147;76,253	128,27;398,237;363,246	765	1436646486
264,426;482,179;18,329	474,245;25,323;24,446	688	1436646490
451,398;119,210;123,346	143,68;129,305;62,86	700	1436646494
319,130;223,482;312,429	377,296;367,159;362,459	675	1436646498
320,214;302,129;101,275	68,72;475,448;330,378	882	1436646508
165,353;21,269;375,230	82,297;449,33;314,396	447	1436646512
486,420;466,135;48,26	244,138;94,400;474,282	641	1436646519
17,46;151,56;365,187	436,362;286,239;314,377	389	1436646524
389,436;316,101;284,115	96,334;263,102;85,398	257	1436646529
149,207;426,247;34,439	341,378;33,112;469,301	411	1436646533
276,452;445,420;162,325	347,398;15,60;481,302	645	1436646538
481,117;337,115;262,351	221,487;465,152;65,70	371	1436646542
486,315;321,423;129,435	230,92;273,114;63,215	637	1436646546
164,413;335,411;112,73	245,155;201,420;291,471	243	1436646550
64,169;487,249;229,374	387,473;336,261;44,199	50	1436646556
451,398;119,210;123,346	332,432;408,313;98,42	107	1436646560
367,14;142,80;418,272	410,433;300,330;88,447	444	1436646564
202,377;108,149;59,131	421,113;473,101;488,30	698	1436646568
415,283;266,420;180,301	16,171;442,186;377,23	296	1436646573
27,166;224,232;336,184	141,298;458,262;286,168	559	1436646577
106,64;466,431;23,193	231,19;154,50;150,347	299	1436646581
437,319;434,366;263,222	20,64;245,316;117,305	380	1436646585
348,115;438,274;26,142	30,383;409,131;142,124	210	1436646590
288,255;363,115;201,424	38,438;474,40;150,427	1000	1436646594
361,351;363,67;427,305	98,147;90,140;35,432	837	1436646599
76,347;113,369;99,460	387,255;356,110;348,35	932	1436646603
272,210;70,139;335,222	395,276;179,240;244,11	828	1436646607
50,230;454,95;53,165	133,50;367,395;406,169	699	1436646611
76,347;113,369;99,460	451,229;435,457;483,48	923	1436646615
29,336;149,288;145,476	460,177;225,101;103,411	191	1436646620
361,351;363,67;427,305	389,238;269,191;223,355	372	1436646624
77,378;218,284;101,337	238,162;154,330;398,429	600	1436646628
133,266;300,97;377,234	55,483;288,168;211,295	866	1436646633
80,114;109,236;381,48	444,479;302,135;112,484	677	1436646637
450,358;17,232;64,311	341,286;309,367;153,153	272	1436646641
153,463;432,51;459,380	463,139;448,72;208,206	658	1436646644
381,321;487,486;49,203	29,452;352,49;79,278	25	1436646649
398,474;21,332;153,380	398,474;21,332;153,380	0	1436646653
437,319;434,366;263,222	352,295;346,255;157,407	0	1436646658
166,179;488,165;217,120	295,68;31,85;426,336	325	1436646662
78,55;472,314;336,296	103,48;28,480;74,352	86	1436646666
367,14;142,80;418,272	55,453;158,116;312,279	0	1436646670
83,486;84,230;32,399	83,359;370,412;268,322	257	1436646674
478,489;308,238;358,217	263,122;280,462;266,317	732	1436646678
153,59;299,332;405,355	311,259;487,28;79,424	842	1436646682
157,134;260,433;105,251	341,172;45,346;266,205	740	1436646686
426,423;260,418;118,450	395,155;378,170;17,36	779	1436646691
43,236;379,412;248,230	42,481;302,435;244,267	365	1436646695
106,254;351,176;31,216	419,483;185,324;74,199	385	1436646699
472,215;100,255;419,377	93,220;445,36;21,396	882	1436646703
3F6w7L667