137	R	0.0.0.0	1436646247
86,169;120,216;436,399	144,391;208,137;457,168	894	1436646368
86,78;211,107;147,483	300,72;222,477;113,110	215	1436646378
42,319;93,132;46,412	429,92;312,197;119,197	536	1436646385
321,361;415,193;224,237	321,361;415,193;224,237	0	1436646391
213,263;455,213;370,59	177,372;447,44;475,193	444	1436646398
280,308;219,21;355,351	311,180;66,426;446,166	109	1436646408
35,425;89,233;175,236	59,333;181,319;369,380	870	1436646417
355,200;121,189;99,258	150,114;26,72;465,59	651	1436646424
59,41;257,470;389,223	394,259;323,453;84,195	434	1436646434
325,127;61,12;38,369	392,217;302,129;333,407	456	1436646439
17,30;288,209;313,126	136,321;421,423;327,472	197	1436646448
240,160;110,11;375,181	195,152;446,11;259,89	674	1436646454
419,201;261,83;299,184	34,355;488,402;324,447	821	1436646460
76,347;113,369;99,460	222,72;276,93;189,27	600	1436646465
309,127;425,438;292,458	449,40;382,489;318,321	376	1436646471
227,335;469,477;241,117	284,84;398,33;97,51	270	1436646477
12,282;451,375;298,438	61,101;145,161;289,429	859	1436646483
281,293;134,442;28,68	252,339;30,299;211,153	336	1436646489
460,478;252,489;20,253	483,72;384,328;421,216	976	1436646494
440,73;266,296;53,430	488,237;436,297;207,45	931	1436646502
446,202;317,202;490,290	307,365;347,374;46,128	924	1436646507
237,152;242,200;252,74	86,94;397,42;461,124	842	1436646513
332,265;321,160;458,160	295,42;271,157;314,35	918	1436646522
426,423;260,418;118,450	354,88;39,168;117,182	742	1436646529
488,390;488,290;464,206	155,214;228,323;126,102	862	1436646535
125,224;51,109;21,173	135,212;86,475;225,365	670	1436646540
263,95;109,479;387,294	235,148;353,340;168,399	312	1436646546
76,347;113,369;99,460	394,377;403,18;414,345	812	1436646553
149,207;426,247;34,439	323,97;293,461;458,301	436	1436646568
320,97;288,294;469,456	209,123;355,46;263,475	664	1436646577
486,420;466,135;48,26	362,353;269,84;202,249	557	1436646582
261,409;350,267;163,82	203,106;124,336;386,413	116	1436646593
253,29;278,316;281,393	206,467;208,358;237,87	264	1436646600
300,360;312,457;170,365	195,367;27,160;268,238	713	1436646605
271,397;134,362;370,247	118,345;23,480;148,406	558	1436646612
288,255;228,130;251,399	386,23;152,469;350,455	706	1436646617
192,294;487,314;461,215	90,255;155,402;336,48	600	1436646622
430,321;167,177;252,84	188,406;260,434;66,267	824	1436646627
436,397;257,297;167,38	330,278;51,489;377,154	611	1436646632
405,247;176,348;249,396	208,187;183,258;284,200	463	1436646637
140,140;43,80;177,404	174,252;20,363;267,50	314	1436646643
307,197;221,285;139,343	307,235;248,373;296,131	776	1436646649
43,236;379,412;248,230	227,161;93,409;487,89	858	1436646657
426,423;260,418;118,450	233,108;445,400;311,184	585	1436646664
101,44;375,455;273,83	51,234;69,470;209,232	622	1436646675
451,398;119,210;123,346	411,400;184,478;202,282	344	1436646680
27,166;224,232;336,184	24,196;310,192;133,487	625	1436646685
490,260;18,429;394,189	486,421;384,404;267,325	858	1436646690
43,236;379,412;248,230	350,410;49,479;490,240	718	1436646695
433,212;264,194;294,451	369,84;170,290;375,143	717	1436646700
13,429;403,265;260,443	54,12;445,145;324,375	740	1436646704
288,255;363,115;201,424	191,30;485,236;191,31	916	1436646709
288,255;363,115;201,424	433,268;483,159;482,381	985	1436646715
398,474;21,332;153,380	398,474;21,332;153,380	0	1436646720
267,393;373,27;477,407	26,269;146,49;211,432	808	1436646725
94,79;274,230;124,87	408,221;160,457;472,173	895	1436646730
106,64;466,431;23,193	246,413;284,121;170,473	427	1436646735
450,358;17,232;64,311	341,286;309,367;153,153	818	1436646741
165,353;21,269;375,230	15,393;166,332;280,446	706	1436646746
252,19;102,121;202,293	485,101;431,411;120,158	769	1436646751
347,119;193,213;98,56	338,440;153,379;411,87	336	1436646758
134,194;106,178;445,461	481,322;53,53;38,15	898	1436646763
237,152;242,200;252,74	466,332;477,377;18,488	967	1436646767
288,255;363,115;201,424	350,433;108,408;312,387	973	1436646771
302,153;253,50;22,320	390,461;428,400;22,382	172	1436646778
106,64;466,431;23,193	245,249;91,374;418,418	441	1436646784
424,312;195,97;334,356	458,164;471,111;328,175	680	1436646789
17,46;151,56;365,187	285,208;341,357;321,400	716	1436646793
207,45;91,245;66,317	114,97;388,61;326,215	839	1436646798
347,119;193,213;98,56	36,36;334,213;207,357	598	1436646805
288,255;363,115;201,424	38,438;474,40;150,427	987	1436646809
422,179;272,248;370,272	464,220;261,413;366,345	584	1436646816
264,426;482,179;18,329	113,183;216,375;109,402	609	1436646823
105,141;402,394;353,201	270,460;12,459;476,110	709	1436646827
361,351;363,67;427,305	172,408;476,13;71,388	399	1436646848
337,274;246,466;448,485	406,454;347,218;92,304	83	1436646854
426,118;93,372;391,234	473,183;259,199;385,21	738	1436646862
254,421;291,307;450,150	208,207;471,440;350,163	803	1436646867
154,238;467,70;310,310	39,347;470,193;325,48	758	1436646873
44,216;18,283;221,415	450,437;128,100;242,365	688	1436646878
304,210;89,337;471,72	174,401;205,11;218,97	879	1436646882
58,402;213,400;381,146	149,288;325,327;25,398	803	1436646887
481,440;192,366;278,309	154,420;343,225;238,361	884	1436646892
50,312;460,337;35,192	50,312;460,337;35,192	0	1436646897
44,216;18,283;221,415	224,384;268,350;138,244	141	1436646903
375,447;154,123;206,146	50,102;408,154;468,124	236	1436646907
154,238;467,70;310,310	194,253;463,425;144,169	683	1436646913
441,332;428,46;346,180	102,263;31,302;447,192	828	1436646918
27,166;224,232;336,184	110,70;361,405;341,289	767	1436646923
326,225;237,380;469,194	247,289;276,295;423,400	877	1436646928
338,343;360,446;54,234	175,370;271,397;277,409	949	1436646934
288,255;363,115;201,424	187,175;215,216;37,396	970	1436646939
305,104;59,376;250,409	438,169;219,69;386,479	464	1436646945
194,85;468,488;88,105	279,24;262,324;282,42	888	1436646949
436,397;257,297;167,38	107,260;44,466;179,202	758	1436646954
215,192;480,472;474,272	53,481;373,486;18,327	787	1436646968
486,420;466,135;48,26	59,103;302,370;395,224	812	1436646974
486,420;466,135;48,26	129,199;112,79;199,292	785	1436646979
302,153;253,50;22,320	459,487;131,423;29,380	836	1436646984
14,381;248,59;194,65	312,291;24,179;457,250	806	1436646989
281,293;134,442;28,68	232,360;125,310;279,86	273	1436646997
204,39;272,205;439,280	282,203;476,453;104,54	969	1436647002
437,319;434,366;263,222	410,222;354,440;194,163	723	1436647009
241,182;365,56;218,205	409,151;20,371;107,125	1000	1436647014
174,283;179,124;480,242	250,355;19,312;379,21	430	1436647020
128,134;191,366;483,63	183,349;92,137;435,32	538	1436647029
215,192;480,472;474,272	406,115;234,98;415,404	655	1436647035
67,215;473,407;217,122	360,196;335,421;84,286	612	1436647040
256,106;12,297;440,357	243,313;212,138;46,256	26	1436647045
431,122;418,223;145,27	276,284;174,424;417,249	269	1436647051
210,360;436,33;381,23	206,113;177,362;187,165	892	1436647060
215,192;480,472;474,272	20,442;74,338;67,16	857	1436647067
478,141;384,422;149,464	220,77;132,206;151,142	213	1436647075
215,192;480,472;474,272	220,379;309,86;253,193	719	1436647080
110,311;412,270;173,22	56,367;227,180;434,331	409	1436647085
476,208;333,23;409,454	40,321;332,142;71,144	752	1436647089
370,434;188,334;212,161	247,441;133,135;77,446	460	1436647095
327,271;299,329;488,206	156,186;446,155;399,178	819	1436647099
47,391;148,373;38,126	487,109;308,427;478,292	424	1436647105
430,321;167,177;252,84	389,487;144,440;294,248	408	1436647110
259,12;379,60;30,391	259,12;379,60;30,391	46	1436647116
350,301;16,456;55,33	255,444;161,28;261,436	1000	1436647121
149,207;426,247;34,439	63,31;114,112;72,334	732	1436647125
345,44;114,357;248,273	436,126;298,183;392,189	676	1436647130
76,347;113,369;99,460	107,360;310,258;434,249	834	1436647135
434,46;256,333;263,59	195,481;116,249;287,17	230	1436647140
423,196;148,161;315,389	475,428;270,398;327,460	469	1436647147
440,223;88,407;289,158	181,414;232,130;325,282	482	1436647154
196,412;444,339;304,208	118,228;254,121;358,419	560	1436647161
42,168;52,55;236,465	253,117;423,123;269,406	646	1436647166
328,478;105,100;94,196	337,413;169,110;114,153	234	1436647173
385,371;300,112;305,166	268,465;373,297;235,377	1000	1436647178
264,426;482,179;18,329	381,287;98,465;197,81	405	1436647183
154,238;467,70;310,310	54,20;312,481;275,70	131	1436647188
163,62;52,204;431,228	390,263;97,122;362,97	158	1436647195
180,478;334,205;398,30	205,192;159,318;222,174	912	1436647201
2G7v7P219