137	R	0.0.0.0	1436646277
86,169;120,216;436,399	144,391;208,137;457,168	713	1436646379
86,78;211,107;147,483	300,72;222,477;113,110	625	1436646389
42,319;93,132;46,412	429,92;312,197;119,197	439	1436646402
321,361;415,193;224,237	321,361;415,193;224,237	0	1436646410
213,263;455,213;370,59	177,372;447,44;475,193	806	1436646417
280,308;219,21;355,351	311,180;66,426;446,166	239	1436646518
47,391;148,373;38,126	436,490;351,295;146,246	676	1436646527
84,95;168,25;195,325	288,366;96,284;480,234	559	1436646536
309,341;144,310;36,277	438,437;117,53;479,425	708	1436646571
307,55;409,378;384,271	173,189;59,85;453,415	609	1436646592
428,58;228,125;188,159	389,313;399,101;423,455	651	1436646600
436,397;257,297;167,38	238,58;277,277;487,45	288	1436646616
398,474;21,332;153,380	398,474;21,332;153,380	0	1436646623
287,439;74,262;126,204	20,333;89,156;214,194	276	1436646631
438,131;341,374;85,227	193,458;331,324;406,447	372	1436646640
439,365;425,63;231,182	215,151;445,373;184,459	0	1436646647
292,426;474,86;284,39	81,362;332,486;182,221	606	1436646651
106,64;466,431;23,193	329,218;402,235;373,188	921	1436646656
348,115;438,274;26,142	446,368;224,354;350,89	238	1436646664
472,215;100,255;419,377	52,254;377,412;291,260	122	1436646673
127,351;154,223;338,151	148,85;165,467;139,265	588	1436646679
50,312;460,337;35,192	50,312;460,337;35,192	0	1436646685
344,101;301,81;121,206	411,165;356,360;387,324	834	1436646694
476,479;133,144;446,439	109,168;190,228;45,399	684	1436646701
428,58;228,125;188,159	76,329;188,379;147,416	624	1436646707
67,215;473,407;217,122	379,152;280,326;83,17	694	1436646724
341,420;62,464;465,269	401,360;77,185;481,350	677	1436646729
434,46;256,333;263,59	311,71;418,298;48,144	860	1436646736
281,293;134,442;28,68	490,141;277,95;429,99	782	1436646742
266,477;226,132;337,272	440,363;17,476;344,443	395	1436646748
86,258;40,66;466,346	416,326;22,157;476,430	769	1436646754
215,192;480,472;474,272	38,131;115,358;248,480	274	1436646760
278,223;14,348;367,271	296,350;383,15;223,156	761	1436646767
207,439;238,130;436,487	330,128;335,230;382,144	403	1436646772
89,154;125,240;275,406	162,69;206,234;196,156	433	1436646777
89,154;125,240;275,406	328,131;327,87;31,480	641	1436646781
420,439;433,13;230,448	215,337;68,40;286,250	707	1436646788
486,420;466,135;48,26	235,396;75,360;131,101	344	1436646794
489,281;186,280;247,51	225,400;117,429;147,307	590	1436646800
379,295;374,435;446,346	110,105;206,400;388,200	662	1436646805
115,72;67,147;76,253	436,320;52,474;238,323	381	1436646809
289,438;28,139;41,283	278,306;45,295;191,355	709	1436646815
464,159;186,133;282,409	471,323;76,488;345,147	649	1436646820
165,353;21,269;375,230	22,437;67,61;457,447	655	1436646824
361,351;363,67;427,305	402,250;181,262;352,207	412	1436646831
148,362;361,335;488,180	424,23;32,14;280,170	380	1436646837
83,486;84,230;32,399	265,19;124,421;163,171	377	1436646843
17,41;362,33;266,267	454,149;188,468;359,63	649	1436646847
67,215;473,407;217,122	103,474;381,28;290,366	576	1436646853
163,476;142,94;236,467	472,424;57,73;190,208	630	1436646859
27,166;224,232;336,184	432,170;290,98;197,247	625	1436646863
94,415;388,79;51,222	289,40;288,357;42,46	642	1436646867
367,14;142,80;418,272	276,63;21,92;419,365	381	1436646872
27,166;224,232;336,184	351,311;466,227;304,320	641	1436646876
83,486;84,230;32,399	375,179;124,485;333,186	581	1436646881
121,490;261,396;139,123	203,331;188,476;425,239	423	1436646888
43,236;379,412;248,230	42,481;302,435;244,267	608	1436646894
84,106;350,255;337,270	355,238;342,211;381,345	571	1436646899
232,77;347,330;107,108	489,127;413,463;77,445	615	1436646910
23,28;369,459;24,30	337,358;396,296;200,456	628	1436646914
106,254;351,176;31,216	419,483;185,324;74,199	618	1436646919
167,362;278,382;477,271	100,413;181,157;188,93	618	1436646924
228,346;404,478;320,21	76,470;230,161;361,330	661	1436646929
437,319;434,366;263,222	279,423;131,321;418,99	408	1436646934
228,423;164,419;14,164	323,113;483,436;235,57	433	1436646947
451,398;119,210;123,346	368,123;366,182;12,15	626	1436646952
437,319;434,366;263,222	58,181;80,388;16,266	684	1436646956
278,337;58,306;216,204	343,256;351,147;394,83	359	1436646962
43,236;379,412;248,230	438,401;86,242;320,373	422	1436646967
400,449;374,428;121,463	477,219;285,475;454,201	129	1436646972
430,321;167,177;252,84	424,248;136,462;296,136	764	1436646977
348,115;438,274;26,142	253,227;346,104;358,454	196	1436646983
385,89;204,309;181,192	367,86;386,415;300,253	629	1436646990
209,383;61,43;158,83	186,34;366,308;229,26	681	1436646994
147,359;456,24;487,165	254,211;393,401;118,307	686	1436646999
184,300;303,379;133,368	172,223;156,108;200,424	581	1436647003
486,315;321,423;129,435	230,92;273,114;63,215	636	1436647008
76,358;489,417;96,438	268,394;192,362;340,27	295	1436647012
288,255;363,115;201,424	101,285;64,310;319,15	630	1436647017
182,111;442,395;269,211	381,351;240,131;342,405	649	1436647021
479,120;345,43;155,474	383,328;169,408;359,47	660	1436647028
409,309;346,134;12,156	474,210;83,46;129,384	586	1436647032
259,12;379,60;30,391	259,12;379,60;30,391	0	1436647041
352,411;192,202;84,269	299,117;198,84;286,370	587	1436647047
419,40;334,89;211,353	52,367;363,174;336,125	639	1436647054
367,14;142,80;418,272	142,140;431,86;253,344	1	1436647061
302,153;253,50;22,320	456,56;137,49;417,264	595	1436647066
486,420;466,135;48,26	488,359;175,165;352,438	633	1436647073
89,154;125,240;275,406	447,302;78,387;441,374	548	1436647080
67,215;473,407;217,122	216,21;359,360;490,121	668	1436647085
199,300;62,129;239,115	475,58;277,326;483,447	259	1436647091
367,14;142,80;418,272	410,433;300,330;88,447	338	1436647102
455,234;30,353;118,353	130,166;454,227;174,49	677	1436647107
254,421;291,307;450,150	476,62;445,308;26,323	675	1436647115
361,351;363,67;427,305	424,169;58,354;43,396	637	1436647130
149,207;426,247;34,439	485,409;304,208;147,195	616	1436647137
124,345;201,455;325,98	418,284;454,42;176,179	599	1436647144
163,62;52,204;431,228	220,266;335,228;87,247	646	1436647150
447,454;173,308;101,236	386,50;391,220;150,164	659	1436647157
103,177;332,205;397,68	322,440;218,321;284,298	597	1436647164
47,391;148,373;38,126	423,21;317,412;186,336	648	1436647170
347,119;193,213;98,56	410,238;125,257;327,105	356	1436647183
486,420;466,135;48,26	455,469;460,354;203,249	443	1436647189
218,76;396,136;64,256	164,113;331,20;382,464	571	1436647195
215,192;480,472;474,272	476,412;204,174;476,302	567	1436647202
288,255;363,115;201,424	299,20;461,169;234,38	597	1436647208
434,46;256,333;263,59	331,12;74,90;147,290	642	1436647222
92,280;287,461;482,97	366,224;301,229;398,157	631	1436647227
55,458;458,132;432,24	382,441;276,133;36,144	651	1436647233
358,362;104,35;155,195	210,386;451,178;84,446	619	1436647240
165,353;21,269;375,230	384,115;189,477;80,480	607	1436647245
154,238;467,70;310,310	77,49;317,26;422,471	426	1436647251
309,341;144,310;36,277	311,110;331,136;374,82	623	1436647257
361,351;363,67;427,305	387,468;402,231;136,294	614	1436647270
450,488;437,127;22,141	225,408;402,218;79,291	611	1436647276
76,399;70,277;410,190	484,213;244,59;361,417	669	1436647289
451,398;119,210;123,346	285,80;418,18;21,405	637	1436647295
77,378;218,284;101,337	248,310;217,325;107,404	297	1436647302
361,351;363,67;427,305	322,264;174,295;169,61	382	1436647308
32,236;276,402;350,90	459,333;160,23;41,350	339	1436647315
77,378;218,284;101,337	406,250;366,260;444,118	399	1436647323
434,46;256,333;263,59	82,63;245,26;421,383	388	1436647330
91,60;76,451;133,377	221,66;417,29;218,93	720	1436647338
175,17;177,346;408,78	291,468;302,75;30,168	377	1436647343
351,245;464,25;157,411	296,369;453,284;419,429	677	1436647349
35,425;89,233;175,236	221,250;461,218;60,395	651	1436647358
367,14;142,80;418,272	157,460;102,74;394,454	614	1436647379
385,432;457,78;305,178	158,93;186,300;395,39	710	1436647385
76,358;489,417;96,438	387,477;204,486;350,166	631	1436647391
428,58;228,125;188,159	159,401;229,185;239,198	354	1436647397
76,358;489,417;96,438	453,59;179,170;484,217	656	1436647403
94,322;203,172;357,266	427,325;160,356;326,67	599	1436647411
298,458;242,174;180,300	61,129;201,236;442,264	388	1436647417
17,46;151,56;365,187	243,79;240,420;103,299	387	1436647423
52,268;154,80;78,283	411,199;284,48;335,73	376	1436647430
394,122;428,303;486,266	343,451;368,423;96,382	671	1436647437
1H5t7P359