136	R	0.0.0.0	1436653603
86,169;120,216;436,399	144,391;208,137;457,168	1000	1436653695
86,78;211,107;147,483	300,72;222,477;113,110	547	1436653713
42,319;93,132;46,412	429,92;312,197;119,197	979	1436653727
321,361;415,193;224,237	321,361;415,193;224,237	17	1436653742
213,263;455,213;370,59	177,372;447,44;475,193	160	1436653755
280,308;219,21;355,351	311,180;66,426;446,166	380	1436653771
415,292;209,327;323,51	76,217;385,79;298,376	281	1436653787
35,425;89,233;175,236	254,83;91,429;211,19	807	1436653799
50,230;454,95;53,165	64,129;124,455;258,232	984	1436653810
165,353;21,269;375,230	426,34;181,163;371,106	966	1436653822
347,119;193,213;98,56	394,210;69,311;232,110	955	1436653835
237,152;242,200;252,74	331,81;449,429;416,181	1000	1436653846
436,397;257,297;167,38	421,307;209,295;138,376	935	1436653863
196,412;444,339;304,208	139,79;275,251;113,397	917	1436653879
17,46;151,56;365,187	436,362;286,239;314,377	1000	1436653888
437,319;434,366;263,222	397,202;110,354;464,98	886	1436653902
128,132;337,389;332,33	317,130;344,475;80,287	596	1436653916
284,63;406,327;288,260	428,246;323,288;181,462	757	1436653924
246,56;352,469;423,189	227,70;403,91;371,326	562	1436653940
76,347;113,369;99,460	248,42;40,352;192,482	885	1436653951
451,398;119,210;123,346	233,281;156,313;198,222	945	1436653965
220,320;197,212;287,275	21,253;220,58;401,264	999	1436653981
76,358;489,417;96,438	459,64;52,287;43,298	1000	1436653989
67,215;473,407;217,122	236,474;411,292;398,434	1000	1436654000
254,421;291,307;450,150	447,36;60,393;316,321	534	1436654022
347,119;193,213;98,56	182,431;303,162;460,283	890	1436654034
391,41;216,359;395,193	76,242;318,236;21,323	862	1436654046
154,238;467,70;310,310	340,139;245,145;422,344	282	1436654062
196,412;444,339;304,208	170,368;490,45;59,12	298	1436654079
283,480;469,358;261,39	440,113;455,380;126,273	558	1436654090
14,381;248,59;194,65	266,427;353,236;339,58	1000	1436654102
215,192;480,472;474,272	406,115;234,98;415,404	972	1436654117
426,423;260,418;118,450	95,286;21,28;45,88	1000	1436654126
54,78;409,217;107,98	345,482;224,154;276,273	1000	1436654136
43,236;379,412;248,230	411,125;192,91;309,416	990	1436654150
196,412;444,339;304,208	484,406;48,243;201,62	384	1436654161
430,321;167,177;252,84	120,208;486,204;65,482	604	1436654171
76,358;489,417;96,438	172,99;287,173;225,36	452	1436654183
259,12;379,60;30,391	259,12;379,60;30,391	25	1436654196
220,362;198,118;62,429	54,51;150,412;271,335	805	1436654207
451,398;119,210;123,346	489,191;317,393;227,128	1000	1436654218
76,358;489,417;96,438	268,394;192,362;340,27	10	1436654230
287,410;266,468;285,258	467,40;405,91;144,434	965	1436654240
486,420;466,135;48,26	87,352;117,109;350,353	982	1436654248
214,214;351,50;32,123	13,136;324,97;397,160	898	1436654255
457,337;394,378;378,276	33,146;252,320;203,285	1000	1436654262
437,319;434,366;263,222	372,444;430,380;301,346	953	1436654270
286,450;69,253;259,14	431,233;155,149;18,397	213	1436654287
166,421;181,321;295,80	208,346;490,68;482,394	996	1436654292
451,398;119,210;123,346	332,432;408,313;98,42	407	1436654304
50,230;454,95;53,165	190,353;360,159;461,146	255	1436654313
208,91;333,381;338,127	94,375;247,323;240,259	268	1436654323
62,220;14,175;192,33	282,207;397,234;117,312	947	1436654330
115,72;67,147;76,253	304,333;20,425;39,253	994	1436654340
485,255;389,269;456,207	378,427;368,309;47,44	989	1436654347
428,425;425,339;146,102	27,401;150,220;396,472	982	1436654353
304,407;295,58;159,280	276,377;310,39;397,72	980	1436654361
415,283;266,420;180,301	16,171;442,186;377,23	212	1436654370
24,184;317,127;169,197	348,383;266,331;84,85	900	1436654376
76,347;113,369;99,460	103,345;320,32;196,346	289	1436654384
106,64;466,431;23,193	130,184;375,147;423,368	970	1436654392
378,237;33,110;77,62	212,228;215,282;336,236	613	1436654404
165,353;21,269;375,230	427,73;395,381;203,67	897	1436654414
43,236;379,412;248,230	354,58;272,446;252,186	395	1436654421
149,207;426,247;34,439	69,384;460,447;148,277	855	1436654428
43,236;379,412;248,230	371,269;183,310;180,380	944	1436654435
76,347;113,369;99,460	394,377;403,18;414,345	538	1436654444
50,312;460,337;35,192	50,312;460,337;35,192	0	1436654454
236,34;374,64;36,389	283,314;102,401;291,79	717	1436654461
274,438;428,218;434,478	390,76;35,473;314,307	962	1436654468
213,68;66,331;300,78	467,140;332,112;18,302	891	1436654477
235,455;11,151;391,45	62,483;317,33;324,105	1000	1436654485
480,200;18,58;163,93	441,86;272,56;36,71	900	1436654493
254,421;291,307;450,150	427,181;25,207;13,122	978	1436654499
302,153;253,50;22,320	456,56;137,49;417,264	816	1436654511
163,62;52,204;431,228	281,114;79,227;437,363	407	1436654526
118,376;303,484;454,445	134,461;449,483;296,321	672	1436654533
130,127;169,85;358,74	274,377;302,216;253,391	931	1436654540
451,398;119,210;123,346	270,459;134,441;342,280	457	1436654555
76,358;489,417;96,438	90,202;335,329;101,61	203	1436654562
244,161;188,223;368,245	62,294;125,93;32,246	460	1436654570
302,153;253,50;22,320	353,237;461,139;59,323	990	1436654577
80,114;109,236;381,48	444,479;302,135;112,484	584	1436654587
254,421;291,307;450,150	193,354;32,339;69,353	644	1436654598
340,30;42,217;206,132	438,48;307,474;419,357	911	1436654604
76,358;489,417;96,438	456,154;432,448;233,166	869	1436654610
437,319;434,366;263,222	450,159;169,324;451,128	563	1436654618
215,192;480,472;474,272	446,53;272,484;12,283	691	1436654626
237,152;242,200;252,74	193,441;364,310;450,181	648	1436654633
59,402;160,133;234,302	378,396;446,222;482,369	88	1436654640
44,216;18,283;221,415	476,244;440,227;278,275	79	1436654650
436,397;257,297;167,38	63,200;473,327;269,349	217	1436654657
233,210;379,177;269,373	417,22;404,66;281,58	606	1436654664
157,434;344,194;26,489	58,58;29,71;227,476	998	1436654671
142,40;149,179;130,180	280,260;35,376;480,146	1000	1436654676
244,168;340,71;204,156	387,204;72,200;414,255	31	1436654685
163,62;52,204;431,228	413,43;155,136;216,415	666	1436654696
395,167;482,252;486,99	226,373;460,484;305,465	603	1436654703
159,160;33,474;487,293	368,453;429,395;206,116	983	1436654708
47,391;148,373;38,126	268,435;471,183;132,70	933	1436654716
275,171;196,254;427,390	275,45;322,438;309,179	1000	1436654724
374,270;310,141;204,214	243,243;289,349;420,113	973	1436654731
174,283;179,124;480,242	250,355;19,312;379,21	804	1436654737
23,28;369,459;24,30	26,394;14,141;176,167	999	1436654743
133,325;443,196;463,109	290,442;190,164;311,376	422	1436654749
103,415;388,475;88,354	288,109;416,132;460,198	603	1436654755
254,421;291,307;450,150	326,141;326,366;291,203	475	1436654763
148,272;164,108;103,201	173,13;140,13;25,100	908	1436654769
347,119;193,213;98,56	47,340;77,390;236,302	918	1436654776
91,60;76,451;133,377	221,66;417,29;218,93	394	1436654783
106,64;466,431;23,193	379,130;153,194;219,326	137	1436654790
27,166;224,232;336,184	280,409;187,89;207,174	991	1436654802
56,362;170,211;301,300	393,61;455,232;274,429	917	1436654809
166,179;488,165;217,120	295,68;31,85;426,336	772	1436654815
478,141;384,422;149,464	220,77;132,206;151,142	979	1436654823
396,80;161,248;281,51	31,120;258,159;465,394	871	1436654828
391,41;216,359;395,193	39,288;150,443;150,125	768	1436654834
281,293;134,442;28,68	287,302;244,127;475,260	914	1436654843
149,207;426,247;34,439	138,388;441,59;278,487	945	1436654849
50,230;454,95;53,165	39,39;147,408;156,364	457	1436654857
437,176;412,51;372,52	219,32;83,365;147,298	988	1436654865
276,47;212,373;185,261	472,192;213,388;413,106	980	1436654874
391,41;216,359;395,193	281,483;58,279;356,134	946	1436654882
279,62;109,340;350,198	162,337;25,24;114,127	906	1436654888
196,412;444,339;304,208	24,282;236,128;118,312	780	1436654894
426,423;260,418;118,450	93,281;116,272;151,123	993	1436654902
194,85;468,488;88,105	279,24;262,324;282,42	1000	1436654909
328,478;105,100;94,196	451,484;166,297;113,269	1000	1436654917
140,445;339,480;74,382	365,29;67,252;128,347	989	1436654923
77,378;218,284;101,337	62,51;159,440;384,489	461	1436654930
398,474;21,332;153,380	398,474;21,332;153,380	2	1436654939
54,476;207,232;319,143	197,57;433,264;306,456	758	1436654946
347,486;436,94;124,465	65,109;444,99;440,235	117	1436654952
302,153;253,50;22,320	48,418;440,107;42,423	1000	1436654959
434,46;256,333;263,59	489,222;11,295;342,12	94	1436654972
1E3u9P259