136	R	0.0.0.0	1436653687
86,169;120,216;436,399	144,391;208,137;457,168	991	1436653811
86,78;211,107;147,483	300,72;222,477;113,110	269	1436653825
42,319;93,132;46,412	429,92;312,197;119,197	848	1436653835
321,361;415,193;224,237	321,361;415,193;224,237	500	1436653853
213,263;455,213;370,59	177,372;447,44;475,193	599	1436653864
280,308;219,21;355,351	311,180;66,426;446,166	535	1436653874
383,110;173,181;308,475	429,19;280,149;394,207	528	1436653885
340,30;42,217;206,132	356,240;396,297;349,336	1000	1436653894
83,486;84,230;32,399	140,436;402,71;233,342	1000	1436653908
254,421;291,307;450,150	111,358;401,137;199,435	555	1436653918
367,14;142,80;418,272	410,433;300,330;88,447	331	1436653926
44,216;18,283;221,415	424,24;461,383;160,39	573	1436653932
75,214;33,260;449,416	369,17;404,392;481,289	248	1436653941
389,89;204,150;200,290	341,210;116,20;28,439	610	1436653948
44,216;18,283;221,415	392,35;399,227;435,238	395	1436653957
106,137;323,65;435,312	46,39;463,80;363,233	349	1436653965
449,355;270,417;408,141	409,343;412,43;74,248	419	1436653970
259,12;379,60;30,391	259,12;379,60;30,391	29	1436653981
357,14;271,116;332,160	280,473;351,138;74,398	351	1436653987
430,321;167,177;252,84	144,420;194,311;223,357	634	1436653994
115,72;67,147;76,253	203,208;201,245;27,309	531	1436654004
179,30;138,322;132,275	280,345;450,190;446,114	908	1436654011
370,377;348,57;414,185	92,488;378,186;311,399	326	1436654017
50,312;460,337;35,192	50,312;460,337;35,192	14	1436654027
154,238;467,70;310,310	77,49;317,26;422,471	262	1436654034
89,154;125,240;275,406	175,276;440,459;380,326	610	1436654045
422,54;117,412;222,261	394,327;306,244;357,310	580	1436654057
207,439;238,130;436,487	330,128;335,230;382,144	820	1436654065
309,341;144,310;36,277	90,422;220,481;439,146	995	1436654071
115,72;67,147;76,253	109,135;81,252;118,175	393	1436654079
153,76;47,35;65,273	72,153;395,129;394,32	464	1436654087
164,450;452,69;467,174	120,50;173,43;155,372	373	1436654094
366,435;449,416;346,59	443,70;394,40;204,429	395	1436654101
437,319;434,366;263,222	410,222;354,440;194,163	385	1436654106
152,114;170,63;338,52	74,54;143,339;50,467	594	1436654113
271,458;99,443;140,490	418,107;367,300;437,332	559	1436654118
478,198;170,269;16,170	77,279;403,253;456,145	306	1436654123
106,64;466,431;23,193	117,336;100,35;87,161	978	1436654129
328,478;105,100;94,196	463,420;62,94;128,201	772	1436654133
165,353;21,269;375,230	68,99;253,233;73,309	435	1436654139
23,28;369,459;24,30	357,216;424,202;275,240	1000	1436654145
264,426;482,179;18,329	13,454;440,162;42,182	128	1436654152
434,46;256,333;263,59	195,481;116,249;287,17	345	1436654174
309,341;144,310;36,277	64,468;120,363;190,289	198	1436654181
126,31;483,122;431,175	39,11;337,456;419,326	357	1436654195
196,412;444,339;304,208	139,79;275,251;113,397	404	1436654200
248,104;421,75;73,460	429,50;349,288;408,300	531	1436654205
77,378;218,284;101,337	297,282;41,382;73,234	944	1436654211
23,364;134,110;403,38	116,297;161,115;55,347	959	1436654217
385,89;204,309;181,192	367,86;386,415;300,253	170	1436654222
412,220;63,341;362,41	244,342;447,153;325,230	791	1436654234
157,434;344,194;26,489	58,58;29,71;227,476	595	1436654238
367,14;142,80;418,272	390,54;200,136;418,454	205	1436654245
23,28;369,459;24,30	479,97;465,95;79,92	81	1436654250
277,65;218,404;376,340	279,410;26,475;432,490	532	1436654258
287,410;266,468;285,258	467,40;405,91;144,434	390	1436654265
43,236;379,412;248,230	22,107;392,460;391,361	914	1436654270
260,215;464,485;209,59	417,288;465,445;162,198	457	1436654275
76,347;113,369;99,460	222,72;276,93;189,27	409	1436654282
428,58;228,125;188,159	118,83;63,168;95,406	568	1436654288
391,41;216,359;395,193	204,23;373,429;366,190	434	1436654294
132,372;462,375;38,274	195,174;342,382;437,125	436	1436654299
426,309;474,137;26,222	140,395;190,74;350,253	438	1436654307
436,397;257,297;167,38	52,16;110,471;184,68	44	1436654312
486,420;466,135;48,26	328,162;306,433;195,280	593	1436654319
361,351;363,67;427,305	335,63;182,298;85,207	409	1436654326
451,398;119,210;123,346	192,235;479,231;441,155	442	1436654332
143,416;251,125;313,232	25,468;286,218;141,197	97	1436654336
272,228;180,71;245,474	294,250;367,390;292,92	49	1436654343
67,215;473,407;217,122	216,21;359,360;490,121	125	1436654349
196,412;444,339;304,208	170,368;490,45;59,12	186	1436654354
78,55;472,314;336,296	103,48;28,480;74,352	876	1436654359
437,319;434,366;263,222	359,335;198,472;343,228	545	1436654365
402,345;451,373;171,400	161,276;426,73;94,295	875	1436654370
83,486;84,230;32,399	243,416;388,300;221,291	963	1436654376
292,416;350,79;155,60	135,387;449,95;270,413	939	1436654382
152,232;337,385;356,369	103,149;66,68;42,33	968	1436654388
50,230;454,95;53,165	296,214;149,370;98,469	985	1436654394
127,486;489,120;405,433	270,400;32,197;49,330	919	1436654398
54,357;250,374;174,378	417,450;446,472;95,69	354	1436654407
274,166;363,356;11,444	322,484;381,29;206,191	184	1436654413
257,468;429,144;181,111	255,412;252,348;405,55	993	1436654418
141,43;184,327;109,322	110,184;24,47;368,482	976	1436654423
285,39;12,228;398,459	307,33;65,401;398,363	159	1436654428
302,153;253,50;22,320	105,76;489,316;217,303	265	1436654433
215,192;480,472;474,272	59,124;447,23;114,442	290	1436654440
77,378;218,284;101,337	335,137;172,104;289,285	858	1436654446
50,230;454,95;53,165	64,167;256,319;236,146	712	1436654452
237,152;242,200;252,74	344,463;344,100;43,296	970	1436654458
441,44;465,197;141,463	280,449;473,250;156,201	297	1436654464
83,486;84,230;32,399	376,70;253,281;124,161	681	1436654470
348,115;438,274;26,142	22,474;146,228;352,414	710	1436654477
16,165;142,486;443,332	388,17;51,487;278,339	329	1436654484
179,436;248,158;105,351	438,160;268,395;129,254	394	1436654514
196,412;444,339;304,208	162,324;239,215;187,347	827	1436654524
437,319;434,366;263,222	195,195;63,471;200,101	571	1436654530
40,488;398,229;233,412	285,384;291,90;268,187	442	1436654536
14,381;248,59;194,65	312,291;24,179;457,250	458	1436654548
365,374;294,44;213,431	350,330;59,224;357,126	422	1436654553
165,353;21,269;375,230	477,72;287,276;379,381	325	1436654560
428,119;291,286;166,215	401,320;209,307;370,145	223	1436654567
125,195;62,374;476,49	37,235;287,488;309,276	301	1436654575
391,333;115,44;465,145	172,389;403,152;60,146	278	1436654582
41,219;225,126;483,435	427,173;247,461;91,481	332	1436654588
337,274;246,466;448,485	406,454;347,218;92,304	393	1436654595
14,381;248,59;194,65	301,128;176,120;343,66	571	1436654611
103,177;332,205;397,68	322,440;218,321;284,298	541	1436654617
253,301;267,14;389,273	140,25;324,394;274,42	413	1436654624
50,230;454,95;53,165	83,309;377,287;170,47	454	1436654629
163,62;52,204;431,228	220,266;335,228;87,247	555	1436654638
426,423;260,418;118,450	403,183;427,238;210,458	404	1436654644
428,58;228,125;188,159	417,333;136,225;337,318	427	1436654649
243,191;373,142;16,199	191,377;337,179;475,241	407	1436654655
17,287;22,259;370,116	328,387;489,214;127,187	640	1436654662
302,153;253,50;22,320	279,380;375,86;479,408	627	1436654669
325,147;483,209;178,231	252,56;286,395;400,316	560	1436654675
331,443;299,377;464,75	292,64;449,174;44,268	428	1436654684
304,407;295,58;159,280	276,377;310,39;397,72	447	1436654689
302,153;253,50;22,320	114,201;361,349;26,467	283	1436654694
434,46;256,333;263,59	330,244;51,373;204,212	380	1436654699
301,153;223,216;252,303	454,239;188,239;242,376	436	1436654705
302,153;253,50;22,320	230,22;151,179;454,204	381	1436654713
215,192;480,472;474,272	406,115;234,98;415,404	137	1436654720
436,397;257,297;167,38	437,269;270,410;288,485	586	1436654725
36,20;439,77;128,404	366,325;63,246;344,411	540	1436654733
430,321;167,177;252,84	28,285;195,31;394,204	472	1436654740
23,248;123,178;127,233	346,359;16,106;282,34	636	1436654749
225,81;142,400;235,414	107,68;197,427;103,131	582	1436654758
309,341;144,310;36,277	438,437;117,53;479,425	648	1436654764
38,204;164,211;288,406	451,301;306,319;205,340	567	1436654771
370,85;465,143;135,386	32,359;35,336;358,206	598	1436654777
148,362;361,335;488,180	424,23;32,14;280,170	573	1436654784
42,168;52,55;236,465	253,117;423,123;269,406	414	1436654790
414,158;66,162;278,11	171,390;147,214;227,310	520	1436654796
398,474;21,332;153,380	398,474;21,332;153,380	100	1436654811
2G6u9R571