136	L	0.0.0.0	1436646643
86,169;120,216;436,399	144,391;208,137;457,168	898	1436646781
86,78;211,107;147,483	300,72;222,477;113,110	131	1436646793
42,319;93,132;46,412	429,92;312,197;119,197	782	1436646829
321,361;415,193;224,237	321,361;415,193;224,237	0	1436646838
213,263;455,213;370,59	177,372;447,44;475,193	548	1436646865
280,308;219,21;355,351	311,180;66,426;446,166	145	1436646877
196,412;444,339;304,208	179,322;301,110;54,53	72	1436646884
77,378;218,284;101,337	248,310;217,325;107,404	274	1436646893
261,284;233,194;270,246	289,179;448,248;81,41	893	1436646904
238,77;129,88;110,459	490,463;201,307;204,186	103	1436646916
287,410;266,468;285,258	467,40;405,91;144,434	890	1436646925
264,426;482,179;18,329	353,353;15,483;460,26	208	1436646932
270,294;104,251;304,394	102,327;285,199;153,118	356	1436646940
428,58;228,125;188,159	427,313;380,250;251,21	494	1436646955
14,381;248,59;194,65	383,438;295,418;19,411	336	1436646970
480,200;18,58;163,93	274,46;209,363;264,234	464	1436646978
23,28;369,459;24,30	243,388;138,349;487,478	2	1436646996
77,378;218,284;101,337	367,347;275,14;199,42	583	1436647008
428,58;228,125;188,159	159,401;229,185;239,198	285	1436647018
187,144;206,412;341,405	486,405;463,404;152,258	821	1436647027
200,381;163,110;469,441	229,437;442,306;20,144	132	1436647032
426,423;260,418;118,450	223,393;291,283;177,148	520	1436647045
361,351;363,67;427,305	385,475;130,149;416,282	380	1436647050
391,41;216,359;395,193	416,15;285,412;322,481	596	1436647059
486,420;466,135;48,26	217,121;349,115;336,410	410	1436647065
361,351;363,67;427,305	98,147;90,140;35,432	647	1436647073
259,12;379,60;30,391	259,12;379,60;30,391	0	1436647079
480,200;18,58;163,93	451,351;183,315;101,190	792	1436647097
56,362;170,211;301,300	393,61;455,232;274,429	321	1436647105
149,390;100,177;399,387	224,452;77,225;420,63	248	1436647113
45,207;271,107;137,108	361,442;316,336;126,252	160	1436647119
89,154;125,240;275,406	382,268;464,29;226,430	414	1436647129
130,399;227,341;111,275	230,26;76,313;325,229	215	1436647137
17,46;151,56;365,187	301,28;243,373;172,162	210	1436647145
366,104;72,458;150,440	377,339;355,20;432,461	483	1436647155
428,58;228,125;188,159	239,53;232,25;135,411	523	1436647164
44,216;18,283;221,415	363,67;93,87;71,353	478	1436647176
316,172;14,415;143,408	320,277;54,436;123,340	231	1436647183
17,46;151,56;365,187	243,79;240,420;103,299	413	1436647189
163,62;52,204;431,228	351,144;51,462;425,394	202	1436647194
67,215;473,407;217,122	113,65;487,343;283,429	14	1436647211
436,397;257,297;167,38	256,191;268,278;260,158	924	1436647218
50,312;460,337;35,192	50,312;460,337;35,192	0	1436647227
305,104;59,376;250,409	438,169;219,69;386,479	256	1436647233
115,72;67,147;76,253	422,26;262,234;232,490	706	1436647238
14,381;248,59;194,65	176,78;128,334;79,452	424	1436647245
194,289;268,331;157,102	66,242;278,13;146,15	493	1436647261
358,113;129,347;208,100	216,348;84,256;488,85	416	1436647265
14,381;248,59;194,65	70,352;274,237;420,185	417	1436647272
27,166;224,232;336,184	249,166;490,213;378,488	497	1436647280
77,378;218,284;101,337	477,307;194,250;358,285	890	1436647287
221,111;162,59;392,422	428,367;234,298;328,366	457	1436647293
115,72;67,147;76,253	310,341;310,251;256,425	20	1436647299
196,412;444,339;304,208	47,220;276,365;376,276	397	1436647305
94,322;203,172;357,266	426,230;53,87;347,258	570	1436647311
218,404;171,270;416,289	438,201;218,487;89,330	366	1436647319
302,153;253,50;22,320	424,44;270,476;50,99	631	1436647327
486,420;466,135;48,26	382,358;379,254;381,438	1000	1436647333
464,170;464,383;201,17	140,188;64,63;453,345	223	1436647340
215,192;480,472;474,272	461,262;40,11;223,417	321	1436647345
314,321;239,485;440,386	159,80;166,383;459,313	173	1436647351
76,347;113,369;99,460	111,121;187,42;247,123	223	1436647355
273,108;55,449;177,344	116,456;113,31;218,109	365	1436647360
228,473;475,127;325,461	65,125;173,469;474,103	743	1436647365
309,341;144,310;36,277	479,451;241,171;454,90	882	1436647371
486,420;466,135;48,26	488,359;175,165;352,438	505	1436647376
196,412;444,339;304,208	139,79;275,251;113,397	212	1436647380
165,353;21,269;375,230	490,175;333,20;155,481	412	1436647388
310,384;218,266;250,393	316,120;226,65;37,362	561	1436647401
50,230;454,95;53,165	266,395;327,45;421,460	469	1436647412
165,353;21,269;375,230	32,284;351,32;251,325	282	1436647416
480,200;18,58;163,93	109,186;388,295;300,248	161	1436647421
486,420;466,135;48,26	414,257;126,184;344,133	407	1436647427
340,30;42,217;206,132	412,387;229,412;455,122	690	1436647431
347,119;193,213;98,56	172,386;26,90;417,53	401	1436647438
254,421;291,307;450,150	193,354;32,339;69,353	838	1436647443
288,255;363,115;201,424	317,159;360,82;324,291	945	1436647448
279,177;37,482;90,282	24,308;190,296;469,471	187	1436647452
227,335;469,477;241,117	284,84;398,33;97,51	92	1436647461
451,398;119,210;123,346	143,68;129,305;62,86	169	1436647467
437,319;434,366;263,222	339,223;246,71;442,181	352	1436647472
254,421;291,307;450,150	312,469;290,23;248,36	526	1436647479
472,83;362,33;42,272	26,485;383,468;440,335	499	1436647484
489,281;186,280;247,51	225,400;117,429;147,307	116	1436647488
302,153;253,50;22,320	456,56;137,49;417,264	451	1436647493
425,365;119,36;45,208	454,310;84,182;484,437	512	1436647501
472,215;100,255;419,377	457,474;33,378;488,411	460	1436647506
89,154;125,240;275,406	322,413;106,154;433,441	259	1436647512
332,265;321,160;458,160	295,42;271,157;314,35	415	1436647516
434,46;256,333;263,59	108,74;124,461;411,286	248	1436647522
451,398;119,210;123,346	368,123;366,182;12,15	235	1436647527
115,72;67,147;76,253	313,42;395,107;187,189	321	1436647532
481,56;312,344;239,412	204,50;471,139;29,408	790	1436647536
237,152;242,200;252,74	193,441;364,310;450,181	773	1436647542
234,181;321,434;385,464	72,144;257,453;34,144	431	1436647547
460,245;158,394;24,467	193,256;186,202;363,314	946	1436647552
347,119;193,213;98,56	20,263;173,69;415,427	247	1436647556
328,478;105,100;94,196	463,420;62,94;128,201	109	1436647566
330,69;370,92;286,390	259,26;186,298;158,365	475	1436647572
298,423;414,472;26,249	34,233;336,474;90,440	790	1436647578
87,469;401,54;86,263	83,79;465,215;327,300	247	1436647582
208,456;197,291;73,80	21,262;280,348;153,300	682	1436647587
281,73;467,484;142,73	14,241;210,315;439,27	207	1436647598
115,72;67,147;76,253	375,25;475,91;343,137	285	1436647604
33,340;232,347;403,490	172,190;104,422;252,357	474	1436647609
163,62;52,204;431,228	94,41;480,103;440,219	301	1436647615
50,230;454,95;53,165	380,87;440,468;197,363	549	1436647619
428,58;228,125;188,159	378,407;143,456;43,47	925	1436647624
196,412;444,339;304,208	201,318;163,70;474,282	143	1436647629
14,381;248,59;194,65	320,142;108,266;213,315	637	1436647635
398,474;21,332;153,380	398,474;21,332;153,380	0	1436647640
451,398;119,210;123,346	228,177;451,61;83,481	485	1436647645
17,46;151,56;365,187	259,22;438,165;405,108	185	1436647649
67,103;344,224;382,145	389,362;330,65;111,12	272	1436647655
58,428;333,111;252,234	220,315;117,416;158,387	369	1436647662
357,452;459,332;190,314	152,200;24,147;358,186	275	1436647666
23,364;134,110;403,38	116,297;161,115;55,347	504	1436647672
27,166;224,232;336,184	119,314;108,269;367,390	304	1436647677
430,321;167,177;252,84	159,117;398,456;311,130	112	1436647683
236,231;229,482;319,77	26,316;365,269;125,263	138	1436647688
53,87;271,443;320,346	410,38;170,183;447,119	435	1436647693
215,192;480,472;474,272	149,489;64,375;35,420	706	1436647699
196,467;426,393;357,285	380,153;375,433;488,258	208	1436647704
154,238;467,70;310,310	83,275;124,326;314,114	439	1436647714
154,238;467,70;310,310	130,230;295,35;189,143	774	1436647718
83,486;84,230;32,399	411,59;15,269;49,27	590	1436647724
451,398;119,210;123,346	129,73;265,290;35,401	522	1436647730
257,468;429,144;181,111	255,412;252,348;405,55	797	1436647739
43,236;379,412;248,230	280,115;241,18;93,324	289	1436647745
75,111;25,240;420,109	247,473;64,11;462,12	531	1436647752
163,62;52,204;431,228	175,338;482,137;258,88	127	1436647756
75,380;453,231;433,382	124,253;331,217;208,402	463	1436647761
27,166;224,232;336,184	12,484;355,52;253,125	697	1436647766
89,154;125,240;275,406	154,319;486,66;20,406	438	1436647771
165,353;21,269;375,230	197,198;242,156;389,285	453	1436647777
5F7w6K130