137	R	0.0.0.0	1436653669
86,169;120,216;436,399	144,391;208,137;457,168	940	1436653749
86,78;211,107;147,483	300,72;222,477;113,110	231	1436653758
42,319;93,132;46,412	429,92;312,197;119,197	804	1436653766
321,361;415,193;224,237	321,361;415,193;224,237	0	1436653773
213,263;455,213;370,59	177,372;447,44;475,193	718	1436653780
280,308;219,21;355,351	311,180;66,426;446,166	57	1436653788
111,123;469,66;446,343	403,129;334,417;81,281	42	1436653793
48,339;193,331;373,396	151,451;470,205;181,403	654	1436653815
77,407;380,64;173,271	304,416;319,428;137,327	967	1436653823
478,450;271,114;331,218	394,480;316,350;290,290	92	1436653829
483,84;50,74;415,78	217,271;437,17;477,237	1000	1436653835
295,183;487,411;182,258	193,284;165,278;189,126	636	1436653841
72,54;338,355;38,138	149,88;330,153;426,207	898	1436653849
381,317;224,365;216,322	436,354;127,128;436,198	127	1436653859
194,153;200,127;484,25	286,488;163,153;304,480	93	1436653871
482,474;66,126;358,173	303,182;130,226;425,352	178	1436653878
264,426;482,179;18,329	149,117;367,288;23,246	45	1436653884
41,280;16,149;382,372	267,33;112,235;100,418	538	1436653894
437,319;434,366;263,222	372,444;430,380;301,346	601	1436653900
200,56;252,93;105,169	47,119;408,238;285,176	881	1436653904
410,450;320,422;291,177	400,469;420,392;161,452	223	1436653910
50,312;460,337;35,192	50,312;460,337;35,192	22	1436653916
157,134;260,433;105,251	341,172;45,346;266,205	963	1436653923
367,14;142,80;418,272	335,20;184,106;127,358	749	1436653929
431,305;150,332;312,23	472,185;235,118;68,453	364	1436653935
307,19;466,113;431,378	382,34;278,420;275,148	130	1436653944
341,420;62,464;465,269	401,360;77,185;481,350	691	1436653952
295,406;425,445;73,468	420,218;39,438;49,478	945	1436653962
95,19;170,215;33,180	418,200;319,324;75,475	922	1436653967
47,391;148,373;38,126	423,21;317,412;186,336	127	1436653975
44,216;18,283;221,415	168,269;218,280;160,455	21	1436653981
357,452;459,332;190,314	152,200;24,147;358,186	688	1436653997
237,152;242,200;252,74	157,315;43,116;82,80	1000	1436654002
144,344;317,329;74,72	87,90;425,298;269,429	209	1436654012
47,235;395,273;181,369	137,133;168,422;334,209	163	1436654019
472,215;100,255;419,377	395,450;252,102;71,26	940	1436654027
302,153;253,50;22,320	353,237;461,139;59,323	868	1436654035
140,90;287,464;97,151	328,240;212,129;176,154	917	1436654048
472,215;100,255;419,377	233,86;185,483;97,233	616	1436654057
472,215;100,255;419,377	360,49;468,314;154,388	142	1436654067
76,358;489,417;96,438	349,427;244,120;20,52	570	1436654074
464,170;464,383;201,17	140,188;64,63;453,345	789	1436654079
163,216;333,451;54,330	134,13;140,144;415,334	647	1436654084
398,474;21,332;153,380	398,474;21,332;153,380	0	1436654089
196,177;214,413;138,216	386,213;380,390;314,73	590	1436654093
391,41;216,359;395,193	76,242;318,236;21,323	340	1436654098
437,184;178,47;327,275	465,38;272,65;289,38	810	1436654103
288,255;363,115;201,424	191,30;485,236;191,31	813	1436654111
76,347;113,369;99,460	248,42;40,352;192,482	157	1436654117
136,478;413,73;314,465	173,367;81,341;39,87	0	1436654124
216,14;470,443;286,332	204,22;294,369;36,54	755	1436654131
142,464;402,211;168,411	450,334;273,76;102,33	860	1436654137
27,166;224,232;336,184	396,105;463,302;203,340	848	1436654144
237,152;242,200;252,74	344,463;344,100;43,296	1000	1436654149
338,231;61,51;240,147	13,109;29,200;272,337	459	1436654155
50,230;454,95;53,165	254,476;446,66;482,67	643	1436654159
106,300;329,335;344,151	489,300;45,178;318,177	624	1436654164
347,119;193,213;98,56	70,245;489,285;126,489	117	1436654168
367,14;142,80;418,272	163,269;121,128;283,26	267	1436654177
347,119;193,213;98,56	61,430;76,336;243,121	850	1436654181
410,235;398,381;253,180	177,219;72,100;489,183	537	1436654186
348,115;438,274;26,142	480,457;437,123;195,130	398	1436654191
27,166;224,232;336,184	396,329;173,243;458,82	832	1436654196
160,405;214,119;331,69	293,324;261,351;356,143	948	1436654201
434,46;256,333;263,59	489,222;11,295;342,12	16	1436654209
27,166;224,232;336,184	110,70;361,405;341,289	845	1436654215
391,352;18,240;342,81	374,226;258,466;244,106	839	1436654221
382,382;399,396;73,159	380,179;365,416;413,335	1000	1436654228
317,257;169,276;69,427	178,402;219,372;160,180	752	1436654234
50,230;454,95;53,165	57,278;473,476;298,355	1000	1436654238
50,230;454,95;53,165	354,143;169,180;116,263	642	1436654243
149,207;426,247;34,439	138,388;441,59;278,487	737	1436654248
327,320;281,153;460,258	331,318;278,221;337,473	609	1436654254
213,68;66,331;300,78	467,140;332,112;18,302	434	1436654258
95,325;79,140;96,285	450,56;364,412;394,374	618	1436654263
163,62;52,204;431,228	168,292;452,98;483,201	360	1436654270
347,119;193,213;98,56	172,386;26,90;417,53	116	1436654277
106,64;466,431;23,193	38,171;431,219;400,378	145	1436654290
489,281;186,280;247,51	225,400;117,429;147,307	148	1436654296
35,425;89,233;175,236	424,404;439,345;252,64	695	1436654302
151,295;210,145;368,211	19,111;330,285;368,465	787	1436654310
339,235;184,364;211,25	446,128;357,226;35,193	659	1436654318
302,153;253,50;22,320	476,417;228,133;242,261	60	1436654322
312,344;478,390;191,459	163,268;212,449;221,251	755	1436654327
165,353;21,269;375,230	477,388;415,145;154,60	58	1436654332
241,337;436,295;488,464	485,146;449,144;112,193	1000	1436654337
237,152;242,200;252,74	242,308;28,427;15,422	948	1436654342
76,347;113,369;99,460	34,403;303,318;152,152	467	1436654348
340,30;42,217;206,132	144,363;86,208;164,404	428	1436654352
50,259;249,488;86,47	175,318;213,98;48,90	683	1436654357
50,230;454,95;53,165	429,399;383,172;453,372	65	1436654363
50,214;119,11;273,95	29,289;229,47;323,405	309	1436654370
358,306;179,414;263,292	187,234;468,306;382,72	485	1436654377
83,486;84,230;32,399	392,17;388,69;476,61	537	1436654383
302,153;253,50;22,320	390,461;428,400;22,382	479	1436654389
50,230;454,95;53,165	344,475;428,366;405,145	588	1436654403
410,95;285,18;449,447	465,353;263,310;406,382	447	1436654409
211,46;114,86;343,332	301,218;469,450;231,20	863	1436654414
379,295;374,435;446,346	110,105;206,400;388,200	356	1436654418
23,28;369,459;24,30	118,144;404,248;143,59	1000	1436654424
342,50;431,160;14,278	178,172;193,348;141,142	470	1436654430
417,459;436,439;37,319	95,293;42,185;130,322	694	1436654435
389,436;316,101;284,115	96,334;263,102;85,398	872	1436654440
196,412;444,339;304,208	60,215;244,102;329,370	171	1436654447
154,238;467,70;310,310	253,310;37,331;44,63	633	1436654457
47,391;148,373;38,126	43,281;15,219;315,212	682	1436654466
259,12;379,60;30,391	259,12;379,60;30,391	0	1436654470
23,28;369,459;24,30	142,321;439,197;64,305	1000	1436654475
361,351;363,67;427,305	328,208;294,442;101,305	635	1436654484
67,215;473,407;217,122	134,144;301,475;373,116	912	1436654488
70,165;430,387;381,404	66,199;13,178;400,482	599	1436654496
348,115;438,274;26,142	392,424;92,443;211,269	202	1436654501
258,394;226,462;316,354	386,234;448,302;376,183	5	1436654507
307,197;221,285;139,343	307,235;248,373;296,131	418	1436654512
367,71;96,237;210,74	475,117;255,194;73,388	448	1436654518
358,347;108,41;252,466	115,222;317,263;361,121	713	1436654523
44,216;18,283;221,415	119,205;152,42;196,217	761	1436654529
196,412;444,339;304,208	162,324;239,215;187,347	740	1436654535
426,423;260,418;118,450	376,74;375,49;376,294	986	1436654540
154,238;467,70;310,310	21,278;479,145;156,121	331	1436654545
154,238;467,70;310,310	130,230;295,35;189,143	921	1436654550
45,151;305,204;352,116	469,212;115,99;377,402	295	1436654554
343,382;307,38;171,63	433,69;190,327;77,422	947	1436654559
215,192;480,472;474,272	59,124;447,23;114,442	237	1436654564
437,319;434,366;263,222	325,176;286,308;400,52	948	1436654572
306,231;412,156;490,64	197,235;195,81;20,78	950	1436654582
434,46;256,333;263,59	167,112;483,175;97,247	74	1436654586
434,46;256,333;263,59	306,487;124,463;57,109	886	1436654592
465,388;124,203;421,65	155,32;149,225;434,166	2	1436654597
309,341;144,310;36,277	233,195;252,213;368,373	122	1436654602
163,62;52,204;431,228	337,290;479,52;342,482	579	1436654607
50,230;454,95;53,165	79,389;344,423;354,302	647	1436654612
446,208;367,447;349,267	280,374;426,470;428,164	271	1436654617
76,314;471,20;263,186	395,41;46,381;61,415	962	1436654621
107,285;152,322;92,204	196,24;209,109;373,380	954	1436654626
209,299;277,32;180,145	75,60;145,29;422,318	978	1436654631
3F5t9R933