136	L	0.0.0.0	1436653465
86,169;120,216;436,399	144,391;208,137;457,168	1000	1436653605
86,78;211,107;147,483	300,72;222,477;113,110	570	1436653621
42,319;93,132;46,412	429,92;312,197;119,197	833	1436653627
321,361;415,193;224,237	321,361;415,193;224,237	0	1436653633
213,263;455,213;370,59	177,372;447,44;475,193	818	1436653654
280,308;219,21;355,351	311,180;66,426;446,166	707	1436653661
44,216;18,283;221,415	476,244;440,227;278,275	889	1436653665
264,426;482,179;18,329	372,382;58,467;79,204	811	1436653674
357,452;459,332;190,314	152,200;24,147;358,186	797	1436653680
325,433;441,67;78,111	427,403;470,218;317,436	862	1436653686
436,397;257,297;167,38	323,283;33,432;487,340	887	1436653692
77,378;218,284;101,337	215,241;326,234;38,256	869	1436653697
169,174;201,74;213,342	448,154;300,272;415,474	826	1436653703
212,445;179,174;380,30	139,431;441,407;404,100	965	1436653707
106,64;466,431;23,193	78,463;33,465;429,236	779	1436653712
61,109;258,190;228,198	452,149;204,239;14,338	774	1436653717
412,340;245,260;95,76	329,186;251,20;411,208	857	1436653722
367,14;142,80;418,272	333,250;183,121;198,246	899	1436653735
153,76;47,35;65,273	72,153;395,129;394,32	817	1436653741
472,215;100,255;419,377	454,110;79,204;208,279	677	1436653746
430,321;167,177;252,84	89,296;446,102;482,393	685	1436653751
107,77;32,329;418,19	147,402;388,153;18,179	682	1436653765
361,351;363,67;427,305	154,149;177,317;172,325	884	1436653818
314,360;93,165;463,482	280,233;66,11;328,317	865	1436653823
398,474;21,332;153,380	398,474;21,332;153,380	27	1436653829
472,215;100,255;419,377	448,73;99,421;18,19	748	1436653835
327,417;356,454;374,349	82,106;100,302;151,424	757	1436653841
157,110;444,484;444,151	280,50;239,358;404,178	459	1436653846
431,122;418,223;145,27	276,284;174,424;417,249	803	1436653855
348,115;438,274;26,142	253,227;346,104;358,454	322	1436653863
95,121;198,52;123,90	181,108;330,332;28,147	779	1436653870
451,398;119,210;123,346	129,73;265,290;35,401	838	1436653875
23,28;369,459;24,30	118,144;404,248;143,59	168	1436653914
194,289;268,331;157,102	66,242;278,13;146,15	743	1436653921
367,71;96,237;210,74	475,117;255,194;73,388	241	1436653934
370,434;188,334;212,161	247,441;133,135;77,446	645	1436653941
458,57;56,330;118,107	484,424;164,277;341,47	846	1436653946
84,326;485,334;433,124	94,12;402,322;300,50	754	1436653951
426,309;474,137;26,222	140,395;190,74;350,253	797	1436653957
259,12;379,60;30,391	259,12;379,60;30,391	38	1436653962
434,46;256,333;263,59	296,331;252,318;305,191	901	1436653968
330,69;370,92;286,390	259,26;186,298;158,365	865	1436653975
33,82;460,405;231,339	246,393;341,198;442,393	720	1436653980
348,115;438,274;26,142	13,279;241,153;168,172	830	1436653985
426,423;260,418;118,450	363,384;200,50;293,279	838	1436653990
227,335;469,477;241,117	284,84;398,33;97,51	434	1436653995
257,435;197,77;148,186	111,239;177,162;386,54	693	1436654011
83,486;84,230;32,399	265,19;124,421;163,171	728	1436654016
76,347;113,369;99,460	62,42;81,20;367,144	922	1436654020
79,331;36,48;173,216	301,93;164,406;273,195	813	1436654025
472,215;100,255;419,377	150,19;20,379;220,438	767	1436654032
245,273;292,210;136,25	182,43;126,437;21,401	755	1436654037
17,46;151,56;365,187	243,79;240,420;103,299	871	1436654044
101,226;150,446;190,33	13,308;75,352;361,395	905	1436654048
326,304;449,454;98,346	459,136;231,194;140,412	420	1436654053
23,28;369,459;24,30	307,393;440,442;63,340	753	1436654058
426,423;260,418;118,450	354,88;39,168;117,182	771	1436654072
35,425;89,233;175,236	384,74;193,49;345,268	797	1436654077
328,478;105,100;94,196	337,413;169,110;114,153	772	1436654082
115,72;67,147;76,253	172,302;218,210;289,238	807	1436654086
254,421;291,307;450,150	447,36;60,393;316,321	827	1436654091
67,215;473,407;217,122	15,395;157,371;305,487	734	1436654095
309,341;144,310;36,277	121,167;281,440;136,165	680	1436654100
347,119;193,213;98,56	326,443;487,115;299,105	755	1436654105
328,478;105,100;94,196	339,97;22,18;422,112	742	1436654111
309,341;144,310;36,277	92,419;277,129;315,93	717	1436654116
111,81;245,377;443,191	60,406;315,13;324,334	737	1436654120
288,255;363,115;201,424	481,420;12,38;240,400	782	1436654133
55,14;304,357;283,57	467,295;429,21;134,200	775	1436654139
149,207;426,247;34,439	202,158;197,450;230,450	939	1436654144
49,464;236,423;260,188	468,181;32,69;373,440	814	1436654149
163,62;52,204;431,228	413,43;155,136;216,415	876	1436654153
154,238;467,70;310,310	83,275;124,326;314,114	652	1436654158
328,478;105,100;94,196	56,150;150,125;441,263	776	1436654162
254,421;291,307;450,150	84,358;417,247;53,405	818	1436654168
43,236;379,412;248,230	146,134;221,450;316,258	781	1436654173
283,339;299,119;213,465	66,315;359,360;435,357	851	1436654177
277,65;218,404;376,340	279,410;26,475;432,490	814	1436654182
196,412;444,339;304,208	201,318;163,70;474,282	869	1436654187
398,113;161,279;464,128	63,150;466,239;337,187	835	1436654192
50,312;460,337;35,192	50,312;460,337;35,192	134	1436654198
106,64;466,431;23,193	296,37;454,490;200,440	706	1436654204
165,353;21,269;375,230	477,72;287,276;379,381	717	1436654209
156,450;165,402;437,423	378,260;308,149;308,114	859	1436654214
391,41;216,359;395,193	381,167;418,187;105,322	771	1436654218
339,445;166,419;314,454	384,214;452,111;427,186	733	1436654223
124,345;201,455;325,98	418,284;454,42;176,179	771	1436654228
402,176;162,474;155,229	103,54;26,353;376,156	293	1436654234
279,177;37,482;90,282	24,308;190,296;469,471	652	1436654238
309,341;144,310;36,277	93,123;435,70;454,237	942	1436654243
426,423;260,418;118,450	422,324;340,342;32,254	933	1436654248
163,62;52,204;431,228	429,121;201,413;387,35	776	1436654261
319,282;233,136;160,191	191,31;39,169;90,144	924	1436654265
430,321;167,177;252,84	187,436;41,477;435,182	887	1436654269
84,106;350,255;337,270	355,238;342,211;381,345	926	1436654274
149,207;426,247;34,439	63,31;114,112;72,334	882	1436654279
309,341;144,310;36,277	254,198;138,388;303,117	836	1436654284
76,347;113,369;99,460	472,283;366,228;75,431	858	1436654288
418,81;141,116;372,336	488,469;300,36;35,199	890	1436654293
402,117;287,244;402,124	241,89;225,14;192,25	914	1436654297
469,161;41,214;461,363	226,333;47,325;296,93	892	1436654301
472,215;100,255;419,377	461,214;477,318;221,146	837	1436654314
302,153;253,50;22,320	230,22;151,179;454,204	825	1436654318
288,255;363,115;201,424	299,20;461,169;234,38	979	1436654323
264,426;482,179;18,329	381,287;98,465;197,81	809	1436654328
207,45;91,245;66,317	114,97;388,61;326,215	920	1436654333
76,358;489,417;96,438	178,339;126,127;368,361	895	1436654337
430,321;167,177;252,84	217,193;358,104;254,49	838	1436654344
291,336;119,466;244,123	444,131;295,69;130,263	882	1436654354
76,358;489,417;96,438	439,449;11,357;202,11	853	1436654358
215,64;319,329;141,217	365,238;110,101;183,462	848	1436654363
54,357;250,374;174,378	417,450;446,472;95,69	899	1436654368
366,76;283,33;99,25	117,80;116,330;24,229	916	1436654372
434,46;256,333;263,59	32,329;478,128;94,134	913	1436654377
163,476;142,94;236,467	472,424;57,73;190,208	865	1436654382
44,216;18,283;221,415	33,65;48,449;22,229	858	1436654387
149,207;426,247;34,439	289,142;128,288;481,453	868	1436654392
430,321;167,177;252,84	443,92;277,481;345,165	873	1436654397
94,322;203,172;357,266	427,325;160,356;326,67	898	1436654401
102,293;336,237;371,154	257,268;33,217;330,83	855	1436654406
380,127;372,382;383,156	251,180;321,388;223,259	843	1436654411
215,192;480,472;474,272	149,489;64,375;35,420	811	1436654416
448,49;220,205;334,182	305,49;136,395;225,305	897	1436654421
77,378;218,284;101,337	406,250;366,260;444,118	935	1436654426
451,398;119,210;123,346	451,86;463,384;148,195	897	1436654430
188,136;193,269;318,447	408,462;69,52;460,446	898	1436654435
381,205;308,167;191,444	263,15;311,126;241,47	742	1436654440
486,420;466,135;48,26	483,320;179,60;51,470	860	1436654444
278,337;58,306;216,204	343,256;351,147;394,83	836	1436654459
76,399;70,277;410,190	484,213;244,59;361,417	847	1436654487
55,76;362,79;238,213	153,295;92,202;475,318	824	1436654492
143,253;192,483;17,377	205,466;392,63;67,64	752	1436654497
47,391;148,373;38,126	93,189;397,138;299,324	792	1436654501
342,279;99,116;100,391	147,399;22,33;255,121	857	1436654506
348,115;438,274;26,142	294,261;414,466;84,395	787	1436654512
1C5t6Q993