136	R	0.0.0.0	1436653888
86,169;120,216;436,399	144,391;208,137;457,168	999	1436654067
86,78;211,107;147,483	300,72;222,477;113,110	322	1436654078
42,319;93,132;46,412	429,92;312,197;119,197	462	1436654125
321,361;415,193;224,237	321,361;415,193;224,237	0	1436654132
213,263;455,213;370,59	177,372;447,44;475,193	590	1436654138
280,308;219,21;355,351	311,180;66,426;446,166	487	1436654144
447,83;485,459;160,469	145,292;204,47;480,245	441	1436654149
246,56;352,469;423,189	227,70;403,91;371,326	464	1436654155
331,363;167,84;478,185	290,437;88,191;427,114	105	1436654161
163,62;52,204;431,228	472,357;100,166;434,405	951	1436654166
201,421;50,133;483,266	165,272;319,76;352,346	453	1436654174
403,398;260,464;121,125	412,400;85,401;402,33	551	1436654179
340,30;42,217;206,132	438,48;307,474;419,357	949	1436654184
266,477;226,132;337,272	440,363;17,476;344,443	706	1436654192
43,236;379,412;248,230	252,227;317,435;149,360	466	1436654198
347,119;193,213;98,56	32,64;144,296;377,326	481	1436654203
334,175;30,443;201,65	126,444;176,284;71,16	525	1436654208
407,271;401,270;178,105	244,267;401,160;11,314	1000	1436654214
478,198;170,269;16,170	77,279;403,253;456,145	438	1436654221
285,76;399,27;79,194	51,147;464,280;363,373	894	1436654255
75,111;25,240;420,109	247,473;64,11;462,12	523	1436654284
261,241;149,381;371,99	27,349;46,482;365,55	919	1436654299
90,349;86,272;60,159	328,34;320,454;294,213	737	1436654304
370,85;465,143;135,386	32,359;35,336;358,206	938	1436654309
144,344;317,329;74,72	87,90;425,298;269,429	308	1436654315
281,293;134,442;28,68	127,43;220,323;459,25	392	1436654320
24,184;317,127;169,197	348,383;266,331;84,85	537	1436654325
361,216;132,47;50,403	418,223;370,220;254,393	972	1436654332
437,319;434,366;263,222	186,298;306,383;136,197	392	1436654337
381,317;224,365;216,322	436,354;127,128;436,198	445	1436654342
347,119;193,213;98,56	145,264;197,174;415,485	537	1436654347
414,279;234,378;327,128	420,481;171,363;286,93	428	1436654353
122,324;39,350;211,207	159,393;260,285;184,478	309	1436654358
291,448;280,297;413,324	341,98;74,309;140,241	1000	1436654363
35,425;89,233;175,236	174,419;413,418;183,127	738	1436654369
369,71;75,28;27,254	12,285;209,101;71,444	252	1436654375
12,445;370,373;309,478	112,277;23,349;352,193	577	1436654380
27,166;224,232;336,184	361,109;490,288;319,142	363	1436654385
154,238;467,70;310,310	230,41;246,29;257,355	911	1436654391
249,470;254,249;292,142	483,321;304,355;83,450	370	1436654396
434,46;256,333;263,59	179,51;166,202;171,61	1000	1436654401
348,115;438,274;26,142	17,391;471,168;308,252	1000	1436654405
89,154;125,240;275,406	116,412;475,159;104,366	469	1436654410
428,58;228,125;188,159	239,53;232,25;135,411	455	1436654416
118,376;303,484;454,445	134,461;449,483;296,321	471	1436654421
490,171;176,107;107,269	150,22;417,16;374,391	271	1436654426
476,479;133,144;446,439	109,168;190,228;45,399	949	1436654431
254,421;291,307;450,150	397,188;262,403;452,446	719	1436654435
76,358;489,417;96,438	192,371;74,137;449,325	520	1436654444
132,448;325,227;137,345	450,34;211,338;457,364	461	1436654448
447,350;223,20;162,482	441,425;59,262;24,37	457	1436654454
181,181;466,80;52,328	61,124;63,350;150,88	472	1436654459
324,14;418,79;322,368	485,29;306,63;71,275	469	1436654463
296,184;155,486;241,445	35,415;324,258;429,159	593	1436654468
441,332;428,46;346,180	102,263;31,302;447,192	872	1436654473
340,30;42,217;206,132	28,487;477,292;462,308	327	1436654478
469,183;233,465;46,183	34,108;196,458;487,78	207	1436654497
431,305;150,332;312,23	472,185;235,118;68,453	619	1436654502
486,420;466,135;48,26	344,275;342,88;135,357	405	1436654507
89,325;174,202;481,355	202,421;249,111;468,146	442	1436654518
67,215;473,407;217,122	379,152;280,326;83,17	326	1436654537
215,192;480,472;474,272	53,481;373,486;18,327	292	1436654543
266,303;97,49;394,346	293,155;325,124;421,278	627	1436654549
180,478;334,205;398,30	205,192;159,318;222,174	271	1436654554
17,46;151,56;365,187	120,465;247,323;490,300	527	1436654559
165,353;21,269;375,230	365,141;163,185;37,95	348	1436654564
449,290;296,391;62,458	58,12;460,482;50,142	463	1436654569
275,65;445,195;450,364	346,203;475,472;84,252	528	1436654573
35,425;89,233;175,236	254,83;91,429;211,19	341	1436654578
72,54;338,355;38,138	149,88;330,153;426,207	555	1436654583
124,217;147,407;186,118	134,109;462,90;120,320	524	1436654589
434,46;256,333;263,59	330,244;51,373;204,212	393	1436654594
24,311;225,155;395,451	316,319;134,56;218,407	462	1436654600
100,284;349,91;57,478	353,246;478,428;425,45	420	1436654605
83,486;84,230;32,399	375,179;124,485;333,186	804	1436654610
76,358;489,417;96,438	90,202;335,329;101,61	267	1436654627
355,390;43,45;232,436	362,266;231,46;414,215	308	1436654633
76,358;489,417;96,438	104,124;239,478;56,356	680	1436654639
288,255;228,130;251,399	386,23;152,469;350,455	643	1436654644
120,421;472,311;267,13	477,266;313,294;267,467	437	1436654649
27,166;224,232;336,184	232,435;412,24;388,282	565	1436654658
154,238;467,70;310,310	21,278;479,145;156,121	318	1436654665
21,264;421,164;334,488	426,74;157,126;225,390	298	1436654670
302,153;253,50;22,320	459,487;131,423;29,380	914	1436654689
165,353;21,269;375,230	427,73;395,381;203,67	419	1436654694
451,398;119,210;123,346	30,435;291,390;364,314	340	1436654797
77,378;218,284;101,337	238,232;57,141;138,293	691	1436654803
252,19;102,121;202,293	485,101;431,411;120,158	266	1436654809
47,391;148,373;38,126	24,294;178,258;312,66	409	1436654882
76,358;489,417;96,438	473,78;350,58;148,364	240	1436654888
301,153;223,216;252,303	454,239;188,239;242,376	342	1436654895
436,397;257,297;167,38	203,94;471,37;286,58	651	1436654901
305,20;237,116;138,327	389,412;292,221;374,365	201	1436654906
27,166;224,232;336,184	64,151;246,239;426,312	968	1436654919
23,28;369,459;24,30	308,67;300,94;261,179	413	1436654925
67,215;473,407;217,122	464,311;452,37;149,224	297	1436654931
426,423;260,418;118,450	395,155;378,170;17,36	569	1436654936
99,367;49,169;405,448	379,466;97,268;358,274	353	1436654941
44,216;18,283;221,415	431,182;311,399;152,448	333	1436654947
480,200;18,58;163,93	145,310;203,121;66,489	393	1436654952
50,312;460,337;35,192	50,312;460,337;35,192	154	1436654958
108,418;221,203;58,133	152,440;353,99;164,275	518	1436654963
244,161;188,223;368,245	62,294;125,93;32,246	515	1436654979
50,230;454,95;53,165	39,39;147,408;156,364	546	1436654985
489,201;44,197;228,422	26,40;264,79;203,287	397	1436654990
347,119;193,213;98,56	78,351;55,381;205,266	735	1436654996
297,82;132,72;279,57	73,320;336,231;243,283	540	1436655013
251,481;380,487;314,153	281,409;98,311;423,378	576	1436655019
116,103;110,84;119,313	179,346;15,244;20,332	852	1436655031
83,486;84,230;32,399	281,197;48,409;281,240	536	1436655042
84,88;198,105;252,79	191,468;253,237;232,110	570	1436655047
14,381;248,59;194,65	140,420;199,23;192,479	410	1436655052
253,271;43,388;246,120	307,19;458,88;261,412	433	1436655058
436,397;257,297;167,38	262,481;25,111;379,470	553	1436655067
89,154;125,240;275,406	302,435;293,485;171,170	414	1436655072
35,425;89,233;175,236	199,360;179,12;141,298	437	1436655077
428,425;425,339;146,102	27,401;150,220;396,472	759	1436655083
281,293;134,442;28,68	232,360;125,310;279,86	395	1436655091
237,152;242,200;252,74	205,207;357,71;115,244	545	1436655104
49,237;385,459;391,228	395,34;17,94;279,446	573	1436655110
398,474;21,332;153,380	398,474;21,332;153,380	0	1436655114
215,192;480,472;474,272	87,319;376,288;14,231	585	1436655121
346,138;317,230;462,341	100,208;317,267;483,250	659	1436655126
208,399;371,118;215,40	48,276;251,99;273,432	552	1436655134
348,115;438,274;26,142	429,13;382,483;159,18	604	1436655140
215,173;72,323;147,336	359,456;489,42;310,466	653	1436655145
134,19;328,214;253,384	257,356;112,231;227,350	698	1436655150
436,397;257,297;167,38	432,135;141,296;248,293	624	1436655156
328,478;105,100;94,196	226,482;25,341;159,90	662	1436655162
430,321;167,177;252,84	159,117;398,456;311,130	594	1436655168
153,59;299,332;405,355	311,259;487,28;79,424	580	1436655173
276,452;445,420;162,325	347,398;15,60;481,302	634	1436655181
259,12;379,60;30,391	259,12;379,60;30,391	0	1436655187
43,236;379,412;248,230	411,125;192,91;309,416	733	1436655196
240,160;110,11;375,181	195,152;446,11;259,89	747	1436655202
4E3z7P482