137	L	0.0.0.0	1436653533
86,169;120,216;436,399	144,391;208,137;457,168	1000	1436653622
86,78;211,107;147,483	300,72;222,477;113,110	169	1436653630
42,319;93,132;46,412	429,92;312,197;119,197	945	1436653636
321,361;415,193;224,237	321,361;415,193;224,237	0	1436653641
213,263;455,213;370,59	177,372;447,44;475,193	288	1436653646
280,308;219,21;355,351	311,180;66,426;446,166	969	1436653652
219,444;284,74;293,226	464,468;262,354;113,443	991	1436653697
481,440;192,366;278,309	154,420;343,225;238,361	1000	1436653704
434,46;256,333;263,59	45,264;90,463;367,385	709	1436653710
50,230;454,95;53,165	198,474;437,43;449,131	134	1436653715
379,378;451,158;199,127	366,101;95,153;154,489	323	1436653720
364,292;84,412;177,324	386,485;446,419;400,459	1000	1436653725
482,270;383,160;188,252	220,378;394,127;203,174	201	1436653736
236,458;437,368;320,145	23,458;425,295;304,43	0	1436653742
347,119;193,213;98,56	36,167;114,473;20,407	605	1436653747
288,255;363,115;201,424	384,290;136,414;17,440	1000	1436653753
345,271;35,466;332,304	62,117;405,304;117,132	286	1436653764
412,385;409,111;464,157	276,215;77,102;49,51	607	1436653769
328,478;105,100;94,196	23,311;125,208;346,26	1000	1436653774
282,28;485,294;58,277	181,303;226,54;67,287	554	1436653779
154,238;467,70;310,310	21,278;479,145;156,121	699	1436653785
115,72;67,147;76,253	128,27;398,237;363,246	976	1436653790
49,32;361,67;69,157	62,148;255,128;268,323	573	1436653797
213,400;281,121;409,301	283,232;430,448;403,170	415	1436653802
340,30;42,217;206,132	433,98;479,239;373,159	974	1436653807
39,110;252,187;142,166	203,326;52,480;98,249	1000	1436653813
27,166;224,232;336,184	238,51;297,431;479,228	461	1436653820
428,58;228,125;188,159	140,31;382,302;200,71	913	1436653824
281,293;134,442;28,68	287,302;244,127;475,260	393	1436653829
430,321;167,177;252,84	144,420;194,311;223,357	252	1436653835
364,51;285,186;307,431	167,178;272,140;344,249	587	1436653841
391,41;216,359;395,193	210,445;315,449;206,15	624	1436653846
451,398;119,210;123,346	190,488;251,345;218,259	597	1436653856
14,381;248,59;194,65	271,335;36,87;475,470	641	1436653861
274,463;261,209;434,410	296,419;100,277;245,25	279	1436653867
176,219;377,204;173,426	349,63;108,457;421,212	355	1436653872
121,489;429,239;65,380	146,167;97,388;482,190	577	1436653881
51,59;484,306;144,45	241,114;45,398;281,17	820	1436653886
394,122;428,303;486,266	343,451;368,423;96,382	698	1436653898
14,381;248,59;194,65	209,430;401,399;469,204	832	1436653904
14,381;248,59;194,65	70,352;274,237;420,185	958	1436653909
426,423;260,418;118,450	449,337;55,464;130,406	371	1436653914
44,216;18,283;221,415	363,67;93,87;71,353	402	1436653925
335,49;222,158;461,361	428,477;354,386;94,266	658	1436653929
43,236;379,412;248,230	411,125;192,91;309,416	445	1436653936
83,486;84,230;32,399	484,40;131,211;378,226	688	1436653944
402,117;287,244;402,124	241,89;225,14;192,25	835	1436654024
44,216;18,283;221,415	438,40;152,24;261,194	569	1436654056
405,247;176,348;249,396	208,187;183,258;284,200	650	1436654061
47,391;148,373;38,126	131,433;171,48;216,219	329	1436654100
70,269;193,221;253,338	241,405;13,288;114,399	393	1436654104
115,72;67,147;76,253	363,150;175,370;297,483	615	1436654108
89,154;125,240;275,406	418,235;168,89;348,215	318	1436654119
418,431;120,100;122,418	272,51;154,276;288,11	1000	1436654192
274,438;428,218;434,478	390,76;35,473;314,307	346	1436654196
136,417;143,229;278,310	188,162;375,169;98,361	334	1436654201
157,134;260,433;105,251	341,172;45,346;266,205	776	1436654205
261,284;233,194;270,246	289,179;448,248;81,41	810	1436654223
222,408;164,124;245,176	281,318;253,146;20,273	543	1436654259
76,347;113,369;99,460	472,283;366,228;75,431	633	1436654266
65,301;454,395;167,284	296,71;96,98;170,80	456	1436654270
278,223;14,348;367,271	296,350;383,15;223,156	483	1436654276
479,120;345,43;155,474	383,328;169,408;359,47	133	1436654281
347,119;193,213;98,56	145,264;197,174;415,485	350	1436654324
302,153;253,50;22,320	14,26;39,391;360,370	583	1436654330
63,441;208,274;278,164	216,200;335,399;158,29	347	1436654343
430,321;167,177;252,84	28,285;195,31;394,204	380	1436654348
75,116;182,268;414,353	456,140;38,177;301,423	740	1436654354
320,407;405,126;474,217	488,225;152,243;223,22	469	1436654360
169,489;162,280;360,180	322,453;14,413;369,286	141	1436654365
486,420;466,135;48,26	344,275;342,88;135,357	599	1436654371
395,223;347,321;440,150	124,281;172,289;124,256	742	1436654388
252,19;102,121;202,293	485,101;431,411;120,158	330	1436654401
154,238;467,70;310,310	441,289;128,125;100,276	134	1436654530
118,74;160,342;370,12	264,65;32,209;273,412	39	1436654579
131,485;147,168;29,201	216,467;165,365;390,81	171	1436654589
250,349;385,137;115,479	118,407;119,220;428,326	848	1436654624
418,81;141,116;372,336	488,469;300,36;35,199	707	1436654629
264,426;482,179;18,329	121,88;126,377;375,338	77	1436654664
434,46;256,333;263,59	117,94;365,315;237,13	17	1436654669
374,483;409,302;388,151	360,145;131,305;343,74	267	1436654674
305,408;116,244;28,51	434,138;83,302;268,72	758	1436654679
456,187;250,94;44,448	284,372;56,123;190,36	225	1436654683
259,12;379,60;30,391	259,12;379,60;30,391	0	1436654688
382,422;281,301;153,344	481,403;48,127;273,244	900	1436654692
445,291;343,38;227,26	458,240;188,169;122,173	779	1436654697
451,373;25,40;475,153	134,407;177,69;304,304	71	1436654701
432,302;326,365;176,313	220,181;253,325;104,440	200	1436654705
27,166;224,232;336,184	68,107;341,394;213,107	272	1436654711
17,30;288,209;313,126	136,321;421,423;327,472	78	1436654717
361,351;363,67;427,305	296,62;186,281;168,438	610	1436654722
229,300;342,199;166,104	251,113;50,453;135,125	782	1436654727
149,448;192,326;127,303	79,470;106,336;137,444	162	1436654732
378,237;33,110;77,62	212,228;215,282;336,236	909	1436654737
163,480;445,241;396,243	134,310;123,62;130,88	132	1436654742
149,207;426,247;34,439	446,344;196,57;360,144	864	1436654746
13,484;125,87;389,447	144,104;215,333;427,308	268	1436654751
460,245;158,394;24,467	193,256;186,202;363,314	1000	1436654758
400,258;404,13;28,153	481,404;92,381;169,70	0	1436654762
291,448;280,297;413,324	341,98;74,309;140,241	960	1436654768
163,186;70,134;472,131	355,214;404,473;292,24	968	1436654773
357,120;299,18;342,387	446,85;104,398;380,114	829	1436654778
156,133;327,22;187,112	69,270;189,60;70,348	1000	1436654787
462,290;336,373;18,373	272,334;208,265;88,128	1000	1436654792
328,478;105,100;94,196	56,150;150,125;441,263	351	1436654798
436,397;257,297;167,38	247,252;190,289;71,442	460	1436654803
264,426;482,179;18,329	149,117;367,288;23,246	236	1436654808
328,478;105,100;94,196	219,153;450,392;428,349	754	1436654813
315,349;239,69;118,324	273,296;197,156;270,450	569	1436654819
297,51;196,220;245,320	429,456;388,26;318,49	744	1436654825
356,261;479,71;183,330	357,145;288,23;292,317	398	1436654847
367,14;142,80;418,272	144,273;16,159;149,398	472	1436654853
437,319;434,366;263,222	325,176;286,308;400,52	390	1436654860
50,312;460,337;35,192	50,312;460,337;35,192	93	1436654866
391,41;216,359;395,193	317,302;332,108;251,94	545	1436654871
454,425;184,321;428,216	404,205;257,87;114,358	219	1436654876
215,192;480,472;474,272	179,229;451,249;222,43	707	1436654882
93,375;455,216;362,362	227,382;37,430;166,488	905	1436654887
35,425;89,233;175,236	333,478;197,383;447,120	279	1436654892
248,388;417,384;69,239	106,377;346,423;326,17	760	1436654898
23,28;369,459;24,30	308,67;300,94;261,179	17	1436654909
76,358;489,417;96,438	309,385;380,246;380,489	762	1436654917
347,119;193,213;98,56	36,36;334,213;207,357	584	1436654922
302,153;253,50;22,320	163,419;335,419;181,394	673	1436654927
166,421;181,321;295,80	208,346;490,68;482,394	993	1436654932
196,412;444,339;304,208	179,322;301,110;54,53	27	1436654937
348,317;214,53;123,255	110,484;359,258;226,13	232	1436654942
372,26;122,227;271,268	293,78;48,326;324,271	540	1436654946
398,474;21,332;153,380	398,474;21,332;153,380	3	1436654951
434,261;375,306;396,198	28,364;457,209;472,231	1000	1436654955
389,292;309,338;307,451	435,13;169,335;175,342	1000	1436654960
94,322;203,172;357,266	13,109;316,54;369,352	326	1436654965
348,115;438,274;26,142	276,44;319,188;421,324	913	1436654969
277,263;170,246;177,390	277,410;424,472;225,190	905	1436654975
372,17;80,106;317,46	428,111;409,93;139,364	704	1436654981
14,381;248,59;194,65	320,142;108,266;213,315	934	1436654985
2H4u7N899