136	R	0.0.0.0	1436646050
86,169;120,216;436,399	144,391;208,137;457,168	827	1436646132
86,78;211,107;147,483	300,72;222,477;113,110	341	1436646143
42,319;93,132;46,412	429,92;312,197;119,197	457	1436646151
321,361;415,193;224,237	321,361;415,193;224,237	114	1436646157
213,263;455,213;370,59	177,372;447,44;475,193	362	1436646161
280,308;219,21;355,351	311,180;66,426;446,166	377	1436646166
422,179;272,248;370,272	464,220;261,413;366,345	634	1436646171
41,280;16,149;382,372	267,33;112,235;100,418	396	1436646180
84,97;225,81;377,199	212,199;201,102;478,366	388	1436646186
58,428;333,111;252,234	220,315;117,416;158,387	725	1436646191
462,258;433,279;482,319	181,355;135,378;96,443	579	1436646197
163,62;52,204;431,228	112,22;74,480;217,291	344	1436646203
115,72;67,147;76,253	76,399;192,295;140,354	673	1436646209
95,19;170,215;33,180	418,200;319,324;75,475	662	1436646215
120,412;260,461;326,221	440,100;141,171;322,316	266	1436646220
302,153;253,50;22,320	147,143;230,200;25,296	366	1436646226
50,230;454,95;53,165	64,167;256,319;236,146	639	1436646231
451,398;119,210;123,346	143,68;129,305;62,86	351	1436646237
76,358;489,417;96,438	192,371;74,137;449,325	351	1436646243
94,322;203,172;357,266	111,478;473,477;433,267	309	1436646249
437,176;412,51;372,52	219,32;83,365;147,298	676	1436646254
389,89;204,150;200,290	341,210;116,20;28,439	349	1436646259
23,28;369,459;24,30	383,212;438,362;300,233	964	1436646267
434,46;256,333;263,59	331,12;74,90;147,290	307	1436646271
215,192;480,472;474,272	488,404;123,48;53,440	432	1436646277
263,95;109,479;387,294	235,148;353,340;168,399	597	1436646281
67,215;473,407;217,122	381,312;488,427;488,198	585	1436646288
288,255;363,115;201,424	218,147;238,86;159,281	732	1436646294
207,86;344,115;103,413	148,436;327,24;445,107	293	1436646298
89,154;125,240;275,406	159,130;324,455;152,185	584	1436646303
309,178;298,163;167,362	416,424;175,204;75,131	469	1436646308
76,358;489,417;96,438	349,427;244,120;20,52	459	1436646313
288,255;228,130;251,399	386,23;152,469;350,455	604	1436646317
264,310;469,115;174,230	359,93;483,418;329,425	388	1436646323
163,62;52,204;431,228	18,370;463,22;474,179	403	1436646328
288,255;363,115;201,424	317,159;360,82;324,291	975	1436646333
47,391;148,373;38,126	24,294;178,258;312,66	410	1436646418
446,208;367,447;349,267	280,374;426,470;428,164	449	1436646426
436,397;257,297;167,38	358,298;336,202;181,427	416	1436646431
434,46;256,333;263,59	32,329;478,128;94,134	340	1436646446
426,423;260,418;118,450	354,88;39,168;117,182	592	1436646455
165,353;21,269;375,230	82,297;449,33;314,396	318	1436646469
409,97;164,30;421,26	69,86;191,148;342,362	386	1436646475
208,399;371,118;215,40	48,276;251,99;273,432	367	1436646483
418,339;165,412;331,453	459,15;208,311;428,377	761	1436646488
246,56;352,469;423,189	227,70;403,91;371,326	351	1436646494
347,119;193,213;98,56	108,378;250,39;36,122	335	1436646553
50,230;454,95;53,165	296,214;149,370;98,469	763	1436646558
165,353;21,269;375,230	477,72;287,276;379,381	362	1436646563
119,345;238,432;89,135	195,289;82,70;249,437	727	1436646568
76,347;113,369;99,460	55,165;46,94;362,485	711	1436646576
448,116;148,189;248,384	81,172;41,199;214,297	590	1436646654
163,62;52,204;431,228	281,331;241,489;389,137	674	1436646659
196,412;444,339;304,208	384,41;60,111;326,397	367	1436646722
67,215;473,407;217,122	103,474;381,28;290,366	314	1436646751
437,319;434,366;263,222	58,181;80,388;16,266	391	1436646757
248,388;417,384;69,239	106,377;346,423;326,17	383	1436646762
35,425;89,233;175,236	477,446;300,278;346,173	377	1436646768
366,104;72,458;150,440	377,339;355,20;432,461	441	1436646772
358,306;179,414;263,292	187,234;468,306;382,72	435	1436646777
367,14;142,80;418,272	390,54;200,136;418,454	395	1436646782
437,319;434,366;263,222	280,393;274,405;368,266	961	1436646787
418,212;397,247;228,452	265,375;440,86;250,393	236	1436646792
281,293;134,442;28,68	135,261;374,139;85,207	366	1436646798
89,154;125,240;275,406	451,112;349,148;32,220	581	1436646803
215,192;480,472;474,272	484,161;486,416;79,25	288	1436646808
480,200;18,58;163,93	111,412;27,70;174,228	883	1436646814
136,446;210,186;172,266	403,264;304,105;472,248	717	1436646819
17,46;151,56;365,187	285,208;341,357;321,400	421	1436646824
354,37;84,322;153,399	308,61;78,12;249,384	575	1436646828
259,12;379,60;30,391	259,12;379,60;30,391	218	1436646834
398,113;161,279;464,128	63,150;466,239;337,187	663	1436646838
83,486;84,230;32,399	20,486;65,152;244,140	335	1436646843
43,236;379,412;248,230	294,258;469,379;215,250	633	1436646847
134,19;328,214;253,384	257,356;112,231;227,350	802	1436646852
244,168;340,71;204,156	387,204;72,200;414,255	335	1436646856
430,321;167,177;252,84	276,282;254,431;163,95	341	1436646861
165,353;21,269;375,230	68,99;253,233;73,309	295	1436646866
215,64;319,329;141,217	365,238;110,101;183,462	310	1436646871
76,347;113,369;99,460	103,345;320,32;196,346	740	1436646877
426,423;260,418;118,450	408,353;127,61;485,357	699	1436646882
89,154;125,240;275,406	138,250;35,437;289,18	833	1436646887
328,478;105,100;94,196	93,446;420,42;263,168	340	1436646892
196,412;444,339;304,208	208,28;464,305;73,257	337	1436646897
215,192;480,472;474,272	446,53;272,484;12,283	341	1436646903
306,47;106,440;353,462	192,490;132,31;347,136	318	1436646907
151,295;210,145;368,211	19,111;330,285;368,465	720	1436646912
322,132;427,305;125,89	258,378;351,123;151,253	339	1436646917
47,391;148,373;38,126	461,480;53,384;60,153	444	1436646921
430,321;167,177;252,84	65,283;382,32;179,376	422	1436646926
94,307;461,136;180,138	62,79;175,107;194,372	406	1436646931
83,486;84,230;32,399	265,19;124,421;163,171	819	1436646935
50,312;460,337;35,192	50,312;460,337;35,192	375	1436646940
348,115;438,274;26,142	392,424;92,443;211,269	648	1436646944
94,322;203,172;357,266	424,385;364,404;472,334	891	1436646949
56,486;275,94;235,264	441,359;244,113;247,23	325	1436646956
479,120;345,43;155,474	383,328;169,408;359,47	788	1436646961
376,77;302,284;482,353	271,454;60,350;414,356	309	1436646965
486,420;466,135;48,26	484,303;349,486;198,396	638	1436646969
348,115;438,274;26,142	148,60;277,120;351,470	386	1436646973
44,216;18,283;221,415	33,65;48,449;22,229	901	1436646978
154,238;467,70;310,310	340,139;245,145;422,344	619	1436647063
149,207;426,247;34,439	38,89;214,163;123,436	364	1436647069
342,186;255,417;289,88	28,385;164,313;410,342	362	1436647074
436,397;257,297;167,38	107,70;311,122;359,458	405	1436647079
379,295;374,435;446,346	110,105;206,400;388,200	757	1436647085
430,321;167,177;252,84	43,354;17,253;465,74	684	1436647089
163,62;52,204;431,228	322,454;40,462;299,44	390	1436647095
340,30;42,217;206,132	433,98;479,239;373,159	919	1436647099
392,275;82,167;259,63	266,135;198,301;406,109	643	1436647103
461,30;449,159;411,277	348,263;93,232;179,250	882	1436647107
218,279;290,470;372,91	69,232;354,76;62,471	365	1436647113
76,358;489,417;96,438	77,423;427,239;98,356	643	1436647118
489,201;44,197;228,422	26,40;264,79;203,287	330	1436647123
357,14;271,116;332,160	280,473;351,138;74,398	610	1436647127
395,223;347,321;440,150	124,281;172,289;124,256	931	1436647133
76,347;113,369;99,460	273,104;214,87;122,290	878	1436647139
348,115;438,274;26,142	120,490;423,171;112,339	392	1436647144
228,346;404,478;320,21	76,470;230,161;361,330	390	1436647149
215,192;480,472;474,272	20,442;74,338;67,16	859	1436647154
264,426;482,179;18,329	474,245;25,323;24,446	632	1436647159
208,456;197,291;73,80	21,262;280,348;153,300	892	1436647164
398,474;21,332;153,380	398,474;21,332;153,380	9	1436647170
73,111;125,418;127,101	120,334;61,441;435,69	711	1436647175
215,192;480,472;474,272	270,411;148,110;448,265	565	1436647179
43,236;379,412;248,230	95,359;295,255;39,154	566	1436647184
65,75;197,14;56,189	225,42;145,177;317,326	395	1436647188
149,207;426,247;34,439	310,443;316,285;437,300	654	1436647193
302,153;253,50;22,320	423,391;373,176;117,317	660	1436647198
361,351;363,67;427,305	296,62;186,281;168,438	714	1436647202
21,159;433,409;377,176	155,263;234,448;348,67	619	1436647207
106,254;351,176;31,216	419,483;185,324;74,199	775	1436647211
486,420;466,135;48,26	311,93;28,325;382,465	678	1436647216
163,62;52,204;431,228	220,266;335,228;87,247	701	1436647220
55,458;458,132;432,24	382,441;276,133;36,144	692	1436647226
5C3u6R826