136	R	0.0.0.0	1436646859
86,169;120,216;436,399	144,391;208,137;457,168	1000	1436646947
86,78;211,107;147,483	300,72;222,477;113,110	647	1436646957
42,319;93,132;46,412	429,92;312,197;119,197	955	1436646967
321,361;415,193;224,237	321,361;415,193;224,237	15	1436646976
213,263;455,213;370,59	177,372;447,44;475,193	685	1436647006
280,308;219,21;355,351	311,180;66,426;446,166	839	1436647014
47,391;148,373;38,126	81,208;204,384;279,25	888	1436647020
377,193;395,27;213,453	384,374;246,277;434,386	1000	1436647027
46,386;200,316;17,387	41,298;315,281;162,277	728	1436647033
217,337;415,75;144,293	321,363;26,410;331,336	957	1436647040
462,290;336,373;18,373	272,334;208,265;88,128	1000	1436647047
361,351;363,67;427,305	277,89;341,423;84,390	903	1436647053
264,426;482,179;18,329	55,173;326,187;139,358	866	1436647058
43,236;379,412;248,230	22,107;392,460;391,361	875	1436647065
436,397;257,297;167,38	358,298;336,202;181,427	871	1436647071
101,190;130,38;397,73	321,433;28,298;358,147	677	1436647077
44,216;18,283;221,415	282,47;12,279;246,100	736	1436647081
475,147;145,246;348,155	390,29;146,392;471,459	905	1436647088
348,115;438,274;26,142	26,248;398,121;155,302	719	1436647095
17,46;151,56;365,187	460,210;116,485;106,355	826	1436647102
268,398;482,170;216,312	397,199;487,312;470,115	590	1436647110
472,215;100,255;419,377	22,161;373,378;224,327	830	1436647116
309,341;144,310;36,277	321,162;305,214;464,70	866	1436647121
154,238;467,70;310,310	363,185;423,388;85,216	851	1436647128
426,423;260,418;118,450	223,393;291,283;177,148	877	1436647135
77,378;218,284;101,337	248,310;217,325;107,404	948	1436647142
466,106;19,393;33,149	112,242;146,287;475,378	835	1436647148
336,289;102,247;285,196	316,79;326,481;199,283	725	1436647153
451,398;119,210;123,346	362,130;117,451;404,210	743	1436647163
348,115;438,274;26,142	369,324;22,471;154,25	806	1436647170
415,162;135,449;331,60	183,291;66,456;432,283	659	1436647176
391,41;216,359;395,193	416,280;441,46;108,452	756	1436647183
348,115;438,274;26,142	148,60;277,120;351,470	764	1436647190
101,226;150,446;190,33	13,308;75,352;361,395	758	1436647196
365,374;294,44;213,431	350,330;59,224;357,126	759	1436647203
367,14;142,80;418,272	55,453;158,116;312,279	301	1436647210
367,14;142,80;418,272	483,322;433,475;194,109	714	1436647216
175,156;251,360;400,188	59,366;416,477;72,88	699	1436647223
106,64;466,431;23,193	456,421;191,472;190,220	822	1436647229
89,154;125,240;275,406	116,412;475,159;104,366	745	1436647234
367,14;142,80;418,272	157,460;102,74;394,454	638	1436647240
391,41;216,359;395,193	281,483;58,279;356,134	775	1436647268
44,216;18,283;221,415	392,114;155,307;11,153	850	1436647279
39,116;108,97;247,341	438,262;121,329;301,119	776	1436647286
418,212;397,247;228,452	265,375;440,86;250,393	269	1436647294
149,207;426,247;34,439	310,443;316,285;437,300	698	1436647301
67,215;473,407;217,122	379,152;280,326;83,17	743	1436647307
421,235;123,132;65,237	342,269;166,214;478,98	736	1436647314
457,165;192,326;265,107	472,348;412,161;90,91	631	1436647325
76,347;113,369;99,460	268,45;71,91;72,255	965	1436647331
472,215;100,255;419,377	454,110;79,204;208,279	359	1436647338
467,325;395,451;455,277	438,337;192,213;234,57	899	1436647358
302,153;253,50;22,320	121,129;271,29;345,353	291	1436647363
188,136;193,269;318,447	408,462;69,52;460,446	362	1436647369
43,236;379,412;248,230	227,161;93,409;487,89	586	1436647377
261,284;233,194;270,246	289,179;448,248;81,41	784	1436647397
234,403;315,431;187,103	300,310;361,204;269,336	850	1436647403
14,381;248,59;194,65	364,267;191,448;379,208	613	1436647410
89,154;125,240;275,406	249,388;397,141;267,361	785	1436647415
76,358;489,417;96,438	82,185;144,102;255,415	199	1436647420
307,219;449,393;84,274	209,212;362,294;120,87	677	1436647426
76,347;113,369;99,460	76,401;54,469;159,421	282	1436647431
50,312;460,337;35,192	50,312;460,337;35,192	72	1436647436
14,381;248,59;194,65	176,78;128,334;79,452	349	1436647441
413,85;428,348;467,294	255,339;312,312;283,490	658	1436647446
254,421;291,307;450,150	141,390;406,388;488,412	277	1436647451
339,159;237,88;26,151	93,349;293,392;290,194	276	1436647457
368,392;103,436;140,162	71,347;259,259;376,24	215	1436647462
398,474;21,332;153,380	398,474;21,332;153,380	52	1436647467
106,64;466,431;23,193	130,184;375,147;423,368	229	1436647472
163,62;52,204;431,228	429,121;201,413;387,35	628	1436647477
83,486;84,230;32,399	265,19;124,421;163,171	743	1436647482
53,352;481,386;197,406	97,255;371,287;59,57	620	1436647489
344,39;276,30;391,483	270,439;209,46;166,229	346	1436647505
201,421;50,133;483,266	165,272;319,76;352,346	394	1436647513
428,58;228,125;188,159	174,402;85,465;258,325	325	1436647518
254,421;291,307;450,150	222,225;31,39;422,436	627	1436647523
76,358;489,417;96,438	58,296;415,308;120,364	257	1436647529
399,284;233,305;41,450	210,476;32,167;237,287	418	1436647534
55,14;304,357;283,57	467,295;429,21;134,200	353	1436647539
133,101;295,433;131,252	378,96;282,317;21,404	408	1436647544
43,236;379,412;248,230	253,90;463,220;124,450	373	1436647551
446,65;265,475;471,56	318,48;140,293;180,264	705	1436647558
215,192;480,472;474,272	335,490;29,469;423,56	261	1436647563
302,153;253,50;22,320	312,96;67,311;453,89	363	1436647569
149,207;426,247;34,439	462,336;469,335;356,487	1000	1436647574
437,319;434,366;263,222	20,64;245,316;117,305	658	1436647579
436,397;257,297;167,38	338,107;374,277;449,383	646	1436647584
135,261;296,77;302,265	263,140;274,41;394,463	673	1436647590
22,234;410,399;65,307	258,114;81,46;341,182	617	1436647594
47,391;148,373;38,126	180,87;344,176;185,488	628	1436647599
264,426;482,179;18,329	149,360;481,327;314,207	335	1436647607
157,481;116,104;155,77	86,272;107,216;439,198	360	1436647619
94,322;203,172;357,266	327,483;179,181;451,294	315	1436647628
288,255;363,115;201,424	384,290;136,414;17,440	392	1436647635
430,321;167,177;252,84	425,118;242,360;380,468	292	1436647640
328,478;105,100;94,196	56,150;150,125;441,263	245	1436647649
480,200;18,58;163,93	274,46;209,363;264,234	695	1436647657
248,165;38,456;63,106	42,24;479,66;394,186	347	1436647665
328,478;105,100;94,196	172,177;127,450;218,303	393	1436647670
14,381;248,59;194,65	115,217;84,258;57,472	609	1436647675
14,193;405,407;189,95	159,164;244,308;336,296	701	1436647680
426,423;260,418;118,450	424,126;211,242;434,92	286	1436647686
123,287;102,463;124,184	304,453;158,467;84,337	594	1436647691
217,369;224,465;358,28	234,428;327,246;383,66	627	1436647697
402,117;287,244;402,124	241,89;225,14;192,25	616	1436647708
77,378;218,284;101,337	185,164;120,443;356,289	623	1436647718
47,391;148,373;38,126	24,294;178,258;312,66	338	1436647726
27,166;224,232;336,184	38,478;339,296;371,167	653	1436647734
377,461;330,21;102,90	26,121;392,308;320,38	226	1436647744
98,26;446,333;364,178	243,149;79,437;122,86	640	1436647750
149,207;426,247;34,439	194,385;415,389;28,37	361	1436647755
471,40;408,28;258,76	476,202;244,421;118,445	671	1436647760
480,38;252,384;356,117	334,457;74,299;485,465	642	1436647766
256,408;314,170;433,38	344,54;315,348;147,297	613	1436647772
437,319;434,366;263,222	339,223;246,71;442,181	668	1436647777
161,71;269,131;478,482	136,364;296,85;430,413	739	1436647783
434,42;258,218;447,313	153,160;178,375;46,188	557	1436647797
14,381;248,59;194,65	233,332;461,68;325,487	625	1436647802
460,245;158,394;24,467	193,256;186,202;363,314	668	1436647806
17,46;151,56;365,187	385,420;88,55;100,140	677	1436647813
89,191;219,293;370,291	250,118;438,274;101,261	661	1436647833
391,41;216,359;395,193	325,53;129,93;433,314	308	1436647848
340,30;42,217;206,132	438,48;307,474;419,357	682	1436647855
170,282;19,150;172,192	443,459;144,338;326,91	635	1436647860
348,115;438,274;26,142	121,288;237,434;356,435	738	1436647869
264,426;482,179;18,329	13,454;440,162;42,182	202	1436647875
259,188;370,226;309,311	149,489;39,96;338,275	674	1436647881
77,378;218,284;101,337	48,360;209,335;312,375	311	1436647886
306,47;106,440;353,462	192,490;132,31;347,136	209	1436647892
437,319;434,366;263,222	199,147;118,277;328,54	348	1436647901
259,12;379,60;30,391	259,12;379,60;30,391	9	1436647909
147,359;456,24;487,165	254,211;393,401;118,307	642	1436647915
76,358;489,417;96,438	164,163;249,12;210,280	692	1436647923
271,489;256,415;222,103	427,366;34,347;141,322	393	1436647928
5D3x8M595