137	R	0.0.0.0	1436646654
86,169;120,216;436,399	144,391;208,137;457,168	963	1436646743
86,78;211,107;147,483	300,72;222,477;113,110	217	1436646752
42,319;93,132;46,412	429,92;312,197;119,197	603	1436646761
321,361;415,193;224,237	321,361;415,193;224,237	0	1436646768
213,263;455,213;370,59	177,372;447,44;475,193	450	1436646773
280,308;219,21;355,351	311,180;66,426;446,166	332	1436646778
36,169;217,145;145,393	46,418;331,448;176,92	216	1436646784
391,41;216,359;395,193	178,256;190,464;316,57	242	1436646789
426,423;260,418;118,450	395,155;378,170;17,36	821	1436646796
89,154;125,240;275,406	138,250;35,437;289,18	660	1436646802
367,14;142,80;418,272	335,20;184,106;127,358	707	1436646809
200,326;272,200;19,224	127,55;199,312;398,393	688	1436646813
90,423;62,361;169,336	443,345;272,229;181,265	703	1436646818
19,24;54,122;446,484	329,108;99,182;215,100	1000	1436646823
302,153;253,50;22,320	312,96;67,311;453,89	604	1436646842
464,132;401,378;411,298	275,435;180,413;460,149	967	1436646847
436,397;257,297;167,38	330,278;51,489;377,154	323	1436646852
347,119;193,213;98,56	372,385;331,413;106,131	776	1436646858
106,137;323,65;435,312	46,39;463,80;363,233	725	1436646864
163,62;52,204;431,228	447,122;379,433;164,89	305	1436646869
47,391;148,373;38,126	43,281;15,219;315,212	223	1436646874
242,476;305,254;419,231	346,357;92,14;183,160	834	1436646927
426,423;260,418;118,450	28,194;110,340;284,188	903	1436646941
165,353;21,269;375,230	353,486;174,307;246,11	315	1436646950
437,319;434,366;263,222	106,88;69,114;473,194	752	1436646958
215,192;480,472;474,272	33,211;329,149;316,463	701	1436646963
398,474;21,332;153,380	398,474;21,332;153,380	0	1436646968
135,261;296,77;302,265	263,140;274,41;394,463	997	1436646974
215,216;217,203;132,97	115,257;351,47;173,111	1000	1436646979
480,38;252,384;356,117	334,457;74,299;485,465	170	1436646993
44,216;18,283;221,415	392,114;155,307;11,153	804	1436647024
436,301;49,25;186,84	418,118;213,403;255,55	963	1436647028
11,265;292,192;100,482	449,409;426,389;325,372	976	1436647033
169,456;296,212;52,115	70,385;458,396;287,14	300	1436647038
394,19;269,372;231,245	487,155;328,128;208,459	754	1436647047
385,89;204,309;181,192	367,86;386,415;300,253	583	1436647052
472,215;100,255;419,377	395,450;252,102;71,26	712	1436647057
94,322;203,172;357,266	365,409;158,221;447,80	366	1436647061
76,358;489,417;96,438	104,124;239,478;56,356	683	1436647066
378,164;126,320;12,79	413,444;392,190;58,449	308	1436647073
27,166;224,232;336,184	179,390;175,169;463,456	611	1436647078
20,476;320,470;204,281	26,139;320,109;241,312	105	1436647082
14,381;248,59;194,65	381,263;306,204;268,123	809	1436647124
472,215;100,255;419,377	394,61;291,230;96,221	326	1436647128
437,319;434,366;263,222	279,423;131,321;418,99	750	1436647133
44,179;314,88;380,211	217,96;46,429;288,333	341	1436647137
449,290;296,391;62,458	58,12;460,482;50,142	705	1436647142
307,55;409,378;384,271	173,189;59,85;453,415	249	1436647146
288,255;363,115;201,424	364,366;57,22;193,203	942	1436647150
434,46;256,333;263,59	68,280;215,478;367,347	254	1436647156
274,463;261,209;434,410	296,419;100,277;245,25	330	1436647162
254,421;291,307;450,150	400,187;99,90;188,171	94	1436647167
121,489;429,239;65,380	146,167;97,388;482,190	672	1436647172
237,152;242,200;252,74	200,340;404,309;309,164	846	1436647176
87,328;263,384;438,283	450,89;340,313;139,195	735	1436647180
196,412;444,339;304,208	60,215;244,102;329,370	265	1436647185
272,460;57,373;26,405	228,32;254,60;76,488	839	1436647192
391,41;216,359;395,193	16,202;154,478;226,464	637	1436647199
115,72;67,147;76,253	50,99;91,407;77,85	870	1436647206
76,314;471,20;263,186	395,41;46,381;61,415	850	1436647211
328,478;105,100;94,196	226,482;25,341;159,90	947	1436647215
391,41;216,359;395,193	189,480;206,42;188,183	898	1436647220
374,59;242,356;173,349	459,388;378,413;290,230	733	1436647224
76,49;124,56;58,377	12,45;22,477;378,211	753	1436647228
196,412;444,339;304,208	114,146;47,299;333,219	211	1436647233
50,230;454,95;53,165	198,474;437,43;449,131	118	1436647237
276,452;445,420;162,325	347,398;15,60;481,302	773	1436647243
15,141;480,432;353,450	253,188;17,126;395,131	735	1436647248
191,112;115,70;327,413	199,256;332,329;53,105	773	1436647252
44,216;18,283;221,415	476,244;440,227;278,275	799	1436647257
93,472;400,307;159,178	13,297;379,213;188,378	712	1436647262
172,474;160,197;320,27	137,484;354,199;247,280	697	1436647267
392,275;82,167;259,63	266,135;198,301;406,109	320	1436647271
43,236;379,412;248,230	350,410;49,479;490,240	614	1436647276
281,293;134,442;28,68	135,261;374,139;85,207	353	1436647281
359,81;349,355;285,283	484,344;445,488;331,270	839	1436647286
281,293;134,442;28,68	383,39;417,149;417,484	905	1436647290
154,238;467,70;310,310	351,475;217,366;314,76	174	1436647296
446,108;328,461;337,257	227,445;269,383;347,379	247	1436647302
215,192;480,472;474,272	34,408;473,25;72,14	836	1436647306
94,322;203,172;357,266	111,478;473,477;433,267	860	1436647311
35,425;89,233;175,236	72,245;460,130;328,230	758	1436647315
464,104;203,129;99,433	489,32;412,294;375,484	1000	1436647319
410,21;23,131;384,198	213,429;250,188;368,488	183	1436647323
414,279;234,378;327,128	420,481;171,363;286,93	222	1436647328
486,420;466,135;48,26	362,353;269,84;202,249	873	1436647333
340,30;42,217;206,132	356,240;396,297;349,336	1000	1436647337
73,428;373,473;471,190	238,256;399,87;388,75	1000	1436647341
430,321;167,177;252,84	460,453;28,249;484,176	820	1436647347
44,216;18,283;221,415	168,269;218,280;160,455	236	1436647352
25,405;103,152;313,202	113,367;326,294;187,445	723	1436647357
412,385;409,111;464,157	276,215;77,102;49,51	844	1436647361
53,120;250,58;258,141	78,200;389,38;129,336	865	1436647365
455,234;30,353;118,353	130,166;454,227;174,49	908	1436647370
367,14;142,80;418,272	432,332;86,278;351,146	237	1436647374
89,154;125,240;275,406	94,208;237,460;136,227	721	1436647379
154,238;467,70;310,310	463,347;145,424;38,135	706	1436647383
67,215;473,407;217,122	15,395;157,371;305,487	762	1436647388
262,392;437,481;20,90	311,340;228,409;355,391	965	1436647392
410,95;285,18;449,447	465,353;263,310;406,382	876	1436647398
173,283;236,207;210,236	439,379;428,442;470,378	1000	1436647403
215,192;480,472;474,272	384,62;246,336;212,76	140	1436647409
355,328;11,267;416,106	224,356;478,467;280,332	834	1436647413
163,476;142,94;236,467	472,424;57,73;190,208	998	1436647418
35,425;89,233;175,236	199,360;179,12;141,298	811	1436647422
347,119;193,213;98,56	421,57;133,149;340,460	260	1436647427
165,353;21,269;375,230	25,71;390,12;353,361	799	1436647431
414,489;468,222;467,385	249,131;232,155;40,466	1000	1436647436
43,236;379,412;248,230	253,90;463,220;124,450	861	1436647440
50,312;460,337;35,192	50,312;460,337;35,192	0	1436647445
67,215;473,407;217,122	138,37;116,210;363,66	756	1436647451
261,241;149,381;371,99	27,349;46,482;365,55	1000	1436647455
169,174;201,74;213,342	448,154;300,272;415,474	865	1436647460
423,315;45,250;19,53	199,488;39,87;424,187	880	1436647464
434,46;256,333;263,59	262,480;400,425;242,140	410	1436647468
78,316;216,177;304,112	309,364;215,358;438,177	1000	1436647473
196,412;444,339;304,208	104,202;134,48;346,172	158	1436647478
236,458;437,368;320,145	23,458;425,295;304,43	721	1436647482
27,166;224,232;336,184	232,435;412,24;388,282	384	1436647488
146,184;338,246;322,384	217,283;347,471;431,112	243	1436647493
259,12;379,60;30,391	259,12;379,60;30,391	0	1436647498
266,417;349,433;185,171	432,217;45,58;303,467	684	1436647502
458,57;56,330;118,107	484,424;164,277;341,47	768	1436647507
487,415;417,440;94,396	436,26;171,412;30,481	1000	1436647512
486,420;466,135;48,26	128,255;71,67;252,417	1000	1436647516
375,235;259,479;295,96	310,46;43,28;190,460	803	1436647524
281,293;134,442;28,68	45,315;211,377;356,247	783	1436647536
348,115;438,274;26,142	110,206;186,379;144,373	972	1436647547
367,14;142,80;418,272	276,63;21,92;419,365	670	1436647551
67,215;473,407;217,122	103,474;381,28;290,366	718	1436647557
215,192;480,472;474,272	220,379;309,86;253,193	1000	1436647561
291,115;371,443;379,409	326,309;66,394;76,366	417	1436647569
167,341;294,371;343,173	109,447;482,471;392,361	238	1436647574
347,119;193,213;98,56	47,340;77,390;236,302	736	1436647578
142,464;402,211;168,411	450,334;273,76;102,33	846	1436647583
14,381;248,59;194,65	115,217;84,258;57,472	737	1436647588
4D7x5N108