136	L	0.0.0.0	1436653559
86,169;120,216;436,399	144,391;208,137;457,168	679	1436653650
86,78;211,107;147,483	300,72;222,477;113,110	352	1436653657
42,319;93,132;46,412	429,92;312,197;119,197	277	1436653663
321,361;415,193;224,237	321,361;415,193;224,237	0	1436653669
213,263;455,213;370,59	177,372;447,44;475,193	276	1436653674
280,308;219,21;355,351	311,180;66,426;446,166	169	1436653683
451,398;119,210;123,346	270,459;134,441;342,280	578	1436653690
94,415;388,79;51,222	289,40;288,357;42,46	439	1436653696
328,478;105,100;94,196	195,291;177,323;439,28	897	1436653703
349,180;55,212;387,436	167,454;16,239;470,109	455	1436653713
27,166;224,232;336,184	187,201;153,448;195,155	1000	1436653718
152,232;337,385;356,369	103,149;66,68;42,33	1000	1436653723
196,412;444,339;304,208	423,185;270,315;161,188	0	1436653728
241,337;436,295;488,464	485,146;449,144;112,193	1000	1436653733
241,450;67,212;96,236	430,406;304,388;105,309	1000	1436653738
434,46;256,333;263,59	195,481;116,249;287,17	394	1436653743
426,423;260,418;118,450	354,88;39,168;117,182	430	1436653750
398,474;21,332;153,380	398,474;21,332;153,380	0	1436653782
163,62;52,204;431,228	403,353;467,425;343,485	163	1436653790
153,463;432,51;459,380	463,139;448,72;208,206	287	1436653797
14,381;248,59;194,65	456,211;393,239;148,390	791	1436653803
158,94;67,483;202,353	112,219;478,92;185,127	669	1436653809
158,71;477,84;21,80	69,317;14,310;484,183	397	1436653814
315,264;142,472;399,101	164,429;384,339;372,362	405	1436653819
55,76;362,79;238,213	153,295;92,202;475,318	389	1436653826
436,397;257,297;167,38	152,19;105,470;26,276	0	1436653835
238,224;430,459;354,20	222,61;94,426;439,408	289	1436653841
215,192;480,472;474,272	405,106;471,457;140,405	304	1436653847
357,14;271,116;332,160	280,473;351,138;74,398	0	1436653853
302,153;253,50;22,320	30,70;483,280;317,372	1000	1436653873
82,394;410,339;182,156	487,138;260,446;116,137	1000	1436653880
204,489;143,109;260,195	327,433;110,426;43,282	418	1436653887
434,46;256,333;263,59	277,145;466,104;296,424	57	1436653895
348,392;211,473;351,51	134,327;221,114;241,340	754	1436653903
410,294;414,147;241,23	226,74;436,118;266,28	611	1436653908
391,41;216,359;395,193	317,302;332,108;251,94	781	1436653917
430,321;167,177;252,84	25,160;345,246;25,360	735	1436653923
430,321;167,177;252,84	157,280;261,174;50,217	631	1436653931
264,426;482,179;18,329	264,185;451,180;323,384	704	1436653948
177,33;67,451;184,217	13,309;375,235;429,210	604	1436653954
232,450;479,56;58,230	477,184;305,142;463,309	667	1436653962
17,46;151,56;365,187	227,326;352,223;171,87	632	1436653996
351,245;464,25;157,411	296,369;453,284;419,429	855	1436654002
426,423;260,418;118,450	195,257;103,93;179,197	816	1436654018
391,41;216,359;395,193	490,398;304,118;414,354	721	1436654029
237,152;242,200;252,74	168,100;153,216;65,190	720	1436654034
47,391;148,373;38,126	168,96;60,246;398,283	816	1436654040
35,425;89,233;175,236	384,74;193,49;345,268	770	1436654045
436,397;257,297;167,38	63,200;473,327;269,349	697	1436654054
44,216;18,283;221,415	346,426;231,305;232,432	668	1436654061
83,486;84,230;32,399	338,133;351,304;67,159	1000	1436654068
237,152;242,200;252,74	344,463;344,100;43,296	1000	1436654073
50,230;454,95;53,165	22,78;145,45;414,486	406	1436654081
309,341;144,310;36,277	268,87;231,304;298,401	996	1436654089
43,236;379,412;248,230	146,134;221,450;316,258	236	1436654094
66,452;384,88;181,479	330,35;344,380;389,74	466	1436654103
385,432;457,78;305,178	158,93;186,300;395,39	320	1436654108
250,349;385,137;115,479	118,407;119,220;428,326	347	1436654114
165,353;21,269;375,230	435,283;381,287;352,256	998	1436654119
157,447;334,279;341,447	387,57;72,34;12,408	461	1436654127
254,421;291,307;450,150	96,120;101,314;286,285	1000	1436654135
304,434;392,286;255,168	479,112;134,192;84,326	992	1436654141
196,412;444,339;304,208	428,370;340,270;142,168	912	1436654146
83,486;84,230;32,399	140,436;402,71;233,342	907	1436654155
336,164;338,255;166,164	190,35;59,294;396,294	524	1436654470
472,215;100,255;419,377	22,161;373,378;224,327	430	1436654476
393,141;234,36;161,63	470,97;94,277;242,175	684	1436654482
50,230;454,95;53,165	477,61;271,223;123,206	454	1436654487
115,72;67,147;76,253	15,393;87,394;237,116	439	1436654492
196,412;444,339;304,208	170,368;490,45;59,12	437	1436654497
295,183;487,411;182,258	193,284;165,278;189,126	460	1436654503
47,391;148,373;38,126	352,293;409,91;364,371	918	1436654507
44,216;18,283;221,415	266,367;337,405;306,62	766	1436654512
443,321;153,388;404,266	96,449;130,163;60,168	641	1436654525
264,426;482,179;18,329	13,454;440,162;42,182	639	1436654533
325,147;483,209;178,231	252,56;286,395;400,316	809	1436654538
227,312;425,15;356,99	143,243;249,252;190,157	660	1436654545
215,192;480,472;474,272	402,188;311,380;51,83	733	1436654550
309,341;144,310;36,277	233,195;252,213;368,373	935	1436654556
480,200;18,58;163,93	111,412;27,70;174,228	918	1436654561
253,392;213,333;459,469	378,413;144,317;367,460	310	1436654568
95,325;79,140;96,285	450,56;364,412;394,374	936	1436654573
434,46;256,333;263,59	201,144;389,113;203,128	991	1436654578
471,40;408,28;258,76	476,202;244,421;118,445	848	1436654583
94,322;203,172;357,266	102,484;319,464;434,190	887	1436654588
94,322;203,172;357,266	432,177;142,406;134,51	836	1436654594
76,347;113,369;99,460	248,42;40,352;192,482	754	1436654599
436,397;257,297;167,38	27,11;273,107;128,143	768	1436654613
143,63;143,157;230,292	97,108;448,413;79,414	712	1436654645
342,268;484,140;467,174	448,115;327,426;416,144	789	1436654650
345,173;33,132;159,283	395,356;201,141;317,29	686	1436654666
433,332;210,192;446,14	271,215;106,381;344,340	325	1436654673
328,478;105,100;94,196	80,427;321,274;162,486	839	1436654678
284,63;406,327;288,260	428,246;323,288;181,462	818	1436654683
288,255;363,115;201,424	384,290;136,414;17,440	801	1436654688
446,23;121,226;429,38	140,113;222,321;223,324	902	1436654693
332,172;130,329;190,199	291,358;359,65;84,489	898	1436654698
85,408;294,292;318,435	147,475;36,444;85,353	390	1436654703
91,170;14,221;231,152	230,85;248,69;101,91	1000	1436654707
430,321;167,177;252,84	168,409;241,184;248,99	1000	1436654712
437,319;434,366;263,222	463,141;46,280;440,199	1000	1436654717
391,41;216,359;395,193	416,280;441,46;108,452	1000	1436654722
89,154;125,240;275,406	359,481;294,306;285,34	1000	1436654727
200,93;21,334;329,359	467,379;192,465;469,371	1000	1436654732
455,167;384,95;111,429	322,184;20,266;371,38	998	1436654737
347,119;193,213;98,56	36,167;114,473;20,407	1000	1436654742
430,321;167,177;252,84	343,208;195,386;308,101	1000	1436654746
209,487;360,42;61,305	104,372;93,347;180,270	1000	1436654751
77,378;218,284;101,337	335,137;172,104;289,285	1000	1436654755
348,115;438,274;26,142	148,60;277,120;351,470	995	1436654760
115,72;67,147;76,253	489,291;481,239;465,239	1000	1436654764
337,274;246,466;448,485	406,454;347,218;92,304	1000	1436654769
72,54;338,355;38,138	149,88;330,153;426,207	994	1436654774
348,115;438,274;26,142	13,279;241,153;168,172	1000	1436654779
217,337;415,75;144,293	321,363;26,410;331,336	995	1436654788
429,66;147,290;434,56	267,299;264,61;102,278	1000	1436654792
79,331;36,48;173,216	301,93;164,406;273,195	998	1436654797
76,358;489,417;96,438	199,120;467,107;428,16	1000	1436654802
306,47;106,440;353,462	192,490;132,31;347,136	1000	1436654807
430,321;167,177;252,84	29,170;11,345;247,32	994	1436654812
322,71;409,323;67,452	439,414;39,315;331,423	1000	1436654816
214,58;329,67;163,421	376,41;382,90;35,413	995	1436654821
76,347;113,369;99,460	103,345;320,32;196,346	1000	1436654826
50,312;460,337;35,192	50,312;460,337;35,192	19	1436654831
44,216;18,283;221,415	154,487;81,77;468,315	1000	1436654836
77,378;218,284;101,337	238,162;154,330;398,429	992	1436654840
144,396;282,321;391,81	282,413;74,380;331,315	939	1436654845
236,34;374,64;36,389	283,314;102,401;291,79	841	1436654850
483,251;389,374;334,233	324,473;33,443;102,193	826	1436654854
209,299;277,32;180,145	75,60;145,29;422,318	874	1436654859
327,417;356,454;374,349	82,106;100,302;151,424	824	1436654864
259,12;379,60;30,391	259,12;379,60;30,391	865	1436654868
111,29;269,311;167,257	234,320;135,162;253,322	848	1436654873
81,305;170,352;100,55	279,412;124,429;468,158	841	1436654877
43,236;379,412;248,230	255,447;252,197;285,190	863	1436654882
5E6x7L632