137	R	0.0.0.0	1436646146
86,169;120,216;436,399	144,391;208,137;457,168	915	1436646230
86,78;211,107;147,483	300,72;222,477;113,110	80	1436646239
42,319;93,132;46,412	429,92;312,197;119,197	923	1436646243
321,361;415,193;224,237	321,361;415,193;224,237	0	1436646249
213,263;455,213;370,59	177,372;447,44;475,193	315	1436646257
280,308;219,21;355,351	311,180;66,426;446,166	97	1436646262
136,417;143,229;278,310	188,162;375,169;98,361	409	1436646272
154,238;467,70;310,310	164,230;396,390;146,112	553	1436646280
337,448;107,426;240,98	27,34;43,401;378,338	166	1436646285
142,40;149,179;130,180	280,260;35,376;480,146	888	1436646290
464,170;464,383;201,17	140,188;64,63;453,345	436	1436646296
223,354;275,323;373,156	285,352;239,355;22,32	362	1436646300
149,207;426,247;34,439	63,31;114,112;72,334	681	1436646305
254,421;291,307;450,150	426,276;161,251;326,173	374	1436646324
264,426;482,179;18,329	113,183;216,375;109,402	314	1436646329
442,72;382,370;455,357	95,391;382,202;82,152	383	1436646338
273,91;379,471;397,464	340,451;447,445;51,204	434	1436646345
277,65;218,404;376,340	279,410;26,475;432,490	407	1436646351
367,14;142,80;418,272	450,439;247,486;318,143	169	1436646357
84,88;198,105;252,79	191,468;253,237;232,110	425	1436646432
434,46;256,333;263,59	488,434;197,377;182,220	190	1436646458
76,347;113,369;99,460	248,42;40,352;192,482	376	1436646465
43,236;379,412;248,230	258,62;294,58;282,379	625	1436646472
76,347;113,369;99,460	62,42;81,20;367,144	595	1436646476
267,393;373,27;477,407	26,269;146,49;211,432	362	1436646481
348,115;438,274;26,142	480,457;437,123;195,130	294	1436646488
340,30;42,217;206,132	28,487;477,292;462,308	469	1436646494
426,423;260,418;118,450	230,206;371,193;205,20	630	1436646499
72,54;338,355;38,138	149,88;330,153;426,207	719	1436646504
196,412;444,339;304,208	114,146;47,299;333,219	180	1436646511
428,449;56,262;217,474	158,479;263,219;299,315	417	1436646516
347,119;193,213;98,56	145,264;197,174;415,485	386	1436646520
436,397;257,297;167,38	260,455;234,220;213,446	777	1436646525
381,82;274,376;422,221	95,414;393,291;466,155	385	1436646530
220,320;197,212;287,275	21,253;220,58;401,264	320	1436646534
35,425;89,233;175,236	459,140;35,391;283,175	607	1436646539
302,153;253,50;22,320	151,443;11,371;396,68	362	1436646544
437,319;434,366;263,222	106,88;69,114;473,194	373	1436646549
23,28;369,459;24,30	479,97;465,95;79,92	161	1436646555
77,378;218,284;101,337	257,90;460,111;339,74	384	1436646560
120,474;143,446;38,203	411,69;124,298;244,424	375	1436646564
47,391;148,373;38,126	142,172;312,26;359,426	197	1436646569
89,154;125,240;275,406	190,42;244,176;441,479	374	1436646574
103,415;388,475;88,354	288,109;416,132;460,198	447	1436646579
43,236;379,412;248,230	350,410;49,479;490,240	280	1436646584
428,58;228,125;188,159	286,83;471,280;40,395	797	1436646590
196,412;444,339;304,208	201,318;163,70;474,282	122	1436646594
306,231;412,156;490,64	197,235;195,81;20,78	794	1436646599
460,245;158,394;24,467	193,256;186,202;363,314	904	1436646604
163,62;52,204;431,228	361,458;88,313;233,47	358	1436646608
222,408;164,124;245,176	281,318;253,146;20,273	415	1436646612
215,192;480,472;474,272	384,62;246,336;212,76	140	1436646617
340,30;42,217;206,132	146,161;448,295;338,85	791	1436646621
272,228;180,71;245,474	294,250;367,390;292,92	337	1436646626
437,319;434,366;263,222	352,295;346,255;157,407	178	1436646631
255,47;434,70;485,479	247,439;58,199;397,61	393	1436646636
331,363;167,84;478,185	290,437;88,191;427,114	278	1436646640
328,478;105,100;94,196	172,177;127,450;218,303	405	1436646649
236,34;374,64;36,389	283,314;102,401;291,79	640	1436646658
133,162;128,431;130,236	31,446;302,28;93,412	826	1436646662
393,113;214,80;96,118	466,29;28,90;32,117	777	1436646667
160,412;391,17;363,256	450,208;191,216;431,52	727	1436646672
50,312;460,337;35,192	50,312;460,337;35,192	170	1436646676
360,65;163,274;48,300	440,402;456,38;402,286	356	1436646681
215,192;480,472;474,272	70,435;167,359;65,336	576	1436646686
457,165;192,326;265,107	472,348;412,161;90,91	393	1436646690
250,434;394,168;173,377	30,105;319,360;355,307	280	1436646695
94,73;238,249;482,62	59,295;132,344;353,138	380	1436646700
480,200;18,58;163,93	19,172;275,173;245,143	748	1436646705
27,166;224,232;336,184	103,108;93,436;143,25	679	1436646714
402,31;67,441;155,458	330,435;183,148;363,206	760	1436646721
309,341;144,310;36,277	90,422;220,481;439,146	870	1436646727
43,370;94,390;461,448	370,198;312,235;389,158	827	1436646732
196,412;444,339;304,208	139,79;275,251;113,397	325	1436646736
115,72;67,147;76,253	38,396;93,270;303,33	697	1436646741
244,161;188,223;368,245	62,294;125,93;32,246	401	1436646745
134,15;380,375;383,339	294,88;143,454;265,180	252	1436646750
397,213;185,403;329,102	473,341;420,477;451,190	598	1436646756
149,207;426,247;34,439	487,320;180,105;346,471	235	1436646761
193,479;168,135;358,222	88,363;399,336;189,383	658	1436646765
59,402;160,133;234,302	378,396;446,222;482,369	106	1436646770
215,192;480,472;474,272	406,115;234,98;415,404	274	1436646775
264,426;482,179;18,329	121,88;126,377;375,338	272	1436646780
83,486;84,230;32,399	243,416;388,300;221,291	649	1436646845
76,358;489,417;96,438	137,121;292,471;432,252	629	1436646852
472,215;100,255;419,377	150,19;20,379;220,438	271	1436646857
115,72;67,147;76,253	313,42;395,107;187,189	327	1436646862
405,436;101,292;58,122	118,176;199,142;413,211	348	1436646868
348,115;438,274;26,142	145,470;26,372;420,236	369	1436646872
382,422;281,301;153,344	481,403;48,127;273,244	818	1436646879
346,138;317,230;462,341	100,208;317,267;483,250	701	1436646883
215,192;480,472;474,272	414,234;223,431;78,190	241	1436646897
350,301;16,456;55,33	255,444;161,28;261,436	925	1436646902
451,398;119,210;123,346	411,400;184,478;202,282	619	1436646906
128,110;149,298;419,51	162,442;182,93;81,334	685	1436646911
449,258;17,126;408,307	97,53;147,25;468,335	187	1436646916
106,64;466,431;23,193	464,350;118,300;225,399	346	1436646920
472,215;100,255;419,377	135,188;490,359;384,52	281	1436646926
348,115;438,274;26,142	365,424;425,49;304,424	757	1436646930
264,426;482,179;18,329	353,353;15,483;460,26	299	1436646935
78,316;216,177;304,112	309,364;215,358;438,177	777	1436646941
434,46;256,333;263,59	306,487;124,463;57,109	181	1436646946
215,192;480,472;474,272	189,58;316,484;21,485	355	1436646953
325,127;61,12;38,369	392,217;302,129;333,407	324	1436646958
471,40;408,28;258,76	476,202;244,421;118,445	308	1436646963
347,119;193,213;98,56	47,340;77,390;236,302	372	1436646967
44,216;18,283;221,415	342,417;74,421;90,266	402	1436646972
451,398;119,210;123,346	451,86;463,384;148,195	639	1436646978
17,46;151,56;365,187	384,395;52,357;209,389	598	1436647033
217,369;224,465;358,28	234,428;327,246;383,66	375	1436647038
50,230;454,95;53,165	83,309;377,287;170,47	768	1436647043
259,12;379,60;30,391	259,12;379,60;30,391	0	1436647048
451,245;138,447;483,356	248,75;226,409;152,411	374	1436647052
154,238;467,70;310,310	21,278;479,145;156,121	381	1436647057
209,487;360,42;61,305	104,372;93,347;180,270	690	1436647061
320,407;405,126;474,217	488,225;152,243;223,22	328	1436647138
434,46;256,333;263,59	68,280;215,478;367,347	298	1436647143
273,108;55,449;177,344	116,456;113,31;218,109	756	1436647148
449,290;296,391;62,458	58,12;460,482;50,142	719	1436647152
402,169;85,444;140,467	232,213;47,20;172,327	291	1436647160
434,46;256,333;263,59	447,300;225,129;103,99	757	1436647165
209,299;277,32;180,145	75,60;145,29;422,318	773	1436647170
436,397;257,297;167,38	437,269;270,410;288,485	908	1436647200
391,41;216,359;395,193	276,22;134,384;292,152	328	1436647220
199,81;71,33;391,363	66,405;400,460;443,346	645	1436647224
50,230;454,95;53,165	383,361;348,154;436,443	753	1436647229
484,140;283,393;112,280	225,139;340,239;245,280	219	1436647234
398,474;21,332;153,380	398,474;21,332;153,380	0	1436647239
467,195;355,150;391,413	470,189;147,249;314,160	395	1436647243
152,232;337,385;356,369	103,149;66,68;42,33	623	1436647249
466,106;19,393;33,149	112,242;146,287;475,378	881	1436647254
77,378;218,284;101,337	215,241;326,234;38,256	704	1436647268
451,398;119,210;123,346	256,183;382,183;160,319	406	1436647275
102,441;228,451;13,443	360,429;341,341;281,440	789	1436647280
281,293;134,442;28,68	127,43;220,323;459,25	217	1436647285
50,230;454,95;53,165	266,395;327,45;421,460	380	1436647292
4C4y9L846