137	L	0.0.0.0	1436646756
86,169;120,216;436,399	144,391;208,137;457,168	156	1436646890
86,78;211,107;147,483	300,72;222,477;113,110	211	1436646898
42,319;93,132;46,412	429,92;312,197;119,197	840	1436646908
321,361;415,193;224,237	321,361;415,193;224,237	492	1436646924
213,263;455,213;370,59	177,372;447,44;475,193	0	1436646933
280,308;219,21;355,351	311,180;66,426;446,166	942	1436646941
149,207;426,247;34,439	485,409;304,208;147,195	154	1436646949
204,39;272,205;439,280	282,203;476,453;104,54	995	1436646957
209,368;29,214;489,123	80,289;335,374;197,430	379	1436646970
391,41;216,359;395,193	413,241;490,469;84,37	918	1436646979
328,478;105,100;94,196	428,367;211,50;333,350	995	1436646984
309,341;144,310;36,277	92,419;277,129;315,93	995	1436646989
99,276;44,352;63,461	124,230;180,247;47,449	727	1436646997
83,486;84,230;32,399	140,436;402,71;233,342	995	1436647002
190,12;205,373;332,87	483,329;11,134;481,386	720	1436647009
350,301;16,456;55,33	255,444;161,28;261,436	57	1436647014
340,30;42,217;206,132	433,98;479,239;373,159	769	1436647020
152,114;170,63;338,52	74,54;143,339;50,467	890	1436647026
105,141;402,394;353,201	270,460;12,459;476,110	158	1436647031
102,441;228,451;13,443	360,429;341,341;281,440	540	1436647038
154,238;467,70;310,310	38,109;69,304;222,32	626	1436647043
327,385;313,480;350,440	102,338;178,411;167,375	341	1436647049
264,426;482,179;18,329	381,287;98,465;197,81	79	1436647055
394,468;235,307;343,48	209,471;173,400;112,286	659	1436647059
76,347;113,369;99,460	134,438;180,115;144,283	995	1436647069
486,315;321,423;129,435	230,92;273,114;63,215	638	1436647082
254,421;291,307;450,150	170,271;298,309;75,113	642	1436647087
328,478;105,100;94,196	325,411;121,52;246,217	718	1436647091
117,133;483,158;488,243	373,435;442,323;407,231	311	1436647097
451,398;119,210;123,346	429,213;257,228;13,413	319	1436647103
165,353;21,269;375,230	252,388;271,50;333,490	635	1436647108
264,426;482,179;18,329	181,55;406,188;57,372	252	1436647114
354,100;139,176;44,88	166,187;220,339;173,148	846	1436647119
165,353;21,269;375,230	427,73;395,381;203,67	692	1436647126
347,119;193,213;98,56	436,290;127,227;312,164	393	1436647131
426,423;260,418;118,450	449,337;55,464;130,406	955	1436647137
76,347;113,369;99,460	273,104;214,87;122,290	816	1436647142
25,366;463,113;459,357	216,130;125,370;129,303	713	1436647147
32,236;276,402;350,90	459,333;160,23;41,350	0	1436647152
140,445;339,480;74,382	365,29;67,252;128,347	686	1436647157
17,30;288,209;313,126	136,321;421,423;327,472	231	1436647161
250,349;385,137;115,479	118,407;119,220;428,326	104	1436647172
79,326;84,395;332,233	109,311;474,168;463,113	938	1436647176
148,196;103,91;115,470	388,45;272,68;17,87	911	1436647182
94,322;203,172;357,266	464,88;411,455;303,61	366	1436647188
328,478;105,100;94,196	339,97;22,18;422,112	908	1436647192
395,223;347,321;440,150	124,281;172,289;124,256	995	1436647198
141,43;184,327;109,322	110,184;24,47;368,482	995	1436647202
165,353;21,269;375,230	313,399;158,380;326,104	641	1436647211
374,270;310,141;204,214	243,243;289,349;420,113	326	1436647221
328,313;30,477;434,463	313,304;247,343;94,474	632	1436647226
30,91;139,376;373,470	394,477;186,259;16,449	48	1436647230
340,30;42,217;206,132	412,387;229,412;455,122	698	1436647234
289,484;416,456;380,350	467,323;62,234;348,192	699	1436647238
128,132;337,389;332,33	317,130;344,475;80,287	168	1436647242
361,351;363,67;427,305	402,250;181,262;352,207	995	1436647247
302,153;253,50;22,320	48,418;440,107;42,423	665	1436647251
17,46;151,56;365,187	206,56;382,367;443,376	779	1436647255
228,339;349,374;222,436	172,281;177,257;128,250	358	1436647261
114,26;479,109;395,243	65,380;47,244;460,373	104	1436647265
391,41;216,359;395,193	373,452;242,84;321,271	790	1436647269
436,397;257,297;167,38	317,370;182,278;338,113	186	1436647274
288,255;363,115;201,424	116,453;397,30;456,414	995	1436647283
154,238;467,70;310,310	77,49;317,26;422,471	837	1436647287
437,319;434,366;263,222	368,490;130,91;156,11	887	1436647292
394,19;269,372;231,245	487,155;328,128;208,459	318	1436647297
163,62;52,204;431,228	13,327;424,174;60,92	190	1436647301
320,97;288,294;469,456	209,123;355,46;263,475	258	1436647307
47,391;148,373;38,126	168,96;60,246;398,283	204	1436647312
314,360;93,165;463,482	280,233;66,11;328,317	995	1436647316
398,474;21,332;153,380	398,474;21,332;153,380	995	1436647322
146,184;338,246;322,384	217,283;347,471;431,112	111	1436647327
342,186;255,417;289,88	28,385;164,313;410,342	989	1436647331
145,40;448,381;312,31	402,84;89,451;307,229	995	1436647335
17,46;151,56;365,187	436,362;286,239;314,377	986	1436647341
479,460;140,415;277,378	206,162;393,462;15,73	982	1436647345
196,412;444,339;304,208	237,314;168,165;482,450	606	1436647351
259,12;379,60;30,391	259,12;379,60;30,391	204	1436647355
83,486;84,230;32,399	338,133;351,304;67,159	237	1436647359
83,486;84,230;32,399	343,334;272,300;326,248	43	1436647366
160,481;240,242;229,445	105,441;271,109;56,434	995	1436647370
453,108;203,62;223,163	467,49;272,104;205,404	158	1436647375
434,46;256,333;263,59	432,196;183,220;408,450	99	1436647379
299,87;198,274;274,328	414,261;391,172;183,337	865	1436647383
33,340;232,347;403,490	172,190;104,422;252,357	132	1436647388
451,398;119,210;123,346	233,281;156,313;198,222	212	1436647393
214,408;96,75;97,390	20,34;480,83;321,21	968	1436647397
44,216;18,283;221,415	392,35;399,227;435,238	234	1436647402
264,426;482,179;18,329	121,88;126,377;375,338	190	1436647406
430,321;167,177;252,84	25,160;345,246;25,360	0	1436647410
436,397;257,297;167,38	152,19;105,470;26,276	995	1436647414
437,319;434,366;263,222	286,432;267,339;136,110	982	1436647419
349,151;208,317;95,172	413,109;303,355;207,84	41	1436647423
76,358;489,417;96,438	12,484;455,250;349,195	969	1436647428
44,216;18,283;221,415	11,105;338,414;32,31	938	1436647432
451,398;119,210;123,346	190,488;251,345;218,259	962	1436647437
341,109;458,76;80,283	399,349;488,121;468,173	995	1436647441
27,166;224,232;336,184	238,51;297,431;479,228	166	1436647445
300,232;230,83;30,223	60,209;170,421;211,15	188	1436647450
53,87;271,443;320,346	410,38;170,183;447,119	777	1436647455
73,428;373,473;471,190	238,256;399,87;388,75	983	1436647460
351,157;47,103;256,88	315,436;452,290;419,203	797	1436647465
50,312;460,337;35,192	50,312;460,337;35,192	228	1436647470
426,309;167,290;292,151	146,440;361,444;26,436	995	1436647476
451,398;119,210;123,346	143,68;129,305;62,86	207	1436647483
61,390;178,474;395,193	254,17;426,387;138,268	80	1436647487
263,95;109,479;387,294	235,148;353,340;168,399	189	1436647492
434,46;256,333;263,59	324,63;195,296;51,277	777	1436647497
361,351;363,67;427,305	387,468;402,231;136,294	607	1436647503
68,282;389,465;290,59	408,406;348,456;390,142	752	1436647508
486,420;466,135;48,26	484,303;349,486;198,396	254	1436647512
196,412;444,339;304,208	408,164;431,473;260,161	0	1436647518
428,58;228,125;188,159	140,31;382,302;200,71	995	1436647522
128,134;191,366;483,63	183,349;92,137;435,32	58	1436647528
253,368;437,14;262,302	150,186;152,119;100,189	993	1436647532
94,322;203,172;357,266	365,409;158,221;447,80	63	1436647538
361,351;363,67;427,305	367,457;486,357;299,14	929	1436647544
215,192;480,472;474,272	390,132;488,269;128,343	711	1436647548
35,425;89,233;175,236	72,245;460,130;328,230	799	1436647552
437,93;387,370;47,32	82,96;144,152;331,15	745	1436647557
144,409;41,15;104,154	24,392;267,148;307,112	932	1436647568
157,447;334,279;341,447	387,57;72,34;12,408	72	1436647572
106,64;466,431;23,193	401,365;188,320;286,300	823	1436647577
17,46;151,56;365,187	369,74;348,449;249,487	848	1436647584
285,76;399,27;79,194	51,147;464,280;363,373	966	1436647589
391,333;115,44;465,145	172,389;403,152;60,146	69	1436647593
17,46;151,56;365,187	243,79;240,420;103,299	967	1436647597
324,302;150,474;446,304	451,350;458,323;40,354	953	1436647602
35,425;89,233;175,236	14,432;440,77;406,273	826	1436647607
476,389;181,392;68,152	349,109;419,356;252,204	241	1436647613
34,317;87,141;14,149	150,106;172,87;212,109	751	1436647618
428,58;228,125;188,159	380,244;236,244;384,216	873	1436647623
102,118;102,245;165,280	389,309;281,369;315,414	685	1436647628
215,192;480,472;474,272	189,58;316,484;21,485	87	1436647632
55,458;458,132;432,24	382,441;276,133;36,144	137	1436647636
451,163;104,355;284,455	447,299;428,96;219,304	568	1436647641
4E4t9M446