137	L	0.0.0.0	1436646620
86,169;120,216;436,399	144,391;208,137;457,168	715	1436646722
86,78;211,107;147,483	300,72;222,477;113,110	391	1436646736
42,319;93,132;46,412	429,92;312,197;119,197	710	1436646770
321,361;415,193;224,237	321,361;415,193;224,237	0	1436646779
213,263;455,213;370,59	177,372;447,44;475,193	570	1436646790
280,308;219,21;355,351	311,180;66,426;446,166	222	1436646802
347,119;193,213;98,56	399,355;86,219;89,417	320	1436646811
77,378;218,284;101,337	79,165;361,63;463,41	594	1436646822
307,197;221,285;139,343	307,235;248,373;296,131	405	1436646838
165,353;21,269;375,230	15,393;166,332;280,446	121	1436646851
94,322;203,172;357,266	289,12;92,182;291,341	79	1436646875
420,155;335,411;113,334	154,386;186,212;221,427	643	1436646888
76,358;489,417;96,438	453,59;179,170;484,217	815	1436646897
328,478;105,100;94,196	294,65;231,404;341,38	230	1436646904
114,257;265,302;299,378	80,93;86,460;240,120	753	1436646916
157,481;116,104;155,77	86,272;107,216;439,198	140	1436646923
43,236;379,412;248,230	22,107;392,460;391,361	831	1436646930
133,325;443,196;463,109	290,442;190,164;311,376	137	1436646939
233,210;379,177;269,373	417,22;404,66;281,58	877	1436646946
385,371;300,112;305,166	268,465;373,297;235,377	979	1436646957
379,367;389,486;438,450	330,300;289,61;489,109	568	1436646965
215,423;246,291;314,448	129,375;369,247;197,399	578	1436646974
254,421;291,307;450,150	84,358;417,247;53,405	613	1436646980
35,425;89,233;175,236	286,143;24,265;232,72	230	1436646995
347,119;193,213;98,56	394,210;69,311;232,110	69	1436647017
267,393;373,27;477,407	26,269;146,49;211,432	366	1436647041
253,271;43,388;246,120	307,19;458,88;261,412	618	1436647050
49,237;385,459;391,228	395,34;17,94;279,446	605	1436647059
189,486;452,106;105,180	349,459;392,198;52,480	282	1436647073
436,397;257,297;167,38	277,124;421,444;62,304	798	1436647081
76,358;489,417;96,438	473,78;350,58;148,364	116	1436647086
391,41;216,359;395,193	413,241;490,469;84,37	41	1436647123
256,106;12,297;440,357	243,313;212,138;46,256	74	1436647132
391,41;216,359;395,193	216,193;463,114;282,437	661	1436647139
291,391;115,291;366,15	421,11;424,314;321,359	564	1436647145
115,72;67,147;76,253	109,135;81,252;118,175	592	1436647155
80,481;154,280;176,316	374,428;35,330;428,283	916	1436647160
106,300;329,335;344,151	489,300;45,178;318,177	763	1436647164
415,283;266,420;180,301	16,171;442,186;377,23	613	1436647173
398,474;21,332;153,380	398,474;21,332;153,380	0	1436647180
472,215;100,255;419,377	448,73;99,421;18,19	564	1436647186
272,228;180,71;245,474	294,250;367,390;292,92	265	1436647193
467,276;90,249;181,133	426,328;343,389;400,210	780	1436647213
364,51;285,186;307,431	167,178;272,140;344,249	651	1436647236
430,321;167,177;252,84	180,416;246,354;433,23	731	1436647241
266,303;97,49;394,346	293,155;325,124;421,278	680	1436647248
335,299;416,204;213,295	286,211;72,227;360,419	101	1436647253
451,398;119,210;123,346	140,209;48,369;404,207	644	1436647259
278,337;58,306;216,204	343,256;351,147;394,83	984	1436647265
433,164;201,196;304,146	285,336;441,94;380,154	783	1436647274
155,98;302,281;101,263	214,134;113,267;347,460	565	1436647281
89,154;125,240;275,406	269,133;387,345;341,466	361	1436647288
391,344;151,416;294,374	269,233;475,416;460,456	1000	1436647296
302,153;253,50;22,320	151,443;11,371;396,68	33	1436647313
43,236;379,412;248,230	419,195;151,95;289,444	407	1436647318
65,301;454,395;167,284	296,71;96,98;170,80	668	1436647323
47,391;148,373;38,126	281,362;194,29;475,61	634	1436647329
44,216;18,283;221,415	223,460;309,487;244,409	766	1436647334
94,322;203,172;357,266	266,46;326,351;215,285	560	1436647339
204,39;272,205;439,280	282,203;476,453;104,54	245	1436647349
50,230;454,95;53,165	150,197;186,396;475,442	824	1436647354
305,408;116,244;28,51	434,138;83,302;268,72	594	1436647358
11,134;385,226;424,132	231,348;223,231;148,350	846	1436647364
111,123;469,66;446,343	403,129;334,417;81,281	8	1436647381
153,59;299,332;405,355	311,259;487,28;79,424	784	1436647389
204,121;86,145;361,323	377,60;40,26;303,280	631	1436647394
438,131;341,374;85,227	193,458;331,324;406,447	178	1436647408
17,46;151,56;365,187	52,395;28,416;346,304	432	1436647413
204,332;456,409;52,169	156,235;308,133;309,447	244	1436647418
484,140;283,393;112,280	225,139;340,239;245,280	731	1436647425
115,72;67,147;76,253	203,208;201,245;27,309	747	1436647436
423,130;144,393;405,225	52,28;86,55;141,269	469	1436647441
50,312;460,337;35,192	50,312;460,337;35,192	0	1436647449
154,238;467,70;310,310	286,408;191,189;32,177	400	1436647454
83,257;454,269;464,300	91,98;93,367;102,277	860	1436647459
283,339;299,119;213,465	66,315;359,360;435,357	654	1436647464
471,346;404,135;459,119	167,232;323,195;414,201	630	1436647468
94,322;203,172;357,266	16,176;269,168;464,452	463	1436647474
304,57;161,158;54,139	451,344;226,315;412,433	588	1436647479
472,215;100,255;419,377	138,278;265,22;469,390	481	1436647484
111,81;245,377;443,191	60,406;315,13;324,334	362	1436647488
391,41;216,359;395,193	325,53;129,93;433,314	545	1436647497
99,367;49,169;405,448	379,466;97,268;358,274	621	1436647502
99,241;469,487;242,456	298,61;237,189;337,364	347	1436647516
478,450;271,114;331,218	394,480;316,350;290,290	279	1436647525
67,215;473,407;217,122	381,312;488,427;488,198	706	1436647530
383,110;173,181;308,475	429,19;280,149;394,207	331	1436647535
264,426;482,179;18,329	55,173;326,187;139,358	354	1436647543
24,85;404,22;13,124	288,311;185,186;362,360	684	1436647549
340,30;42,217;206,132	152,110;270,403;454,172	856	1436647557
196,412;444,339;304,208	248,83;470,383;193,264	651	1436647563
43,222;168,301;63,315	266,309;365,171;322,38	367	1436647571
396,142;141,438;50,294	102,372;461,237;154,452	254	1436647578
27,166;224,232;336,184	316,178;310,226;381,240	444	1436647582
428,58;228,125;188,159	174,402;85,465;258,325	711	1436647587
76,347;113,369;99,460	387,255;356,110;348,35	834	1436647591
251,365;443,328;291,105	35,415;307,445;348,134	319	1436647598
223,354;275,323;373,156	285,352;239,355;22,32	654	1436647606
309,341;144,310;36,277	313,14;197,173;37,460	155	1436647615
163,62;52,204;431,228	281,46;449,297;212,210	398	1436647620
244,336;22,332;348,265	128,197;35,206;78,51	819	1436647626
342,151;262,261;293,125	472,153;460,294;427,32	1000	1436647632
165,353;21,269;375,230	106,159;435,43;478,413	307	1436647637
391,41;216,359;395,193	281,232;373,41;291,193	732	1436647641
430,321;167,177;252,84	89,296;446,102;482,393	773	1436647646
386,315;443,160;486,139	372,32;378,71;181,444	353	1436647654
341,420;62,464;465,269	401,360;77,185;481,350	817	1436647659
348,115;438,274;26,142	73,211;359,321;153,325	19	1436647671
106,254;351,176;31,216	419,483;185,324;74,199	801	1436647679
334,175;30,443;201,65	126,444;176,284;71,16	449	1436647683
248,388;417,384;69,239	106,377;346,423;326,17	379	1436647691
436,397;257,297;167,38	107,260;44,466;179,202	170	1436647701
378,208;449,317;289,20	486,363;370,368;247,142	401	1436647715
76,358;489,417;96,438	82,185;144,102;255,415	207	1436647720
430,321;167,177;252,84	144,420;194,311;223,357	191	1436647729
149,207;426,247;34,439	173,417;172,254;480,287	395	1436647736
76,347;113,369;99,460	203,343;248,145;399,225	314	1436647742
215,192;480,472;474,272	429,264;89,171;464,444	364	1436647750
165,353;21,269;375,230	265,315;324,55;449,345	165	1436647757
242,64;415,103;479,266	81,280;410,93;446,391	694	1436647764
149,207;426,247;34,439	108,192;134,376;393,489	294	1436647770
480,412;455,122;425,314	11,187;474,330;332,416	893	1436647776
17,46;151,56;365,187	348,104;106,417;225,166	0	1436647801
193,103;105,35;311,337	478,363;121,139;245,171	60	1436647815
153,188;274,288;483,162	385,212;337,396;128,352	321	1436647822
259,12;379,60;30,391	259,12;379,60;30,391	0	1436647830
264,426;482,179;18,329	335,463;18,267;342,34	307	1436647842
145,357;308,455;337,22	87,29;411,177;460,47	292	1436647848
106,64;466,431;23,193	464,350;118,300;225,399	647	1436647853
50,230;454,95;53,165	79,389;344,423;354,302	633	1436647857
328,478;105,100;94,196	23,311;125,208;346,26	709	1436647863
434,46;256,333;263,59	306,487;124,463;57,109	569	1436647871
328,478;105,100;94,196	398,431;365,487;295,163	335	1436647878
47,391;148,373;38,126	24,294;178,258;312,66	638	1436647882
84,106;350,255;337,270	355,238;342,211;381,345	862	1436647893
402,117;287,244;402,124	241,89;225,14;192,25	660	1436647899
1G5v8K640