136	L	0.0.0.0	1436653696
86,169;120,216;436,399	144,391;208,137;457,168	982	1436653790
86,78;211,107;147,483	300,72;222,477;113,110	39	1436653802
42,319;93,132;46,412	429,92;312,197;119,197	900	1436653812
321,361;415,193;224,237	321,361;415,193;224,237	0	1436653822
213,263;455,213;370,59	177,372;447,44;475,193	302	1436653839
280,308;219,21;355,351	311,180;66,426;446,166	141	1436653850
73,416;413,487;260,342	74,353;453,83;358,60	671	1436653860
76,358;489,417;96,438	172,99;287,173;225,36	466	1436653873
339,235;184,364;211,25	446,128;357,226;35,193	573	1436653894
377,193;395,27;213,453	384,374;246,277;434,386	626	1436653902
340,52;327,227;464,443	22,374;379,149;244,317	241	1436653915
196,412;444,339;304,208	384,41;60,111;326,397	310	1436653927
163,62;52,204;431,228	162,466;252,98;17,105	865	1436653947
43,236;379,412;248,230	464,89;155,282;86,389	756	1436653953
145,443;100,283;481,341	305,426;477,158;276,106	771	1436653963
481,262;121,394;319,431	146,449;143,374;443,238	699	1436653980
254,421;291,307;450,150	164,319;459,294;484,371	691	1436653989
288,255;363,115;201,424	361,328;456,371;192,254	276	1436654002
259,12;379,60;30,391	259,12;379,60;30,391	0	1436654009
64,169;487,249;229,374	387,473;336,261;44,199	282	1436654028
430,321;167,177;252,84	308,37;283,127;452,267	597	1436654042
17,46;151,56;365,187	206,56;382,367;443,376	684	1436654050
115,72;67,147;76,253	38,396;93,270;303,33	684	1436654057
453,248;406,252;487,119	289,24;388,170;265,103	361	1436654072
225,242;299,107;423,182	413,53;335,212;103,333	771	1436654080
14,381;248,59;194,65	480,241;415,138;404,198	835	1436654087
133,101;295,433;131,252	378,96;282,317;21,404	109	1436654103
16,394;451,86;303,220	232,325;114,469;337,42	756	1436654112
281,293;134,442;28,68	287,230;50,313;55,138	583	1436654127
215,192;480,472;474,272	36,85;452,267;348,397	679	1436654139
300,360;312,457;170,365	195,367;27,160;268,238	607	1436654157
76,347;113,369;99,460	34,403;303,318;152,152	921	1436654167
106,64;466,431;23,193	182,351;82,472;412,191	888	1436654176
27,166;224,232;336,184	316,178;310,226;381,240	642	1436654184
94,415;388,79;51,222	289,40;288,357;42,46	301	1436654210
437,319;434,366;263,222	397,202;110,354;464,98	596	1436654222
418,212;397,247;228,452	265,375;440,86;250,393	279	1436654232
302,153;253,50;22,320	151,443;11,371;396,68	167	1436654243
316,172;14,415;143,408	320,277;54,436;123,340	630	1436654254
394,137;456,46;118,364	475,307;444,311;110,141	589	1436654277
50,230;454,95;53,165	254,476;446,66;482,67	664	1436654285
307,55;409,378;384,271	173,189;59,85;453,415	537	1436654294
102,118;102,245;165,280	389,309;281,369;315,414	215	1436654302
214,167;113,177;217,211	273,136;304,183;38,162	203	1436654310
405,436;101,292;58,122	118,176;199,142;413,211	671	1436654346
75,11;396,474;302,294	263,287;26,301;77,376	896	1436654354
202,377;108,149;59,131	421,113;473,101;488,30	623	1436654361
115,72;67,147;76,253	186,212;54,48;355,365	736	1436654367
115,72;67,147;76,253	489,291;481,239;465,239	702	1436654373
340,30;42,217;206,132	144,363;86,208;164,404	631	1436654380
14,381;248,59;194,65	391,116;112,331;325,21	628	1436654386
215,192;480,472;474,272	406,80;478,48;74,484	628	1436654392
35,425;89,233;175,236	424,404;439,345;252,64	607	1436654399
314,132;212,22;131,37	94,349;370,31;188,394	645	1436654404
154,238;467,70;310,310	439,30;69,384;272,209	936	1436654411
50,312;460,337;35,192	50,312;460,337;35,192	0	1436654422
486,420;466,135;48,26	393,479;79,432;435,23	23	1436654431
340,379;107,473;117,374	81,69;32,341;267,388	327	1436654436
209,299;277,32;180,145	75,60;145,29;422,318	635	1436654447
223,354;275,323;373,156	285,352;239,355;22,32	532	1436654455
264,426;482,179;18,329	415,264;467,45;92,324	38	1436654466
379,367;389,486;438,450	330,300;289,61;489,109	545	1436654474
430,321;167,177;252,84	120,208;486,204;65,482	554	1436654479
83,486;84,230;32,399	41,169;129,186;376,108	588	1436654485
83,486;84,230;32,399	432,433;398,158;489,471	643	1436654494
102,441;228,451;13,443	360,429;341,341;281,440	936	1436654500
436,397;257,297;167,38	107,70;311,122;359,458	594	1436654506
444,229;78,300;362,51	232,209;73,73;93,135	666	1436654512
347,119;193,213;98,56	450,330;191,207;377,214	330	1436654522
53,87;271,443;320,346	410,38;170,183;447,119	541	1436654529
272,460;57,373;26,405	228,32;254,60;76,488	753	1436654536
47,391;148,373;38,126	131,433;171,48;216,219	614	1436654543
215,192;480,472;474,272	34,408;473,25;72,14	684	1436654551
472,215;100,255;419,377	52,254;377,412;291,260	599	1436654561
367,14;142,80;418,272	432,332;86,278;351,146	378	1436654573
56,165;350,184;51,232	306,413;200,148;41,329	583	1436654578
135,41;460,109;390,41	134,365;267,341;184,252	603	1436654584
320,407;405,126;474,217	488,225;152,243;223,22	602	1436654589
165,353;21,269;375,230	414,274;13,386;58,470	659	1436654596
50,230;454,95;53,165	37,75;20,83;438,395	559	1436654604
381,82;274,376;422,221	95,414;393,291;466,155	557	1436654609
434,46;256,333;263,59	315,340;23,406;88,256	361	1436654617
246,461;276,13;198,279	220,126;279,449;443,355	696	1436654623
242,64;415,103;479,266	81,280;410,93;446,391	653	1436654630
14,193;405,407;189,95	159,164;244,308;336,296	725	1436654646
228,327;256,477;269,351	143,219;277,325;480,60	598	1436654661
149,207;426,247;34,439	364,50;115,408;395,314	641	1436654669
347,119;193,213;98,56	338,440;153,379;411,87	643	1436654675
35,425;89,233;175,236	378,327;244,378;31,189	771	1436654683
76,347;113,369;99,460	211,180;194,339;24,108	691	1436654691
136,235;56,45;62,32	375,456;45,418;11,279	899	1436654702
373,253;316,203;185,435	110,83;147,464;124,448	802	1436654708
378,208;449,317;289,20	486,363;370,368;247,142	830	1436654713
472,215;100,255;419,377	395,450;252,102;71,26	635	1436654719
483,84;50,74;415,78	217,271;437,17;477,237	987	1436654724
134,64;131,247;225,178	428,399;271,25;408,68	680	1436654731
426,423;260,418;118,450	93,281;116,272;151,123	768	1436654737
76,358;489,417;96,438	456,154;432,448;233,166	665	1436654746
149,207;426,247;34,439	366,119;403,248;378,490	707	1436654754
118,74;160,342;370,12	264,65;32,209;273,412	390	1436654763
53,352;481,386;197,406	97,255;371,287;59,57	602	1436654769
89,154;125,240;275,406	418,235;168,89;348,215	38	1436654786
472,215;100,255;419,377	252,259;480,265;396,82	696	1436654792
367,14;142,80;418,272	450,439;247,486;318,143	131	1436654805
25,476;254,234;278,133	413,341;329,315;17,137	898	1436654813
182,201;220,231;377,65	384,56;249,423;242,462	700	1436654821
347,119;193,213;98,56	333,345;143,109;212,31	739	1436654828
391,41;216,359;395,193	425,326;390,357;31,311	703	1436654834
380,430;29,24;137,12	259,163;169,53;468,314	748	1436654838
382,444;23,433;417,478	339,19;261,393;370,79	31	1436654848
261,284;233,194;270,246	289,179;448,248;81,41	896	1436654854
149,207;426,247;34,439	310,443;316,285;437,300	656	1436654860
237,152;242,200;252,74	86,94;397,42;461,124	895	1436654865
398,474;21,332;153,380	398,474;21,332;153,380	0	1436654874
472,83;362,33;42,272	26,485;383,468;440,335	715	1436654880
347,119;193,213;98,56	61,430;76,336;243,121	911	1436654886
63,306;109,408;252,381	258,197;124,95;53,171	184	1436654894
288,255;363,115;201,424	384,290;136,414;17,440	895	1436654901
457,357;145,382;487,279	264,171;304,401;261,264	849	1436654908
366,215;227,116;189,160	193,115;463,306;482,296	546	1436654913
200,56;252,93;105,169	47,119;408,238;285,176	702	1436654918
223,282;25,193;74,245	266,354;311,275;440,279	569	1436654924
295,470;432,74;243,122	79,437;431,353;56,244	686	1436654929
43,222;168,301;63,315	266,309;365,171;322,38	632	1436654936
106,64;466,431;23,193	130,184;375,147;423,368	748	1436654942
47,391;148,373;38,126	96,212;118,443;273,222	666	1436654946
436,397;257,297;167,38	113,197;371,240;234,60	695	1436654953
152,232;337,385;356,369	103,149;66,68;42,33	612	1436654962
47,391;148,373;38,126	81,208;204,384;279,25	569	1436654968
215,192;480,472;474,272	116,112;465,42;445,182	487	1436654977
395,272;180,447;156,165	417,452;240,24;144,359	521	1436654983
115,72;67,147;76,253	225,235;120,460;250,50	673	1436654989
451,398;119,210;123,346	143,68;129,305;62,86	647	1436654995
432,435;21,51;26,305	438,477;305,29;86,385	569	1436655001
69,196;136,162;276,240	122,216;143,226;403,171	617	1436655008
5E6t9M302