136	R	0.0.0.0	1436646033
86,169;120,216;436,399	144,391;208,137;457,168	397	1436646129
86,78;211,107;147,483	300,72;222,477;113,110	735	1436646140
42,319;93,132;46,412	429,92;312,197;119,197	298	1436646181
321,361;415,193;224,237	321,361;415,193;224,237	212	1436646189
213,263;455,213;370,59	177,372;447,44;475,193	723	1436646195
280,308;219,21;355,351	311,180;66,426;446,166	755	1436646203
426,309;474,137;26,222	140,395;190,74;350,253	694	1436646209
133,141;387,321;387,219	450,346;345,467;216,405	725	1436646215
300,232;230,83;30,223	60,209;170,421;211,15	341	1436646221
214,58;329,67;163,421	376,41;382,90;35,413	713	1436646226
15,98;261,151;132,185	247,157;258,306;155,472	739	1436646231
43,236;379,412;248,230	411,125;192,91;309,416	367	1436646236
134,410;95,29;379,475	232,49;179,328;95,51	432	1436646245
44,216;18,283;221,415	342,417;74,421;90,266	707	1436646251
76,358;489,417;96,438	199,120;467,107;428,16	708	1436646255
209,487;360,42;61,305	104,372;93,347;180,270	745	1436646264
115,72;67,147;76,253	225,235;120,460;250,50	692	1436646270
406,311;374,41;238,490	189,110;241,462;140,147	710	1436646281
480,38;252,384;356,117	334,457;74,299;485,465	275	1436646288
398,474;21,332;153,380	398,474;21,332;153,380	156	1436646303
77,378;218,284;101,337	477,307;194,250;358,285	777	1436646308
27,166;224,232;336,184	38,478;339,296;371,167	725	1436646312
451,398;119,210;123,346	59,467;443,372;347,132	690	1436646318
347,119;193,213;98,56	434,27;176,227;414,424	314	1436646324
391,41;216,359;395,193	39,288;150,443;150,125	690	1436646334
472,215;100,255;419,377	360,49;468,314;154,388	364	1436646341
100,284;349,91;57,478	353,246;478,428;425,45	674	1436646346
73,111;125,418;127,101	120,334;61,441;435,69	721	1436646351
74,248;95,41;316,390	21,358;398,387;206,210	364	1436646358
77,378;218,284;101,337	406,250;366,260;444,118	401	1436646364
328,478;105,100;94,196	309,397;125,137;162,201	674	1436646371
259,12;379,60;30,391	259,12;379,60;30,391	299	1436646376
69,270;129,267;106,441	101,395;42,82;104,57	715	1436646384
17,46;151,56;365,187	52,395;28,416;346,304	669	1436646392
331,443;299,377;464,75	292,64;449,174;44,268	672	1436646399
200,381;163,110;469,441	229,437;442,306;20,144	320	1436646405
257,356;335,18;354,345	55,59;58,90;405,177	747	1436646419
217,239;383,377;410,29	335,25;104,191;75,12	318	1436646425
430,321;167,177;252,84	89,296;446,102;482,393	684	1436646430
427,55;168,381;374,397	240,321;197,156;404,106	655	1436646435
196,412;444,339;304,208	384,41;60,111;326,397	305	1436646440
102,118;102,245;165,280	389,309;281,369;315,414	336	1436646446
347,119;193,213;98,56	172,386;26,90;417,53	355	1436646451
436,397;257,297;167,38	466,411;136,45;233,46	719	1436646456
430,321;167,177;252,84	120,208;486,204;65,482	676	1436646462
425,365;119,36;45,208	454,310;84,182;484,437	401	1436646467
152,401;452,425;342,253	417,317;151,31;358,79	657	1436646473
418,212;397,247;228,452	265,375;440,86;250,393	330	1436646479
67,215;473,407;217,122	433,348;26,355;356,298	612	1436646484
438,131;341,374;85,227	193,458;331,324;406,447	440	1436646489
50,312;460,337;35,192	50,312;460,337;35,192	139	1436646494
480,200;18,58;163,93	29,188;14,85;141,76	925	1436646500
148,244;350,105;386,184	146,337;390,410;223,322	636	1436646504
35,425;89,233;175,236	225,332;346,437;446,381	641	1436646509
347,119;193,213;98,56	26,118;486,317;246,474	658	1436646514
42,192;149,245;254,417	477,38;268,438;205,341	689	1436646519
489,201;44,197;228,422	26,40;264,79;203,287	440	1436646553
449,258;17,126;408,307	97,53;147,25;468,335	326	1436646559
215,192;480,472;474,272	116,112;465,42;445,182	460	1436646563
348,115;438,274;26,142	121,288;237,434;356,435	587	1436646570
344,96;488,24;60,275	251,58;71,105;241,86	749	1436646574
161,71;269,131;478,482	136,364;296,85;430,413	750	1436646580
302,153;253,50;22,320	158,178;361,425;473,157	663	1436646585
43,236;379,412;248,230	145,83;318,250;97,342	665	1436646589
196,412;444,339;304,208	248,83;470,383;193,264	617	1436646594
167,341;294,371;343,173	109,447;482,471;392,361	412	1436646600
89,191;219,293;370,291	250,118;438,274;101,261	616	1436646605
340,379;107,473;117,374	81,69;32,341;267,388	626	1436646610
106,64;466,431;23,193	343,108;282,371;387,181	416	1436646615
214,214;351,50;32,123	13,136;324,97;397,160	630	1436646621
14,381;248,59;194,65	115,217;84,258;57,472	603	1436646628
461,159;403,470;38,306	460,26;300,384;305,185	624	1436646633
466,106;19,393;33,149	112,242;146,287;475,378	652	1436646637
467,195;355,150;391,413	470,189;147,249;314,160	643	1436646643
430,321;167,177;252,84	144,420;194,311;223,357	640	1436646652
465,384;275,345;281,246	35,320;468,130;344,288	437	1436646659
93,472;400,307;159,178	13,297;379,213;188,378	602	1436646667
76,347;113,369;99,460	211,426;484,161;386,345	654	1436646672
14,381;248,59;194,65	199,19;60,15;250,358	660	1436646676
461,30;449,159;411,277	348,263;93,232;179,250	280	1436646681
76,347;113,369;99,460	248,42;40,352;192,482	614	1436646685
467,60;162,140;412,469	49,445;24,259;248,304	396	1436646691
165,353;21,269;375,230	106,159;435,43;478,413	583	1436646701
430,321;167,177;252,84	168,409;241,184;248,99	645	1436646707
173,283;236,207;210,236	439,379;428,442;470,378	649	1436646713
472,215;100,255;419,377	135,188;490,359;384,52	290	1436646719
43,236;379,412;248,230	419,195;151,95;289,444	625	1436646723
472,215;100,255;419,377	21,251;167,161;461,391	557	1436646728
166,33;342,113;400,441	477,424;146,319;314,473	420	1436646733
130,127;169,85;358,74	274,377;302,216;253,391	606	1436646738
14,381;248,59;194,65	320,142;108,266;213,315	728	1436646743
430,321;167,177;252,84	28,285;195,31;394,204	711	1436646748
169,489;162,280;360,180	322,453;14,413;369,286	417	1436646752
165,353;21,269;375,230	313,399;158,380;326,104	603	1436646757
451,398;119,210;123,346	453,396;403,459;357,29	674	1436646761
348,115;438,274;26,142	13,279;241,153;168,172	814	1436646767
27,166;224,232;336,184	68,107;341,394;213,107	657	1436646779
426,118;93,372;391,234	473,183;259,199;385,21	749	1436646785
163,62;52,204;431,228	413,43;155,136;216,415	307	1436646790
267,213;172,251;111,274	19,24;307,369;449,196	859	1436646796
50,230;454,95;53,165	484,91;125,384;21,344	374	1436646801
77,378;218,284;101,337	367,347;275,14;199,42	751	1436646808
340,52;327,227;464,443	22,374;379,149;244,317	337	1436646813
361,351;363,67;427,305	42,432;235,100;88,307	788	1436646818
429,94;483,45;395,191	389,476;416,356;413,300	673	1436646823
255,480;44,39;335,314	320,453;55,45;140,224	756	1436646829
221,111;162,59;392,422	428,367;234,298;328,366	684	1436646833
125,195;62,374;476,49	37,235;287,488;309,276	582	1436646838
237,152;242,200;252,74	96,331;447,95;152,292	902	1436646843
25,405;103,152;313,202	113,367;326,294;187,445	407	1436646848
412,385;409,111;464,157	276,215;77,102;49,51	621	1436646853
403,418;355,175;441,422	52,292;130,78;120,64	637	1436646858
163,62;52,204;431,228	136,412;288,476;286,31	384	1436646863
47,391;148,373;38,126	339,253;104,80;97,314	643	1436646867
484,140;283,393;112,280	225,139;340,239;245,280	642	1436646872
328,478;105,100;94,196	457,117;126,311;430,413	699	1436646877
312,423;145,130;100,326	456,205;301,154;94,200	627	1436646884
83,486;84,230;32,399	41,169;129,186;376,108	621	1436646890
426,423;260,418;118,450	469,211;229,81;453,232	696	1436646895
302,153;253,50;22,320	203,86;63,40;125,404	416	1436646900
434,46;256,333;263,59	331,12;74,90;147,290	452	1436646906
220,362;198,118;62,429	54,51;150,412;271,335	587	1436646910
365,159;43,490;215,122	471,333;185,415;194,74	668	1436646915
428,58;228,125;188,159	117,368;38,179;103,251	626	1436646919
215,423;246,291;314,448	129,375;369,247;197,399	715	1436646924
281,293;134,442;28,68	28,184;489,71;236,74	671	1436646929
426,423;260,418;118,450	73,489;90,427;49,226	260	1436646934
62,220;14,175;192,33	282,207;397,234;117,312	342	1436646939
14,351;59,413;239,433	321,278;333,461;380,30	588	1436646945
76,358;489,417;96,438	175,416;453,32;35,227	587	1436646949
486,420;466,135;48,26	147,299;171,70;204,277	586	1436646954
134,338;22,407;26,111	363,17;207,118;453,451	321	1436646959
338,343;360,446;54,234	175,370;271,397;277,409	643	1436646964
340,30;42,217;206,132	381,48;470,151;309,420	644	1436646968
302,153;253,50;22,320	423,391;373,176;117,317	657	1436646973
4F7u7P599