136	R	0.0.0.0	1436647123
86,169;120,216;436,399	144,391;208,137;457,168	754	1436647262
86,78;211,107;147,483	300,72;222,477;113,110	224	1436647276
42,319;93,132;46,412	429,92;312,197;119,197	970	1436647288
321,361;415,193;224,237	321,361;415,193;224,237	0	1436647302
213,263;455,213;370,59	177,372;447,44;475,193	907	1436647314
280,308;219,21;355,351	311,180;66,426;446,166	369	1436647329
35,425;89,233;175,236	148,179;26,271;370,483	917	1436647337
76,347;113,369;99,460	111,121;187,42;247,123	891	1436647344
67,215;473,407;217,122	486,48;125,262;248,468	436	1436647382
94,322;203,172;357,266	58,219;257,93;165,336	834	1436647393
69,233;114,276;185,426	413,94;434,368;148,336	789	1436647402
446,23;121,226;429,38	140,113;222,321;223,324	504	1436647414
137,241;345,60;452,337	308,12;44,443;404,115	926	1436647420
391,41;216,359;395,193	270,279;137,78;15,288	862	1436647427
35,425;89,233;175,236	348,377;199,334;14,41	385	1436647441
94,322;203,172;357,266	250,364;173,485;448,285	898	1436647450
281,293;134,442;28,68	285,290;86,411;334,318	296	1436647460
426,423;260,418;118,450	289,164;416,251;183,103	507	1436647476
348,115;438,274;26,142	73,211;359,321;153,325	352	1436647488
34,452;349,466;330,246	248,95;361,371;484,24	0	1436647499
302,153;253,50;22,320	200,47;455,62;273,304	874	1436647504
468,41;217,339;270,345	269,205;117,169;482,321	995	1436647509
437,319;434,366;263,222	286,432;267,339;136,110	974	1436647514
20,66;211,36;419,422	97,132;161,481;269,190	249	1436647526
43,236;379,412;248,230	354,58;272,446;252,186	35	1436647534
175,17;177,346;408,78	291,468;302,75;30,168	985	1436647541
408,283;146,55;304,402	284,180;266,261;347,348	968	1436647548
101,322;357,102;364,92	297,436;139,126;156,184	989	1436647554
76,347;113,369;99,460	52,382;209,479;389,355	995	1436647561
328,313;30,477;434,463	313,304;247,343;94,474	993	1436647567
67,215;473,407;217,122	26,58;79,270;230,130	993	1436647572
264,310;469,115;174,230	359,93;483,418;329,425	89	1436647579
163,480;445,241;396,243	134,310;123,62;130,88	982	1436647584
196,412;444,339;304,208	237,314;168,165;482,450	936	1436647594
154,238;467,70;310,310	39,347;470,193;325,48	94	1436647600
237,152;242,200;252,74	242,308;28,427;15,422	990	1436647609
287,410;266,468;285,258	467,40;405,91;144,434	987	1436647614
176,219;377,204;173,426	349,63;108,457;421,212	718	1436647638
131,57;314,372;358,369	246,237;107,156;337,404	937	1436647642
328,478;105,100;94,196	324,322;27,442;337,57	940	1436647647
77,407;380,64;173,271	304,416;319,428;137,327	969	1436647653
163,186;70,134;472,131	355,214;404,473;292,24	971	1436647658
254,421;291,307;450,150	314,237;450,147;69,272	974	1436647664
430,321;167,177;252,84	343,208;195,386;308,101	445	1436647675
428,58;228,125;188,159	76,329;188,379;147,416	944	1436647680
259,12;379,60;30,391	259,12;379,60;30,391	0	1436647690
315,296;108,325;378,323	192,437;85,347;330,54	137	1436647698
168,198;60,342;459,39	128,368;36,103;14,422	921	1436647704
468,284;463,177;198,227	174,370;320,35;119,159	958	1436647711
77,378;218,284;101,337	185,164;120,443;356,289	963	1436647724
17,41;362,33;266,267	454,149;188,468;359,63	939	1436647729
27,166;224,232;336,184	294,484;169,341;234,400	954	1436647774
184,300;303,379;133,368	172,223;156,108;200,424	505	1436647784
115,72;67,147;76,253	109,135;81,252;118,175	613	1436647789
281,214;418,373;400,139	93,476;363,460;361,132	275	1436647796
446,208;367,447;349,267	280,374;426,470;428,164	576	1436647802
76,358;489,417;96,438	77,423;427,239;98,356	0	1436647809
149,207;426,247;34,439	206,36;85,398;486,88	155	1436647818
426,423;260,418;118,450	449,337;55,464;130,406	906	1436647824
121,490;261,396;139,123	203,331;188,476;425,239	795	1436647831
106,64;466,431;23,193	329,218;402,235;373,188	867	1436647837
437,319;434,366;263,222	19,269;217,103;403,416	886	1436647842
221,111;162,59;392,422	428,367;234,298;328,366	945	1436647847
428,58;228,125;188,159	431,73;404,87;227,51	669	1436647856
43,236;379,412;248,230	227,161;93,409;487,89	455	1436647867
89,191;219,293;370,291	250,118;438,274;101,261	800	1436647872
163,62;52,204;431,228	13,327;424,174;60,92	241	1436647886
340,30;42,217;206,132	34,213;70,311;261,477	819	1436647906
430,321;167,177;252,84	209,252;147,279;486,355	697	1436647911
209,54;293,85;208,379	441,469;358,397;431,118	14	1436647918
471,40;408,28;258,76	476,202;244,421;118,445	629	1436647923
450,433;56,32;266,193	206,342;67,56;206,356	996	1436647928
237,152;242,200;252,74	200,340;404,309;309,164	969	1436647933
465,384;275,345;281,246	35,320;468,130;344,288	855	1436647939
436,397;257,297;167,38	277,124;421,444;62,304	855	1436647944
163,62;52,204;431,228	322,454;40,462;299,44	309	1436647951
115,72;67,147;76,253	363,150;175,370;297,483	516	1436647957
398,474;21,332;153,380	398,474;21,332;153,380	0	1436647969
254,421;291,307;450,150	426,276;161,251;326,173	599	1436647977
265,303;366,364;342,44	133,127;421,411;270,205	608	1436647987
291,391;115,291;366,15	421,11;424,314;321,359	638	1436647994
434,46;256,333;263,59	180,383;309,426;474,70	688	1436647999
237,152;242,200;252,74	193,441;364,310;450,181	993	1436648004
236,128;384,60;407,204	54,381;14,102;440,432	861	1436648009
73,111;125,418;127,101	120,334;61,441;435,69	859	1436648017
228,473;475,127;325,461	65,125;173,469;474,103	980	1436648023
429,123;490,62;290,127	330,109;186,348;247,187	960	1436648033
436,397;257,297;167,38	466,411;136,45;233,46	936	1436648038
451,398;119,210;123,346	285,80;418,18;21,405	385	1436648047
214,314;416,159;480,443	36,192;329,129;318,229	968	1436648053
321,317;146,171;312,218	307,325;104,412;338,281	863	1436648058
51,59;484,306;144,45	241,114;45,398;281,17	255	1436648071
209,368;29,214;489,123	80,289;335,374;197,430	282	1436648081
447,454;173,308;101,236	386,50;391,220;150,164	849	1436648085
364,32;62,161;383,238	119,62;373,207;152,268	788	1436648091
50,312;460,337;35,192	50,312;460,337;35,192	0	1436648098
404,224;383,110;172,484	471,46;434,11;79,370	808	1436648103
447,159;305,227;306,129	187,289;56,376;15,266	6	1436648112
480,38;252,384;356,117	334,457;74,299;485,465	882	1436648117
445,310;299,222;290,245	262,173;187,107;82,335	956	1436648122
375,235;259,479;295,96	310,46;43,28;190,460	880	1436648128
433,332;210,192;446,14	271,215;106,381;344,340	923	1436648132
275,171;196,254;427,390	275,45;322,438;309,179	886	1436648138
185,130;303,432;425,447	327,157;310,16;166,401	164	1436648149
76,358;489,417;96,438	58,296;415,308;120,364	2	1436648154
465,388;124,203;421,65	155,32;149,225;434,166	608	1436648167
409,97;164,30;421,26	69,86;191,148;342,362	904	1436648182
106,64;466,431;23,193	50,418;208,291;143,379	903	1436648188
392,219;282,229;231,459	84,300;273,150;280,387	894	1436648192
457,300;287,284;452,148	256,63;290,452;129,110	945	1436648197
40,325;29,222;83,120	162,325;429,416;132,419	966	1436648205
475,147;145,246;348,155	390,29;146,392;471,459	941	1436648210
302,153;253,50;22,320	14,26;39,391;360,370	961	1436648215
242,307;222,412;123,230	381,394;267,248;95,393	841	1436648221
259,188;370,226;309,311	149,489;39,96;338,275	31	1436648228
37,199;83,217;133,28	135,488;348,464;161,15	35	1436648235
457,165;192,326;265,107	472,348;412,161;90,91	361	1436648241
76,358;489,417;96,438	220,280;459,37;441,371	949	1436648248
106,64;466,431;23,193	246,413;284,121;170,473	574	1436648256
175,154;304,335;403,39	73,256;309,16;318,116	925	1436648261
80,481;154,280;176,316	374,428;35,330;428,283	380	1436648267
149,207;426,247;34,439	203,404;210,112;14,143	860	1436648275
460,245;158,394;24,467	193,256;186,202;363,314	942	1436648279
76,358;489,417;96,438	125,213;356,409;484,58	942	1436648286
281,293;134,442;28,68	45,315;211,377;356,247	917	1436648303
413,36;359,63;226,311	103,487;450,73;299,109	345	1436648309
327,170;177,387;424,302	246,421;135,12;161,420	884	1436648313
347,119;193,213;98,56	421,57;133,149;340,460	408	1436648317
469,99;241,464;423,183	252,375;404,40;104,58	987	1436648322
147,430;48,32;237,116	12,18;203,397;281,374	963	1436648327
348,115;438,274;26,142	145,470;26,372;420,236	573	1436648349
115,488;86,383;379,72	97,92;373,436;370,291	33	1436648354
302,153;253,50;22,320	304,184;98,180;176,221	695	1436648362
76,347;113,369;99,460	268,45;71,91;72,255	403	1436648366
253,368;437,14;262,302	150,186;152,119;100,189	983	1436648371
2H6v5N543