137	R	0.0.0.0	1436646495
86,169;120,216;436,399	144,391;208,137;457,168	920	1436646618
86,78;211,107;147,483	300,72;222,477;113,110	415	1436646625
42,319;93,132;46,412	429,92;312,197;119,197	611	1436646631
321,361;415,193;224,237	321,361;415,193;224,237	0	1436646639
213,263;455,213;370,59	177,372;447,44;475,193	328	1436646646
280,308;219,21;355,351	311,180;66,426;446,166	546	1436646688
215,192;480,472;474,272	402,188;311,380;51,83	253	1436646694
84,88;198,105;252,79	191,468;253,237;232,110	700	1436646701
434,46;256,333;263,59	224,354;23,433;11,355	512	1436646714
23,469;147,102;123,481	150,240;370,96;210,324	456	1436646723
94,485;32,200;406,243	332,381;269,125;217,368	422	1436646733
426,423;260,418;118,450	424,126;211,242;434,92	629	1436646745
69,415;314,259;136,252	488,58;345,285;360,414	515	1436646753
154,238;467,70;310,310	38,109;69,304;222,32	455	1436646764
415,292;209,327;323,51	76,217;385,79;298,376	315	1436646774
391,41;216,359;395,193	28,108;59,261;380,311	281	1436646784
143,63;143,157;230,292	97,108;448,413;79,414	842	1436646792
307,31;59,122;60,281	85,255;11,75;185,248	335	1436646800
281,293;134,442;28,68	132,317;289,123;402,288	468	1436646810
483,212;133,59;270,165	109,391;396,333;417,67	690	1436646818
350,301;16,456;55,33	255,444;161,28;261,436	958	1436646825
215,216;217,203;132,97	115,257;351,47;173,111	854	1436646833
396,29;378,99;240,141	220,409;277,403;301,156	573	1436646840
401,471;68,88;169,403	424,110;340,177;82,93	454	1436646846
154,238;467,70;310,310	26,361;69,167;450,351	260	1436646854
254,421;291,307;450,150	111,358;401,137;199,435	559	1436646864
410,450;320,422;291,177	400,469;420,392;161,452	482	1436646876
41,219;225,126;483,435	427,173;247,461;91,481	431	1436646890
76,347;113,369;99,460	134,438;180,115;144,283	713	1436646897
17,46;151,56;365,187	162,125;422,255;29,256	636	1436646906
99,241;469,487;242,456	298,61;237,189;337,364	543	1436646918
440,171;64,240;344,248	14,34;340,94;266,93	769	1436646926
254,421;291,307;450,150	208,207;471,440;350,163	575	1436646944
157,361;169,91;49,447	309,437;364,384;156,363	444	1436646958
67,215;473,407;217,122	236,474;411,292;398,434	577	1436646966
464,132;401,378;411,298	275,435;180,413;460,149	754	1436646975
236,128;384,60;407,204	54,381;14,102;440,432	438	1436646986
165,353;21,269;375,230	348,390;367,79;324,80	596	1436647001
36,339;189,422;52,125	215,211;354,473;474,203	473	1436647018
44,216;18,283;221,415	223,460;309,487;244,409	468	1436647032
54,78;409,217;107,98	345,482;224,154;276,273	762	1436647040
437,92;119,438;398,282	228,303;339,291;346,67	516	1436647058
367,14;142,80;418,272	121,214;488,205;306,352	476	1436647068
165,353;21,269;375,230	384,115;189,477;80,480	475	1436647104
281,293;134,442;28,68	84,129;395,300;307,43	425	1436647118
396,80;161,248;281,51	31,120;258,159;465,394	540	1436647125
252,111;192,53;387,347	465,50;228,434;170,40	618	1436647139
245,398;18,455;113,341	291,124;230,301;26,290	416	1436647154
340,30;42,217;206,132	152,110;270,403;454,172	476	1436647169
340,30;42,217;206,132	34,213;70,311;261,477	608	1436647177
281,293;134,442;28,68	490,141;277,95;429,99	471	1436647187
430,321;167,177;252,84	82,381;231,84;221,198	589	1436647196
137,241;345,60;452,337	308,12;44,443;404,115	562	1436647202
446,303;134,198;474,105	83,307;420,322;362,466	394	1436647207
55,76;362,79;238,213	153,295;92,202;475,318	565	1436647216
115,72;67,147;76,253	15,393;87,394;237,116	583	1436647224
47,391;148,373;38,126	180,87;344,176;185,488	479	1436647233
436,397;257,297;167,38	52,16;110,471;184,68	518	1436647241
465,384;275,345;281,246	35,320;468,130;344,288	611	1436647247
394,137;456,46;118,364	475,307;444,311;110,141	634	1436647265
42,406;237,425;223,115	313,231;445,339;436,275	467	1436647272
127,233;490,177;321,339	344,431;312,89;468,333	544	1436647289
58,428;333,111;252,234	220,315;117,416;158,387	465	1436647314
344,174;14,233;227,177	362,388;314,98;241,76	520	1436647329
381,82;274,376;422,221	95,414;393,291;466,155	450	1436647336
434,46;256,333;263,59	108,74;124,461;411,286	540	1436647344
481,375;321,301;145,217	366,211;100,186;180,204	624	1436647357
50,312;460,337;35,192	50,312;460,337;35,192	169	1436647368
302,153;253,50;22,320	39,109;253,54;148,463	467	1436647378
408,283;146,55;304,402	284,180;266,261;347,348	446	1436647397
89,154;125,240;275,406	138,250;35,437;289,18	541	1436647403
459,123;309,420;219,404	482,84;219,130;416,54	456	1436647410
471,40;408,28;258,76	476,202;244,421;118,445	274	1436647417
115,72;67,147;76,253	76,399;192,295;140,354	473	1436647423
115,72;67,147;76,253	375,25;475,91;343,137	480	1436647435
43,236;379,412;248,230	294,258;469,379;215,250	566	1436647445
430,321;167,177;252,84	120,208;486,204;65,482	560	1436647453
182,111;442,395;269,211	381,351;240,131;342,405	830	1436647463
254,421;291,307;450,150	447,36;60,393;316,321	394	1436647470
273,108;55,449;177,344	116,456;113,31;218,109	622	1436647478
437,319;434,366;263,222	179,239;150,221;228,187	520	1436647488
292,426;474,86;284,39	81,362;332,486;182,221	405	1436647495
200,56;252,93;105,169	47,119;408,238;285,176	560	1436647506
106,64;466,431;23,193	38,171;431,219;400,378	475	1436647515
457,337;394,378;378,276	33,146;252,320;203,285	895	1436647520
467,276;90,249;181,133	426,328;343,389;400,210	533	1436647529
75,380;453,231;433,382	124,253;331,217;208,402	582	1436647539
320,97;288,294;469,456	209,123;355,46;263,475	402	1436647546
83,486;84,230;32,399	432,433;398,158;489,471	465	1436647563
182,201;220,231;377,65	384,56;249,423;242,462	773	1436647572
288,255;363,115;201,424	317,159;360,82;324,291	865	1436647579
288,255;363,115;201,424	481,420;12,38;240,400	905	1436647589
298,423;414,472;26,249	34,233;336,474;90,440	734	1436647597
43,236;379,412;248,230	438,401;86,242;320,373	433	1436647603
305,20;237,116;138,327	389,412;292,221;374,365	330	1436647611
230,109;490,407;42,65	403,134;312,109;401,419	476	1436647625
231,461;117,268;267,348	87,274;478,227;65,437	345	1436647635
76,358;489,417;96,438	459,64;52,287;43,298	541	1436647644
346,301;20,369;393,394	96,280;403,274;366,389	430	1436647654
58,402;213,400;381,146	149,288;325,327;25,398	490	1436647673
288,255;363,115;201,424	350,433;108,408;312,387	691	1436647679
490,216;178,177;238,472	308,411;268,105;68,447	479	1436647688
256,106;12,297;440,357	243,313;212,138;46,256	278	1436647697
340,30;42,217;206,132	242,112;79,248;66,69	460	1436647707
153,463;432,51;459,380	463,139;448,72;208,206	600	1436647715
17,46;151,56;365,187	169,262;243,133;446,87	356	1436647725
437,74;199,417;94,277	211,386;455,481;50,40	604	1436647732
234,177;91,104;345,327	265,103;347,235;447,369	405	1436647740
347,119;193,213;98,56	61,430;76,336;243,121	475	1436647753
196,412;444,339;304,208	108,322;387,263;145,91	283	1436647758
146,379;281,87;205,70	69,427;221,106;262,26	881	1436647765
43,236;379,412;248,230	253,90;463,220;124,450	464	1436647773
215,192;480,472;474,272	38,131;115,358;248,480	375	1436647779
319,226;148,146;22,205	451,414;108,359;273,329	112	1436647789
95,62;424,16;22,167	383,41;124,296;297,65	275	1436647798
398,474;21,332;153,380	398,474;21,332;153,380	0	1436647814
361,351;363,67;427,305	335,63;182,298;85,207	351	1436647851
55,458;458,132;432,24	382,441;276,133;36,144	522	1436647859
259,12;379,60;30,391	259,12;379,60;30,391	0	1436647879
480,200;18,58;163,93	119,57;432,331;335,31	789	1436647885
306,23;165,490;189,173	226,489;440,88;380,246	344	1436647892
106,64;466,431;23,193	195,437;14,369;330,128	315	1436647901
130,163;253,239;399,287	421,419;133,478;398,242	747	1436647909
35,425;89,233;175,236	174,419;413,418;183,127	486	1436647924
436,397;257,297;167,38	238,58;277,277;487,45	389	1436647931
237,152;242,200;252,74	331,81;449,429;416,181	460	1436647942
83,486;84,230;32,399	41,169;129,186;376,108	438	1436647950
369,71;75,28;27,254	12,285;209,101;71,444	357	1436647958
426,118;93,372;391,234	473,183;259,199;385,21	538	1436647965
41,291;277,476;147,331	381,110;251,40;107,46	481	1436647980
352,130;236,484;85,263	332,304;182,55;284,85	463	1436647986
207,45;91,245;66,317	114,97;388,61;326,215	530	1436647995
437,319;434,366;263,222	352,295;346,255;157,407	370	1436648006
237,152;242,200;252,74	200,340;404,309;309,164	481	1436648018
98,26;446,333;364,178	243,149;79,437;122,86	617	1436648025
472,215;100,255;419,377	41,190;181,113;311,263	459	1436648031
1B7z7P567