136	R	0.0.0.0	1436653513
86,169;120,216;436,399	144,391;208,137;457,168	789	1436653592
86,78;211,107;147,483	300,72;222,477;113,110	301	1436653604
42,319;93,132;46,412	429,92;312,197;119,197	844	1436653611
321,361;415,193;224,237	321,361;415,193;224,237	0	1436653619
213,263;455,213;370,59	177,372;447,44;475,193	180	1436653629
280,308;219,21;355,351	311,180;66,426;446,166	434	1436653638
41,127;285,139;352,176	61,201;125,230;220,234	761	1436653646
292,416;350,79;155,60	135,387;449,95;270,413	696	1436653654
39,116;108,97;247,341	438,262;121,329;301,119	741	1436653660
367,14;142,80;418,272	474,455;87,130;302,308	1000	1436653666
428,58;228,125;188,159	118,83;63,168;95,406	906	1436653675
348,115;438,274;26,142	110,206;186,379;144,373	885	1436653680
43,236;379,412;248,230	174,57;99,482;428,257	435	1436653686
437,319;434,366;263,222	12,326;13,446;31,71	1000	1436653695
76,347;113,369;99,460	55,165;46,94;362,485	951	1436653702
486,420;466,135;48,26	417,397;72,487;394,44	119	1436653708
382,294;207,333;280,232	460,125;258,112;100,214	143	1436653713
471,416;458,427;20,198	299,141;390,362;353,298	904	1436653717
50,312;460,337;35,192	50,312;460,337;35,192	0	1436653722
237,486;262,211;20,408	411,451;19,271;95,418	386	1436653729
149,207;426,247;34,439	44,332;170,113;432,213	152	1436653733
398,474;21,332;153,380	398,474;21,332;153,380	0	1436653740
76,358;489,417;96,438	387,477;204,486;350,166	348	1436653745
451,398;119,210;123,346	489,191;317,393;227,128	274	1436653750
67,215;473,407;217,122	113,65;487,343;283,429	663	1436653755
302,153;253,50;22,320	121,129;271,29;345,353	701	1436653760
473,418;475,388;112,379	455,367;28,321;449,453	665	1436653764
436,397;257,297;167,38	107,260;44,466;179,202	636	1436653769
169,456;296,212;52,115	70,385;458,396;287,14	224	1436653773
344,101;301,81;121,206	411,165;356,360;387,324	380	1436653777
410,21;23,131;384,198	213,429;250,188;368,488	333	1436653782
302,344;82,161;228,294	65,103;381,422;256,225	918	1436653787
76,347;113,369;99,460	103,345;320,32;196,346	962	1436653791
343,207;119,23;470,327	19,22;315,384;140,161	980	1436653798
470,451;231,357;446,322	285,307;104,25;74,278	42	1436653803
78,55;472,314;336,296	103,48;28,480;74,352	855	1436653808
426,423;260,418;118,450	240,122;239,188;340,381	797	1436653813
163,62;52,204;431,228	175,338;482,137;258,88	0	1436653818
140,445;339,480;74,382	365,29;67,252;128,347	758	1436653822
367,14;142,80;418,272	144,273;16,159;149,398	122	1436653827
451,398;119,210;123,346	270,459;134,441;342,280	849	1436653832
302,153;253,50;22,320	279,380;375,86;479,408	781	1436653837
42,168;52,55;236,465	253,117;423,123;269,406	804	1436653855
76,358;489,417;96,438	12,484;455,250;349,195	816	1436653861
430,384;413,207;234,269	124,334;53,322;322,445	753	1436653866
241,337;436,295;488,464	485,146;449,144;112,193	1000	1436653872
163,62;52,204;431,228	390,263;97,122;362,97	0	1436653877
464,170;464,383;201,17	140,188;64,63;453,345	851	1436653881
94,322;203,172;357,266	432,177;142,406;134,51	81	1436653885
44,216;18,283;221,415	325,65;249,391;164,231	789	1436653890
103,177;332,205;397,68	322,440;218,321;284,298	688	1436653895
47,391;148,373;38,126	292,157;207,20;366,111	774	1436653900
302,153;253,50;22,320	48,418;440,107;42,423	1000	1436653905
289,275;124,139;404,132	64,350;300,209;209,225	1000	1436653909
264,426;482,179;18,329	353,353;15,483;460,26	86	1436653913
77,378;218,284;101,337	448,466;472,322;244,107	1000	1436653918
231,387;25,178;159,249	258,391;22,392;160,210	260	1436653922
47,391;148,373;38,126	354,311;306,25;134,88	380	1436653926
196,177;214,413;138,216	386,213;380,390;314,73	775	1436653931
327,320;281,153;460,258	331,318;278,221;337,473	670	1436653936
69,270;129,267;106,441	101,395;42,82;104,57	176	1436653941
137,485;29,24;162,282	250,173;408,414;276,231	1000	1436653946
451,398;119,210;123,346	403,127;411,488;473,20	733	1436653950
43,236;379,412;248,230	419,195;151,95;289,444	93	1436653956
288,255;363,115;201,424	350,433;108,408;312,387	1000	1436653960
253,29;278,316;281,393	206,467;208,358;237,87	230	1436653964
472,215;100,255;419,377	22,161;373,378;224,327	796	1436653969
472,215;100,255;419,377	22,416;223,393;20,99	0	1436653973
14,479;283,431;291,279	198,120;348,275;86,134	138	1436653977
47,235;395,273;181,369	137,133;168,422;334,209	0	1436653982
426,423;260,418;118,450	195,257;103,93;179,197	335	1436653986
228,423;164,419;14,164	323,113;483,436;235,57	369	1436653991
154,238;467,70;310,310	373,352;411,206;80,47	0	1436653995
305,104;59,376;250,409	438,169;219,69;386,479	99	1436653999
50,230;454,95;53,165	22,78;145,45;414,486	17	1436654004
389,482;441,156;461,339	329,475;269,285;277,434	372	1436654009
177,33;67,451;184,217	13,309;375,235;429,210	867	1436654013
189,351;109,271;299,151	335,159;21,51;149,402	362	1436654019
483,288;358,370;376,107	74,280;331,249;162,485	33	1436654023
302,153;253,50;22,320	114,201;361,349;26,467	422	1436654028
67,215;473,407;217,122	264,332;431,58;46,44	252	1436654032
67,215;473,407;217,122	135,98;333,403;224,473	265	1436654036
163,62;52,204;431,228	281,331;241,489;389,137	779	1436654041
312,423;145,130;100,326	456,205;301,154;94,200	879	1436654046
47,391;148,373;38,126	37,28;397,369;73,203	835	1436654050
27,166;224,232;336,184	280,409;187,89;207,174	1000	1436654055
76,358;489,417;96,438	349,427;244,120;20,52	349	1436654059
471,346;404,135;459,119	167,232;323,195;414,201	242	1436654063
163,62;52,204;431,228	136,412;288,476;286,31	153	1436654068
67,215;473,407;217,122	85,258;201,100;351,375	0	1436654073
380,204;304,39;187,259	319,265;452,462;178,466	0	1436654076
149,207;426,247;34,439	186,20;268,211;287,67	223	1436654081
348,115;438,274;26,142	276,44;319,188;421,324	825	1436654085
16,42;318,315;118,80	236,169;446,463;30,471	892	1436654090
43,236;379,412;248,230	354,385;422,220;64,319	32	1436654094
348,115;438,274;26,142	394,297;413,70;110,179	168	1436654098
384,427;77,88;75,287	489,297;411,369;108,206	151	1436654103
254,421;291,307;450,150	312,469;290,23;248,36	795	1436654109
114,92;60,216;67,43	105,186;212,181;123,204	151	1436654114
309,341;144,310;36,277	479,451;241,171;454,90	1000	1436654118
137,148;480,110;212,50	381,328;161,158;179,335	120	1436654123
79,252;45,465;167,168	122,184;108,148;130,275	982	1436654128
65,75;197,14;56,189	225,42;145,177;317,326	131	1436654132
437,319;434,366;263,222	199,147;118,277;328,54	332	1436654136
35,425;89,233;175,236	225,332;346,437;446,381	292	1436654142
259,224;47,487;283,155	306,353;284,315;155,223	662	1436654146
89,154;125,240;275,406	148,64;330,84;163,259	688	1436654151
366,435;449,416;346,59	443,70;394,40;204,429	133	1436654155
440,171;64,240;344,248	14,34;340,94;266,93	876	1436654160
44,216;18,283;221,415	346,426;231,305;232,432	155	1436654164
44,216;18,283;221,415	119,205;152,42;196,217	153	1436654169
43,236;379,412;248,230	177,369;292,477;139,124	675	1436654173
430,321;167,177;252,84	424,248;136,462;296,136	262	1436654178
95,424;213,481;367,250	107,485;469,93;210,462	241	1436654182
246,345;321,150;233,209	319,75;180,70;281,434	341	1436654186
196,412;444,339;304,208	232,291;151,372;60,232	89	1436654191
340,30;42,217;206,132	152,110;270,403;454,172	1000	1436654195
259,12;379,60;30,391	259,12;379,60;30,391	112	1436654200
94,322;203,172;357,266	333,465;436,215;467,250	918	1436654204
488,390;488,290;464,206	155,214;228,323;126,102	1000	1436654209
23,28;369,459;24,30	479,97;465,95;79,92	69	1436654216
281,293;134,442;28,68	252,339;30,299;211,153	350	1436654220
47,391;148,373;38,126	268,435;471,183;132,70	719	1436654224
149,207;426,247;34,439	162,414;445,136;19,34	0	1436654229
101,190;130,38;397,73	321,433;28,298;358,147	142	1436654233
195,212;111,183;273,283	122,325;334,368;415,413	718	1436654237
101,44;375,455;273,83	51,234;69,470;209,232	695	1436654242
361,351;363,67;427,305	208,55;142,333;311,292	677	1436654246
181,63;482,423;371,275	18,122;264,75;320,226	1000	1436654251
50,230;454,95;53,165	198,474;437,43;449,131	125	1436654256
288,255;363,115;201,424	187,175;215,216;37,396	1000	1436654261
295,183;487,411;182,258	193,284;165,278;189,126	234	1436654266
284,63;406,327;288,260	428,246;323,288;181,462	195	1436654270
225,81;142,400;235,414	107,68;197,427;103,131	1000	1436654275
347,119;193,213;98,56	46,411;113,321;13,310	12	1436654279
1F3v6N757