136	R	0.0.0.0	1436646314
86,169;120,216;436,399	144,391;208,137;457,168	1000	1436646398
86,78;211,107;147,483	300,72;222,477;113,110	397	1436646406
42,319;93,132;46,412	429,92;312,197;119,197	824	1436646415
321,361;415,193;224,237	321,361;415,193;224,237	0	1436646422
213,263;455,213;370,59	177,372;447,44;475,193	432	1436646429
280,308;219,21;355,351	311,180;66,426;446,166	341	1436646434
367,14;142,80;418,272	269,143;443,456;373,160	812	1436646441
128,117;70,485;43,73	126,298;448,190;395,353	961	1436646448
391,41;216,359;395,193	210,445;315,449;206,15	636	1436646454
126,31;483,122;431,175	39,11;337,456;419,326	303	1436646462
228,473;475,127;325,461	65,125;173,469;474,103	683	1436646471
23,28;369,459;24,30	118,144;404,248;143,59	1000	1436646477
149,207;426,247;34,439	138,388;441,59;278,487	1000	1436646482
154,238;467,70;310,310	363,185;423,388;85,216	763	1436646489
67,120;165,428;37,437	460,113;441,277;282,490	588	1436646499
165,353;21,269;375,230	430,392;348,364;388,411	602	1436646505
394,228;117,43;153,383	398,20;334,272;139,221	435	1436646511
472,215;100,255;419,377	457,474;33,378;488,411	868	1436646520
422,54;117,412;222,261	394,327;306,244;357,310	434	1436646525
430,321;167,177;252,84	159,117;398,456;311,130	801	1436646530
215,192;480,472;474,272	149,489;64,375;35,420	836	1436646537
276,93;382,365;62,19	489,418;490,65;158,17	869	1436646542
405,436;101,292;58,122	118,176;199,142;413,211	886	1436646547
215,192;480,472;474,272	414,234;223,431;78,190	579	1436646552
121,489;429,239;65,380	146,167;97,388;482,190	768	1436646558
398,474;21,332;153,380	398,474;21,332;153,380	0	1436646568
436,397;257,297;167,38	195,216;187,173;113,361	873	1436646575
390,258;169,383;73,302	245,73;389,266;148,324	764	1436646583
76,347;113,369;99,460	61,455;327,50;352,346	853	1436646588
289,275;124,139;404,132	64,350;300,209;209,225	909	1436646594
299,87;198,274;274,328	414,261;391,172;183,337	743	1436646599
106,64;466,431;23,193	391,131;207,25;293,282	870	1436646604
375,207;227,444;303,54	416,238;420,170;107,15	692	1436646610
449,355;270,417;408,141	409,343;412,43;74,248	203	1436646615
134,15;380,375;383,339	294,88;143,454;265,180	320	1436646620
82,394;410,339;182,156	487,138;260,446;116,137	297	1436646627
430,321;167,177;252,84	103,60;306,164;30,237	862	1436646634
75,11;396,474;302,294	263,287;26,301;77,376	735	1436646653
339,393;429,169;235,235	490,350;197,247;173,472	365	1436646658
149,207;426,247;34,439	341,378;33,112;469,301	697	1436646665
342,151;262,261;293,125	472,153;460,294;427,32	748	1436646670
165,353;21,269;375,230	62,486;154,330;41,481	824	1436646677
50,230;454,95;53,165	133,50;367,395;406,169	775	1436646682
430,321;167,177;252,84	29,170;11,345;247,32	809	1436646688
17,46;151,56;365,187	436,362;286,239;314,377	785	1436646693
50,312;460,337;35,192	50,312;460,337;35,192	208	1436646699
67,215;473,407;217,122	464,311;452,37;149,224	754	1436646705
345,327;88,338;326,415	91,165;473,125;118,387	780	1436646710
340,30;42,217;206,132	381,48;470,151;309,420	746	1436646715
89,154;125,240;275,406	418,235;168,89;348,215	279	1436646720
367,14;142,80;418,272	163,269;121,128;283,26	235	1436646729
76,347;113,369;99,460	248,42;40,352;192,482	312	1436646737
218,460;234,450;143,403	109,410;306,117;134,353	792	1436646742
348,101;67,161;463,403	317,487;71,165;334,274	315	1436646748
327,34;370,122;297,198	145,121;263,60;411,79	152	1436646755
254,421;291,307;450,150	326,141;326,366;291,203	199	1436646764
44,216;18,283;221,415	392,35;399,227;435,238	238	1436646769
353,41;139,130;431,269	156,352;390,158;44,116	95	1436646775
149,207;426,247;34,439	462,336;469,335;356,487	836	1436646780
382,382;399,396;73,159	380,179;365,416;413,335	847	1436646787
436,397;257,297;167,38	277,124;421,444;62,304	822	1436646793
430,321;167,177;252,84	168,409;241,184;248,99	773	1436646798
14,381;248,59;194,65	391,116;112,331;325,21	812	1436646803
170,282;19,150;172,192	443,459;144,338;326,91	617	1436646809
358,176;450,27;11,430	181,171;484,489;31,125	151	1436646814
230,215;196,217;337,298	382,194;172,135;397,252	609	1436646819
77,378;218,284;101,337	425,81;82,123;70,144	820	1436646824
343,382;307,38;171,63	433,69;190,327;77,422	1000	1436646834
465,388;124,203;421,65	155,32;149,225;434,166	145	1436646846
14,381;248,59;194,65	364,267;191,448;379,208	660	1436646854
144,396;282,321;391,81	282,413;74,380;331,315	1000	1436646865
393,261;194,422;317,169	369,110;167,365;46,240	398	1436646870
412,385;409,111;464,157	276,215;77,102;49,51	615	1436646876
334,455;189,415;255,165	440,175;477,202;40,74	912	1436646881
146,28;27,198;133,475	465,407;135,93;452,463	927	1436646889
24,85;404,22;13,124	288,311;185,186;362,360	994	1436646895
225,242;299,107;423,182	413,53;335,212;103,333	1000	1436646901
260,455;222,472;446,44	488,263;341,366;107,33	985	1436646906
259,12;379,60;30,391	259,12;379,60;30,391	0	1436646912
196,412;444,339;304,208	360,220;36,403;478,449	364	1436646917
259,346;414,205;135,277	296,215;62,334;84,130	453	1436646922
309,341;144,310;36,277	64,468;120,363;190,289	412	1436646928
436,397;257,297;167,38	450,342;443,484;15,381	861	1436646934
314,360;93,165;463,482	280,233;66,11;328,317	454	1436646940
309,23;360,111;406,300	203,442;477,266;433,344	95	1436646945
43,236;379,412;248,230	464,89;155,282;86,389	744	1436646949
437,319;434,366;263,222	325,176;286,308;400,52	873	1436646956
472,215;100,255;419,377	329,180;355,399;421,462	956	1436646962
475,14;216,211;203,146	103,13;401,455;420,440	412	1436646969
43,236;379,412;248,230	22,107;392,460;391,361	768	1436646974
437,319;434,366;263,222	286,432;267,339;136,110	672	1436646981
154,238;467,70;310,310	38,109;69,304;222,32	613	1436646986
76,347;113,369;99,460	80,361;99,376;316,440	719	1436646992
428,58;228,125;188,159	117,368;38,179;103,251	446	1436646997
95,473;396,76;98,68	141,87;489,421;219,437	397	1436647003
358,306;179,414;263,292	187,234;468,306;382,72	606	1436647009
208,456;197,291;73,80	21,262;280,348;153,300	844	1436647014
163,62;52,204;431,228	403,353;467,425;343,485	797	1436647020
328,478;105,100;94,196	56,150;150,125;441,263	627	1436647026
231,143;446,21;348,467	250,416;470,89;198,206	435	1436647032
437,319;434,366;263,222	379,89;432,273;300,217	649	1436647037
291,387;433,421;485,71	403,302;361,256;128,419	417	1436647043
76,358;489,417;96,438	12,484;455,250;349,195	811	1436647049
437,319;434,366;263,222	352,295;346,255;157,407	345	1436647056
367,14;142,80;418,272	450,439;247,486;318,143	239	1436647062
163,62;52,204;431,228	322,454;40,462;299,44	645	1436647085
420,155;335,411;113,334	154,386;186,212;221,427	799	1436647091
344,366;91,297;178,387	408,391;313,388;188,23	781	1436647099
483,251;389,374;334,233	324,473;33,443;102,193	332	1436647105
461,30;449,159;411,277	348,263;93,232;179,250	380	1436647110
89,191;219,293;370,291	250,118;438,274;101,261	760	1436647116
50,230;454,95;53,165	198,474;437,43;449,131	724	1436647122
338,231;61,51;240,147	13,109;29,200;272,337	637	1436647128
321,369;13,409;17,19	449,248;273,65;308,342	85	1436647134
347,119;193,213;98,56	372,385;331,413;106,131	265	1436647139
152,223;50,447;435,158	483,212;372,464;38,419	1000	1436647146
215,192;480,472;474,272	406,80;478,48;74,484	1000	1436647151
98,206;379,52;379,157	479,169;338,341;58,46	1000	1436647156
281,293;134,442;28,68	284,206;145,385;360,278	282	1436647161
43,236;379,412;248,230	411,125;192,91;309,416	977	1436647167
434,46;256,333;263,59	313,366;361,224;174,250	1000	1436647174
436,397;257,297;167,38	317,370;182,278;338,113	204	1436647183
255,480;44,39;335,314	320,453;55,45;140,224	169	1436647189
44,216;18,283;221,415	438,40;152,24;261,194	884	1436647194
437,319;434,366;263,222	369,433;450,47;441,334	921	1436647199
427,366;117,188;73,75	320,339;40,425;73,385	83	1436647207
428,58;228,125;188,159	378,407;143,456;43,47	825	1436647212
300,478;335,362;272,352	233,424;155,12;355,225	811	1436647219
451,398;119,210;123,346	66,152;314,58;373,347	845	1436647226
429,94;483,45;395,191	389,476;416,356;413,300	852	1436647233
236,34;374,64;36,389	283,314;102,401;291,79	885	1436647240
426,423;260,418;118,450	408,353;127,61;485,357	880	1436647248
169,456;296,212;52,115	70,385;458,396;287,14	903	1436647253
309,341;144,310;36,277	93,123;435,70;454,237	1000	1436647260
73,416;413,487;260,342	74,353;453,83;358,60	1000	1436647266
4C6u6N697