136	R	0.0.0.0	1436646816
86,169;120,216;436,399	144,391;208,137;457,168	809	1436646914
86,78;211,107;147,483	300,72;222,477;113,110	222	1436646928
42,319;93,132;46,412	429,92;312,197;119,197	732	1436646937
321,361;415,193;224,237	321,361;415,193;224,237	2	1436646949
213,263;455,213;370,59	177,372;447,44;475,193	306	1436646961
280,308;219,21;355,351	311,180;66,426;446,166	776	1436646969
215,192;480,472;474,272	116,112;465,42;445,182	674	1436646978
233,210;379,177;269,373	417,22;404,66;281,58	792	1436646986
73,416;413,487;260,342	74,353;453,83;358,60	732	1436646995
14,381;248,59;194,65	281,22;334,21;231,143	451	1436647005
450,433;56,32;266,193	206,342;67,56;206,356	701	1436647013
84,411;347,471;487,416	238,57;391,391;172,280	855	1436647022
436,397;257,297;167,38	64,266;328,270;463,207	717	1436647031
302,153;253,50;22,320	456,56;137,49;417,264	672	1436647039
348,392;211,473;351,51	134,327;221,114;241,340	274	1436647050
418,431;120,100;122,418	272,51;154,276;288,11	920	1436647059
305,20;237,116;138,327	389,412;292,221;374,365	744	1436647071
95,424;213,481;367,250	107,485;469,93;210,462	318	1436647078
347,119;193,213;98,56	47,340;77,390;236,302	648	1436647085
398,474;21,332;153,380	398,474;21,332;153,380	2	1436647094
35,425;89,233;175,236	398,77;272,372;24,396	910	1436647101
426,423;260,418;118,450	337,391;157,208;447,377	758	1436647107
288,255;363,115;201,424	299,20;461,169;234,38	877	1436647113
132,116;262,116;242,277	460,123;377,38;62,181	821	1436647120
215,192;480,472;474,272	125,140;165,332;487,456	425	1436647129
131,57;314,372;358,369	246,237;107,156;337,404	626	1436647137
50,312;460,337;35,192	50,312;460,337;35,192	2	1436647146
175,154;304,335;403,39	73,256;309,16;318,116	619	1436647160
43,236;379,412;248,230	419,195;151,95;289,444	753	1436647168
307,55;409,378;384,271	173,189;59,85;453,415	668	1436647175
44,216;18,283;221,415	325,65;249,391;164,231	703	1436647182
374,277;427,307;249,208	156,358;138,342;326,134	794	1436647189
137,148;480,110;212,50	381,328;161,158;179,335	684	1436647195
264,426;482,179;18,329	132,25;44,330;261,229	745	1436647203
451,398;119,210;123,346	307,436;176,323;490,306	641	1436647212
254,421;291,307;450,150	208,207;471,440;350,163	705	1436647223
163,62;52,204;431,228	316,374;207,102;416,29	430	1436647231
200,93;21,334;329,359	467,379;192,465;469,371	937	1436647239
207,439;238,130;436,487	330,128;335,230;382,144	833	1436647246
47,391;148,373;38,126	96,212;118,443;273,222	632	1436647253
43,236;379,412;248,230	210,276;449,362;260,408	682	1436647260
237,152;242,200;252,74	197,231;244,242;460,415	752	1436647266
73,111;125,418;127,101	120,334;61,441;435,69	665	1436647273
309,341;144,310;36,277	93,123;435,70;454,237	802	1436647280
437,319;434,366;263,222	58,181;80,388;16,266	297	1436647287
26,243;188,168;160,226	103,52;55,269;271,24	699	1436647296
141,246;247,257;220,364	198,48;62,188;311,116	444	1436647302
35,425;89,233;175,236	286,143;24,265;232,72	384	1436647309
42,102;118,230;476,123	67,400;325,338;270,159	567	1436647316
264,426;482,179;18,329	415,264;467,45;92,324	359	1436647323
340,30;42,217;206,132	152,110;270,403;454,172	809	1436647329
64,471;460,96;458,377	254,158;397,78;475,205	773	1436647336
35,425;89,233;175,236	76,438;258,66;200,446	753	1436647343
481,56;312,344;239,412	204,50;471,139;29,408	799	1436647349
264,426;482,179;18,329	335,463;18,267;342,34	428	1436647355
54,78;409,217;107,98	345,482;224,154;276,273	348	1436647362
480,200;18,58;163,93	145,310;203,121;66,489	370	1436647368
398,113;161,279;464,128	63,150;466,239;337,187	392	1436647377
419,475;306,335;396,328	306,200;13,248;454,309	745	1436647384
51,78;78,214;266,179	361,389;374,241;119,138	389	1436647391
385,469;45,140;415,440	300,452;484,236;224,304	734	1436647398
196,412;444,339;304,208	118,228;254,121;358,419	362	1436647405
237,152;242,200;252,74	239,120;250,173;311,35	267	1436647411
38,326;94,255;266,301	375,267;194,61;87,130	464	1436647420
50,230;454,95;53,165	64,129;124,455;258,232	649	1436647426
78,316;216,177;304,112	309,364;215,358;438,177	662	1436647431
446,303;134,198;474,105	83,307;420,322;362,466	273	1436647440
338,328;155,125;160,228	267,410;261,204;81,187	560	1436647450
23,364;134,110;403,38	116,297;161,115;55,347	684	1436647458
450,358;17,232;64,311	341,286;309,367;153,153	674	1436647466
227,335;469,477;241,117	284,84;398,33;97,51	747	1436647472
426,423;260,418;118,450	174,107;256,175;422,161	471	1436647481
348,115;438,274;26,142	50,222;368,277;182,28	470	1436647490
370,434;188,334;212,161	247,441;133,135;77,446	531	1436647497
446,202;317,202;490,290	307,365;347,374;46,128	781	1436647503
89,154;125,240;275,406	486,90;426,132;196,490	470	1436647509
89,154;125,240;275,406	175,276;440,459;380,326	681	1436647516
115,72;67,147;76,253	203,208;201,245;27,309	407	1436647524
56,410;235,188;70,347	194,167;152,168;472,479	528	1436647533
27,166;224,232;336,184	187,201;153,448;195,155	869	1436647540
392,219;282,229;231,459	84,300;273,150;280,387	475	1436647547
345,44;114,357;248,273	436,126;298,183;392,189	629	1436647554
301,153;223,216;252,303	454,239;188,239;242,376	573	1436647562
166,421;181,321;295,80	208,346;490,68;482,394	784	1436647571
31,293;346,471;175,27	129,77;87,437;30,16	647	1436647580
437,319;434,366;263,222	397,202;110,354;464,98	607	1436647587
89,154;125,240;275,406	418,235;168,89;348,215	363	1436647595
95,473;396,76;98,68	141,87;489,421;219,437	537	1436647603
281,293;134,442;28,68	490,141;277,95;429,99	754	1436647610
142,418;126,219;48,213	450,394;443,448;425,262	768	1436647616
448,116;148,189;248,384	81,172;41,199;214,297	702	1436647622
232,193;166,278;430,450	51,156;232,213;175,164	677	1436647629
200,326;272,200;19,224	127,55;199,312;398,393	534	1436647636
428,425;425,339;146,102	27,401;150,220;396,472	689	1436647643
472,215;100,255;419,377	22,416;223,393;20,99	273	1436647650
12,378;139,383;89,376	331,164;342,51;46,258	880	1436647658
196,467;426,393;357,285	380,153;375,433;488,258	328	1436647664
75,11;396,474;302,294	263,287;26,301;77,376	716	1436647670
17,46;151,56;365,187	348,104;106,417;225,166	248	1436647677
50,168;98,101;303,158	354,89;232,475;225,262	688	1436647683
115,72;67,147;76,253	109,135;81,252;118,175	222	1436647690
314,321;239,485;440,386	159,80;166,383;459,313	527	1436647696
259,12;379,60;30,391	259,12;379,60;30,391	2	1436647703
255,298;155,364;311,134	422,340;96,359;292,75	652	1436647709
288,255;363,115;201,424	101,285;64,310;319,15	471	1436647715
103,415;388,475;88,354	288,109;416,132;460,198	629	1436647724
169,488;480,342;209,212	353,425;465,429;248,125	753	1436647730
27,166;224,232;336,184	316,178;310,226;381,240	774	1436647737
472,215;100,255;419,377	93,220;445,36;21,396	739	1436647746
376,89;467,261;385,373	204,184;188,262;278,453	579	1436647752
115,72;67,147;76,253	362,101;43,361;426,71	838	1436647758
391,201;219,313;460,382	58,431;268,280;39,148	241	1436647765
76,358;489,417;96,438	454,436;119,456;124,95	820	1436647775
236,458;437,368;320,145	23,458;425,295;304,43	469	1436647780
54,476;207,232;319,143	197,57;433,264;306,456	775	1436647786
78,49;51,344;355,483	260,445;30,382;299,372	772	1436647793
47,391;148,373;38,126	407,177;178,338;428,339	576	1436647799
159,160;33,474;487,293	368,453;429,395;206,116	796	1436647807
350,323;362,239;303,269	72,447;334,414;85,246	852	1436647814
115,72;67,147;76,253	123,424;36,334;263,456	391	1436647822
62,220;14,175;192,33	282,207;397,234;117,312	610	1436647829
322,71;409,323;67,452	439,414;39,315;331,423	679	1436647837
40,325;29,222;83,120	162,325;429,416;132,419	747	1436647845
192,294;487,314;461,215	90,255;155,402;336,48	466	1436647852
28,167;321,39;466,132	84,425;301,292;310,75	563	1436647859
163,62;52,204;431,228	281,114;79,227;437,363	78	1436647866
336,164;338,255;166,164	190,35;59,294;396,294	727	1436647872
457,300;287,284;452,148	256,63;290,452;129,110	796	1436647880
44,216;18,283;221,415	342,417;74,421;90,266	804	1436647887
143,416;251,125;313,232	25,468;286,218;141,197	388	1436647894
121,381;321,89;390,224	94,245;303,334;143,100	584	1436647901
76,347;113,369;99,460	107,360;310,258;434,249	767	1436647907
436,397;257,297;167,38	63,200;473,327;269,349	230	1436647914
430,321;167,177;252,84	276,282;254,431;163,95	556	1436647920
134,338;22,407;26,111	363,17;207,118;453,451	711	1436647927
1H4w9Q638