136	L	0.0.0.0	1436646144
86,169;120,216;436,399	144,391;208,137;457,168	869	1436646384
86,78;211,107;147,483	300,72;222,477;113,110	199	1436646397
42,319;93,132;46,412	429,92;312,197;119,197	548	1436646411
321,361;415,193;224,237	321,361;415,193;224,237	7	1436646423
213,263;455,213;370,59	177,372;447,44;475,193	473	1436646432
280,308;219,21;355,351	311,180;66,426;446,166	426	1436646440
62,289;23,41;282,340	470,117;350,108;418,357	648	1436646447
391,41;216,359;395,193	204,23;373,429;366,190	127	1436646455
83,486;84,230;32,399	484,40;131,211;378,226	713	1436646472
76,347;113,369;99,460	209,143;376,297;79,144	234	1436646478
196,412;444,339;304,208	231,393;218,80;193,459	751	1436646485
67,215;473,407;217,122	242,13;283,444;361,150	199	1436646493
95,121;198,52;123,90	181,108;330,332;28,147	699	1436646499
462,290;336,373;18,373	272,334;208,265;88,128	907	1436646507
235,310;109,428;57,128	151,198;91,194;143,204	845	1436646514
410,450;320,422;291,177	400,469;420,392;161,452	213	1436646526
34,317;87,141;14,149	150,106;172,87;212,109	760	1436646537
340,30;42,217;206,132	412,387;229,412;455,122	778	1436646544
165,353;21,269;375,230	353,486;174,307;246,11	130	1436646551
149,207;426,247;34,439	206,36;85,398;486,88	277	1436646558
331,145;364,272;379,451	223,296;156,315;485,79	266	1436646566
344,174;14,233;227,177	362,388;314,98;241,76	646	1436646576
410,62;383,256;195,198	141,428;193,318;225,144	695	1436646586
296,440;164,242;381,391	179,126;364,253;307,386	417	1436646595
82,394;410,339;182,156	487,138;260,446;116,137	323	1436646602
350,428;81,399;260,182	171,443;337,465;436,378	670	1436646611
17,46;151,56;365,187	385,420;88,55;100,140	380	1436646619
361,216;132,47;50,403	418,223;370,220;254,393	697	1436646626
94,322;203,172;357,266	102,484;319,464;434,190	581	1436646632
458,361;397,354;377,487	336,179;418,429;153,293	699	1436646638
476,389;181,392;68,152	349,109;419,356;252,204	427	1436646645
259,188;370,226;309,311	149,489;39,96;338,275	348	1436646655
365,159;43,490;215,122	471,333;185,415;194,74	811	1436646662
451,398;119,210;123,346	129,73;265,290;35,401	738	1436646667
169,174;201,74;213,342	448,154;300,272;415,474	704	1436646674
393,276;163,455;137,333	156,157;338,406;287,244	731	1436646682
67,120;165,428;37,437	460,113;441,277;282,490	813	1436646690
14,381;248,59;194,65	70,352;274,237;420,185	425	1436646697
309,341;144,310;36,277	121,167;281,440;136,165	474	1436646702
480,200;18,58;163,93	145,310;203,121;66,489	356	1436646709
480,200;18,58;163,93	274,46;209,363;264,234	533	1436646715
443,321;153,388;404,266	96,449;130,163;60,168	251	1436646723
414,489;468,222;467,385	249,131;232,155;40,466	770	1436646731
437,319;434,366;263,222	111,328;43,260;259,145	646	1436646740
115,72;67,147;76,253	292,131;206,103;468,276	688	1436646747
451,398;119,210;123,346	453,350;411,73;282,398	516	1436646754
406,258;162,108;486,478	228,369;21,11;108,134	634	1436646759
451,398;119,210;123,346	66,152;314,58;373,347	627	1436646765
215,216;217,203;132,97	115,257;351,47;173,111	878	1436646772
361,351;363,67;427,305	60,425;164,441;376,37	233	1436646779
461,30;449,159;411,277	348,263;93,232;179,250	337	1436646787
34,194;35,103;306,433	262,92;49,296;259,357	707	1436646839
385,164;279,192;104,441	300,44;212,307;385,442	719	1436646846
240,160;110,11;375,181	195,152;446,11;259,89	653	1436646853
338,473;283,193;282,329	459,226;363,327;285,116	847	1436646860
94,322;203,172;357,266	424,385;364,404;472,334	813	1436646867
23,28;369,459;24,30	219,251;21,346;344,191	339	1436646874
436,397;257,297;167,38	317,370;182,278;338,113	673	1436646880
385,469;45,140;415,440	300,452;484,236;224,304	830	1436646885
343,382;307,38;171,63	433,69;190,327;77,422	742	1436646891
430,321;167,177;252,84	217,193;358,104;254,49	457	1436646900
482,270;383,160;188,252	220,378;394,127;203,174	146	1436646908
438,408;105,179;31,56	286,472;286,382;188,250	337	1436646914
106,64;466,431;23,193	117,336;100,35;87,161	713	1436646920
332,265;321,160;458,160	295,42;271,157;314,35	744	1436646925
264,426;482,179;18,329	121,88;126,377;375,338	670	1436646932
115,72;67,147;76,253	362,101;43,361;426,71	723	1436646937
23,28;369,459;24,30	371,104;13,271;48,285	886	1436646947
121,490;261,396;139,123	203,331;188,476;425,239	562	1436646952
391,41;216,359;395,193	276,22;134,384;292,152	170	1436646959
398,474;21,332;153,380	398,474;21,332;153,380	38	1436646966
53,87;271,443;320,346	410,38;170,183;447,119	327	1436646972
262,392;437,481;20,90	311,340;228,409;355,391	771	1436646977
196,412;444,339;304,208	162,324;239,215;187,347	752	1436646982
76,358;489,417;96,438	453,59;179,170;484,217	678	1436646987
131,227;89,67;338,141	265,472;23,173;449,102	180	1436646995
215,192;480,472;474,272	405,106;471,457;140,405	762	1436647002
367,284;217,395;425,416	126,255;12,71;328,422	755	1436647008
472,83;362,33;42,272	26,485;383,468;440,335	232	1436647014
149,207;426,247;34,439	173,417;172,254;480,287	712	1436647020
451,398;119,210;123,346	192,235;479,231;441,155	240	1436647028
237,152;242,200;252,74	320,447;228,74;330,414	717	1436647034
356,261;479,71;183,330	357,145;288,23;292,317	413	1436647040
261,409;350,267;163,82	203,106;124,336;386,413	467	1436647046
161,71;269,131;478,482	136,364;296,85;430,413	852	1436647052
23,248;123,178;127,233	346,359;16,106;282,34	818	1436647058
44,216;18,283;221,415	346,426;231,305;232,432	774	1436647064
76,358;489,417;96,438	220,280;459,37;441,371	696	1436647071
448,49;220,205;334,182	305,49;136,395;225,305	464	1436647077
115,72;67,147;76,253	310,341;310,251;256,425	95	1436647085
124,217;147,407;186,118	134,109;462,90;120,320	576	1436647090
122,324;39,350;211,207	159,393;260,285;184,478	375	1436647096
478,198;170,269;16,170	77,279;403,253;456,145	439	1436647103
428,256;275,257;477,381	361,268;361,373;418,209	612	1436647109
83,486;84,230;32,399	273,13;370,186;485,205	446	1436647115
396,142;141,438;50,294	102,372;461,237;154,452	235	1436647121
50,312;460,337;35,192	50,312;460,337;35,192	31	1436647128
426,423;260,418;118,450	230,206;371,193;205,20	882	1436647133
328,478;105,100;94,196	180,276;488,476;43,29	583	1436647139
259,12;379,60;30,391	259,12;379,60;30,391	51	1436647146
361,351;363,67;427,305	335,63;182,298;85,207	412	1436647152
302,153;253,50;22,320	279,380;375,86;479,408	685	1436647159
106,64;466,431;23,193	231,19;154,50;150,347	490	1436647167
309,341;144,310;36,277	411,204;403,86;294,430	613	1436647173
153,76;47,35;65,273	72,153;395,129;394,32	787	1436647179
340,30;42,217;206,132	28,487;477,292;462,308	564	1436647186
24,85;404,22;13,124	288,311;185,186;362,360	599	1436647192
457,19;206,405;63,247	56,481;275,293;451,355	565	1436647199
312,423;145,130;100,326	456,205;301,154;94,200	635	1436647209
425,441;460,413;381,487	195,160;315,390;342,145	974	1436647216
189,486;452,106;105,180	349,459;392,198;52,480	148	1436647227
357,48;366,331;359,287	217,378;35,163;334,198	957	1436647234
196,412;444,339;304,208	114,146;47,299;333,219	135	1436647244
340,30;42,217;206,132	242,112;79,248;66,69	841	1436647251
391,41;216,359;395,193	128,327;288,426;174,105	370	1436647257
76,358;489,417;96,438	192,371;74,137;449,325	793	1436647265
434,46;256,333;263,59	82,63;245,26;421,383	582	1436647272
436,397;257,297;167,38	27,11;273,107;128,143	479	1436647281
350,301;16,456;55,33	255,444;161,28;261,436	923	1436647287
188,443;158,207;184,286	480,380;354,230;319,283	846	1436647294
83,486;84,230;32,399	75,33;243,364;170,297	576	1436647299
480,204;401,305;451,38	435,270;94,74;279,63	724	1436647316
347,465;436,31;226,388	152,280;176,363;218,447	921	1436647323
254,421;291,307;450,150	96,120;101,314;286,285	805	1436647329
154,238;467,70;310,310	194,253;463,425;144,169	775	1436647335
43,236;379,412;248,230	356,466;387,109;404,232	755	1436647343
83,486;84,230;32,399	20,486;65,152;244,140	560	1436647351
472,215;100,255;419,377	360,49;468,314;154,388	682	1436647360
486,315;321,423;129,435	230,92;273,114;63,215	631	1436647368
94,322;203,172;357,266	289,12;92,182;291,341	162	1436647377
89,154;125,240;275,406	211,252;214,228;381,485	200	1436647388
376,89;467,261;385,373	204,184;188,262;278,453	625	1436647394
317,27;349,63;431,383	232,370;153,52;443,252	956	1436647401
391,41;216,359;395,193	295,459;67,363;25,318	843	1436647409
410,294;414,147;241,23	226,74;436,118;266,28	643	1436647424
5C3t7M256