136	R	0.0.0.0	1436646522
86,169;120,216;436,399	144,391;208,137;457,168	144	1436646605
86,78;211,107;147,483	300,72;222,477;113,110	0	1436646615
42,319;93,132;46,412	429,92;312,197;119,197	0	1436646628
321,361;415,193;224,237	321,361;415,193;224,237	0	1436646637
213,263;455,213;370,59	177,372;447,44;475,193	722	1436646652
280,308;219,21;355,351	311,180;66,426;446,166	73	1436646662
264,426;482,179;18,329	55,173;326,187;139,358	617	1436646670
154,338;248,296;453,384	366,411;392,123;414,248	6	1436646683
486,420;466,135;48,26	488,359;175,165;352,438	900	1436646694
23,28;369,459;24,30	383,212;438,362;300,233	1000	1436646707
348,115;438,274;26,142	427,389;309,159;246,262	180	1436646719
475,223;278,64;405,397	166,141;448,168;403,402	746	1436646727
385,164;279,192;104,441	300,44;212,307;385,442	674	1436646738
47,391;148,373;38,126	55,15;118,82;72,396	714	1436646744
437,319;434,366;263,222	186,298;306,383;136,197	760	1436646751
44,216;18,283;221,415	282,47;12,279;246,100	196	1436646762
436,397;257,297;167,38	195,216;187,173;113,361	786	1436646771
302,153;253,50;22,320	353,237;461,139;59,323	5	1436646778
144,396;282,321;391,81	282,413;74,380;331,315	776	1436646786
264,426;482,179;18,329	181,55;406,188;57,372	0	1436646794
50,262;192,249;101,402	450,470;73,51;116,17	1000	1436646803
23,28;369,459;24,30	243,388;138,349;487,478	647	1436646817
76,347;113,369;99,460	174,165;274,361;28,411	63	1436646826
35,425;89,233;175,236	414,118;466,27;51,210	220	1436646835
50,230;454,95;53,165	204,363;172,466;209,314	1000	1436646843
348,115;438,274;26,142	335,398;408,247;11,251	8	1436646852
331,443;299,377;464,75	292,64;449,174;44,268	967	1436646858
352,411;192,202;84,269	299,117;198,84;286,370	98	1436646866
50,230;454,95;53,165	64,167;256,319;236,146	1000	1436646873
413,108;257,190;318,247	67,441;199,462;381,290	771	1436646879
76,358;489,417;96,438	349,427;244,120;20,52	883	1436646886
165,353;21,269;375,230	106,159;435,43;478,413	897	1436646896
309,341;144,310;36,277	411,204;403,86;294,430	849	1436646904
50,312;460,337;35,192	50,312;460,337;35,192	0	1436646911
464,170;464,383;201,17	140,188;64,63;453,345	197	1436646919
391,41;216,359;395,193	373,452;242,84;321,271	261	1436646928
380,204;304,39;187,259	319,265;452,462;178,466	0	1436646935
215,192;480,472;474,272	488,404;123,48;53,440	752	1436646941
288,255;363,115;201,424	433,268;483,159;482,381	1000	1436646950
451,398;119,210;123,346	368,123;366,182;12,15	585	1436646957
328,478;105,100;94,196	339,97;22,18;422,112	1000	1436646965
76,62;359,401;46,439	297,126;166,409;233,194	787	1436646973
80,114;109,236;381,48	444,479;302,135;112,484	817	1436646984
447,350;223,20;162,482	441,425;59,262;24,37	794	1436646990
62,93;462,421;174,258	352,218;457,197;212,383	809	1436646998
351,277;16,62;172,298	432,89;54,67;213,459	631	1436647004
263,95;109,479;387,294	235,148;353,340;168,399	1000	1436647011
361,351;363,67;427,305	277,89;341,423;84,390	654	1436647018
67,215;473,407;217,122	134,144;301,475;373,116	567	1436647026
237,438;63,255;451,190	154,247;153,24;408,304	897	1436647034
115,72;67,147;76,253	376,396;94,259;471,330	781	1436647041
27,166;224,232;336,184	280,409;187,89;207,174	952	1436647064
228,339;349,374;222,436	172,281;177,257;128,250	556	1436647069
163,62;52,204;431,228	281,46;449,297;212,210	925	1436647077
115,72;67,147;76,253	186,212;54,48;355,365	822	1436647084
347,119;193,213;98,56	46,411;113,321;13,310	663	1436647089
244,168;340,71;204,156	387,204;72,200;414,255	423	1436647097
23,28;369,459;24,30	142,321;439,197;64,305	981	1436647108
76,358;489,417;96,438	104,124;239,478;56,356	947	1436647113
25,366;463,113;459,357	216,130;125,370;129,303	790	1436647119
27,166;224,232;336,184	318,342;122,301;240,300	766	1436647125
29,336;149,288;145,476	460,177;225,101;103,411	523	1436647133
44,216;18,283;221,415	392,35;399,227;435,238	109	1436647140
486,420;466,135;48,26	129,199;112,79;199,292	99	1436647152
254,421;291,307;450,150	450,370;129,122;480,363	689	1436647159
102,441;228,451;13,443	360,429;341,341;281,440	957	1436647164
259,12;379,60;30,391	259,12;379,60;30,391	0	1436647170
361,351;363,67;427,305	42,432;235,100;88,307	664	1436647177
72,54;338,355;38,138	149,88;330,153;426,207	855	1436647182
102,293;336,237;371,154	257,268;33,217;330,83	690	1436647188
437,319;434,366;263,222	368,490;130,91;156,11	984	1436647193
225,81;142,400;235,414	107,68;197,427;103,131	788	1436647200
163,62;52,204;431,228	94,41;480,103;440,219	824	1436647209
309,341;144,310;36,277	268,87;231,304;298,401	965	1436647218
215,74;161,202;355,181	234,272;48,228;83,76	406	1436647226
469,440;338,244;159,183	401,79;479,152;425,161	972	1436647233
391,41;216,359;395,193	128,327;288,426;174,105	824	1436647238
23,28;369,459;24,30	307,393;440,442;63,340	1000	1436647244
361,351;363,67;427,305	381,14;471,402;346,225	827	1436647251
475,14;216,211;203,146	103,13;401,455;420,440	1000	1436647257
281,293;134,442;28,68	83,329;45,28;87,130	994	1436647264
168,131;359,372;118,236	39,373;376,27;481,125	974	1436647270
466,106;19,393;33,149	112,242;146,287;475,378	954	1436647276
67,120;165,428;37,437	460,113;441,277;282,490	981	1436647282
367,14;142,80;418,272	321,312;62,209;309,375	951	1436647288
343,437;278,351;412,243	218,121;48,337;331,345	897	1436647294
347,119;193,213;98,56	182,431;303,162;460,283	840	1436647300
485,255;389,269;456,207	378,427;368,309;47,44	978	1436647305
383,110;173,181;308,475	429,19;280,149;394,207	376	1436647312
451,398;119,210;123,346	66,152;314,58;373,347	798	1436647319
161,71;269,131;478,482	136,364;296,85;430,413	949	1436647325
67,215;473,407;217,122	216,21;359,360;490,121	832	1436647332
327,385;313,480;350,440	102,338;178,411;167,375	400	1436647339
437,319;434,366;263,222	279,423;131,321;418,99	746	1436647344
348,115;438,274;26,142	369,324;22,471;154,25	812	1436647350
431,122;418,223;145,27	276,284;174,424;417,249	774	1436647356
115,72;67,147;76,253	185,132;202,292;195,472	875	1436647362
207,266;78,196;470,326	323,56;341,235;343,70	680	1436647379
196,412;444,339;304,208	428,370;340,270;142,168	721	1436647386
304,407;295,58;159,280	276,377;310,39;397,72	849	1436647393
344,160;213,36;64,343	229,32;407,376;474,280	770	1436647398
196,412;444,339;304,208	449,163;218,413;402,77	770	1436647404
367,14;142,80;418,272	211,344;325,53;47,201	631	1436647411
218,279;290,470;372,91	69,232;354,76;62,471	441	1436647421
428,58;228,125;188,159	394,444;260,383;184,211	668	1436647428
76,358;489,417;96,438	453,59;179,170;484,217	705	1436647434
149,207;426,247;34,439	300,158;440,440;375,229	712	1436647440
115,72;67,147;76,253	489,291;481,239;465,239	716	1436647446
472,215;100,255;419,377	297,373;272,252;444,209	720	1436647453
301,153;223,216;252,303	454,239;188,239;242,376	695	1436647460
436,397;257,297;167,38	262,481;25,111;379,470	706	1436647479
346,199;75,473;477,351	147,200;283,61;357,403	260	1436647487
83,486;84,230;32,399	108,74;74,435;54,374	744	1436647493
220,320;197,212;287,275	21,253;220,58;401,264	731	1436647500
237,152;242,200;252,74	197,231;244,242;460,415	782	1436647519
165,353;21,269;375,230	15,297;329,167;490,51	800	1436647526
348,115;438,274;26,142	253,227;346,104;358,454	97	1436647533
398,474;21,332;153,380	398,474;21,332;153,380	5	1436647541
149,207;426,247;34,439	289,142;128,288;481,453	585	1436647547
348,115;438,274;26,142	120,490;423,171;112,339	465	1436647556
325,289;284,197;357,32	452,368;124,346;216,485	364	1436647565
215,192;480,472;474,272	484,161;486,416;79,25	393	1436647575
83,486;84,230;32,399	251,47;44,52;85,256	761	1436647581
35,425;89,233;175,236	257,382;66,426;23,48	437	1436647589
149,207;426,247;34,439	24,229;429,31;372,486	705	1436647602
27,166;224,232;336,184	396,329;173,243;458,82	714	1436647609
150,440;434,194;117,390	225,26;135,153;200,168	763	1436647615
134,338;22,407;26,111	363,17;207,118;453,451	760	1436647622
430,321;167,177;252,84	146,264;204,196;308,430	590	1436647638
196,412;444,339;304,208	237,314;168,165;482,450	964	1436647645
264,426;482,179;18,329	142,455;452,149;490,134	995	1436647651
340,52;327,227;464,443	22,374;379,149;244,317	38	1436647661
196,412;444,339;304,208	201,318;163,70;474,282	952	1436647667
62,289;23,41;282,340	470,117;350,108;418,357	440	1436647674
89,191;219,293;370,291	250,118;438,274;101,261	864	1436647681
5F4y7Q785