137	L	0.0.0.0	1436646147
86,169;120,216;436,399	144,391;208,137;457,168	1000	1436646240
86,78;211,107;147,483	300,72;222,477;113,110	291	1436646253
42,319;93,132;46,412	429,92;312,197;119,197	997	1436646276
321,361;415,193;224,237	321,361;415,193;224,237	0	1436646284
213,263;455,213;370,59	177,372;447,44;475,193	419	1436646315
280,308;219,21;355,351	311,180;66,426;446,166	878	1436646335
149,207;426,247;34,439	462,336;469,335;356,487	1000	1436646344
486,420;466,135;48,26	382,358;379,254;381,438	983	1436646369
43,236;379,412;248,230	133,441;76,201;444,105	128	1436646376
196,412;444,339;304,208	118,228;254,121;358,419	110	1436646397
43,236;379,412;248,230	80,229;39,367;79,61	962	1436646403
328,478;105,100;94,196	398,431;365,487;295,163	123	1436646443
338,231;61,51;240,147	13,109;29,200;272,337	923	1436646449
175,17;177,346;408,78	291,468;302,75;30,168	34	1436646455
361,351;363,67;427,305	367,457;486,357;299,14	40	1436646462
43,236;379,412;248,230	354,385;422,220;64,319	750	1436646470
481,375;321,301;145,217	366,211;100,186;180,204	962	1436646476
414,143;298,296;370,130	396,84;93,238;216,210	892	1436646482
215,192;480,472;474,272	390,132;488,269;128,343	18	1436646489
231,143;446,21;348,467	250,416;470,89;198,206	11	1436646499
361,351;363,67;427,305	23,194;24,183;305,416	932	1436646508
172,474;160,197;320,27	137,484;354,199;247,280	871	1436646515
196,412;444,339;304,208	104,202;134,48;346,172	97	1436646523
75,380;453,231;433,382	124,253;331,217;208,402	804	1436646529
483,288;358,370;376,107	74,280;331,249;162,485	115	1436646535
348,115;438,274;26,142	121,288;237,434;356,435	717	1436646541
212,445;179,174;380,30	139,431;441,407;404,100	582	1436646546
324,302;150,474;446,304	451,350;458,323;40,354	946	1436646555
254,421;291,307;450,150	222,225;31,39;422,436	994	1436646565
70,177;108,411;342,128	363,482;480,149;124,25	710	1436646580
437,319;434,366;263,222	410,222;354,440;194,163	887	1436646585
94,322;203,172;357,266	427,325;160,356;326,67	511	1436646591
44,179;314,88;380,211	217,96;46,429;288,333	656	1436646597
163,62;52,204;431,228	281,46;449,297;212,210	604	1436646603
180,478;334,205;398,30	205,192;159,318;222,174	967	1436646610
391,41;216,359;395,193	270,279;137,78;15,288	967	1436646616
361,351;363,67;427,305	86,34;104,71;377,248	924	1436646621
76,358;489,417;96,438	398,253;159,432;179,394	853	1436646633
424,312;195,97;334,356	458,164;471,111;328,175	834	1436646648
302,153;253,50;22,320	203,86;63,40;125,404	79	1436646658
436,397;257,297;167,38	52,16;110,471;184,68	712	1436646664
288,255;363,115;201,424	350,433;108,408;312,387	1000	1436646671
419,201;261,83;299,184	34,355;488,402;324,447	639	1436646678
83,486;84,230;32,399	265,19;124,421;163,171	588	1436646683
106,64;466,431;23,193	313,278;317,97;461,347	861	1436646695
65,75;197,14;56,189	225,42;145,177;317,326	893	1436646703
23,24;436,476;154,238	455,313;103,136;390,305	825	1436646709
414,158;66,162;278,11	171,390;147,214;227,310	811	1436646715
480,200;18,58;163,93	109,186;388,295;300,248	0	1436646720
301,422;223,445;424,87	299,359;279,487;149,433	516	1436646727
67,215;473,407;217,122	135,98;333,403;224,473	331	1436646734
398,474;21,332;153,380	398,474;21,332;153,380	0	1436646743
428,58;228,125;188,159	286,83;471,280;40,395	1000	1436646749
281,293;134,442;28,68	135,261;374,139;85,207	581	1436646754
50,230;454,95;53,165	368,254;76,181;451,213	679	1436646763
197,292;450,382;143,244	450,407;274,467;344,418	888	1436646778
451,398;119,210;123,346	403,127;411,488;473,20	558	1436646783
391,41;216,359;395,193	325,53;129,93;433,314	599	1436646793
264,426;482,179;18,329	181,55;406,188;57,372	216	1436646798
87,469;401,54;86,263	83,79;465,215;327,300	132	1436646804
196,412;444,339;304,208	179,322;301,110;54,53	182	1436646810
214,461;452,229;11,436	41,383;185,25;293,12	287	1436646817
447,454;173,308;101,236	386,50;391,220;150,164	996	1436646822
35,425;89,233;175,236	315,317;240,425;215,376	362	1436646828
347,119;193,213;98,56	50,326;66,32;358,431	285	1436646834
77,378;218,284;101,337	215,241;326,234;38,256	993	1436646840
194,289;268,331;157,102	66,242;278,13;146,15	649	1436646846
34,479;326,155;36,366	417,459;149,258;103,53	676	1436646853
154,238;467,70;310,310	286,408;191,189;32,177	1	1436646860
242,476;305,254;419,231	346,357;92,14;183,160	995	1436646866
281,293;134,442;28,68	84,129;395,300;307,43	343	1436646901
436,301;49,25;186,84	418,118;213,403;255,55	727	1436646907
149,448;192,326;127,303	79,470;106,336;137,444	19	1436646913
76,347;113,369;99,460	52,382;209,479;389,355	288	1436646932
76,347;113,369;99,460	211,426;484,161;386,345	811	1436646960
188,136;193,269;318,447	408,462;69,52;460,446	753	1436646965
283,485;226,233;402,139	206,223;296,375;387,185	313	1436646971
301,316;342,14;32,89	300,205;438,178;78,109	801	1436646977
426,423;260,418;118,450	277,431;48,272;464,88	881	1436646983
149,207;426,247;34,439	116,324;291,439;137,460	616	1436646988
428,58;228,125;188,159	140,31;382,302;200,71	108	1436646994
451,398;119,210;123,346	256,183;382,183;160,319	663	1436647000
50,312;460,337;35,192	50,312;460,337;35,192	0	1436647005
214,167;113,177;217,211	273,136;304,183;38,162	456	1436647012
259,12;379,60;30,391	259,12;379,60;30,391	0	1436647017
411,385;75,466;242,191	202,344;106,95;13,283	305	1436647023
308,141;121,362;28,113	487,81;108,461;153,281	929	1436647029
245,228;393,154;134,455	252,437;385,485;354,466	935	1436647035
232,77;347,330;107,108	489,127;413,463;77,445	726	1436647067
434,46;256,333;263,59	167,112;483,175;97,247	151	1436647073
297,82;132,72;279,57	73,320;336,231;243,283	702	1436647083
89,154;125,240;275,406	328,131;327,87;31,480	674	1436647088
35,425;89,233;175,236	370,357;236,281;354,392	585	1436647094
264,426;482,179;18,329	372,382;58,467;79,204	587	1436647099
264,426;482,179;18,329	264,185;451,180;323,384	637	1436647105
152,114;170,63;338,52	74,54;143,339;50,467	562	1436647111
271,397;134,362;370,247	118,345;23,480;148,406	561	1436647117
35,425;89,233;175,236	424,404;439,345;252,64	415	1436647122
72,54;338,355;38,138	149,88;330,153;426,207	899	1436647128
35,425;89,233;175,236	333,478;197,383;447,120	272	1436647133
102,441;228,451;13,443	360,429;341,341;281,440	938	1436647139
321,369;13,409;17,19	449,248;273,65;308,342	30	1436647145
132,375;263,217;217,424	254,335;365,130;377,162	773	1436647152
451,398;119,210;123,346	307,436;176,323;490,306	269	1436647158
35,425;89,233;175,236	76,438;258,66;200,446	686	1436647164
347,119;193,213;98,56	461,340;138,448;457,222	761	1436647171
281,293;134,442;28,68	284,206;145,385;360,278	769	1436647177
428,58;228,125;188,159	378,407;143,456;43,47	945	1436647183
374,483;409,302;388,151	360,145;131,305;343,74	882	1436647189
50,230;454,95;53,165	64,167;256,319;236,146	865	1436647197
67,215;473,407;217,122	113,65;487,343;283,429	233	1436647203
367,14;142,80;418,272	144,273;16,159;149,398	755	1436647209
149,207;426,247;34,439	65,44;330,403;232,29	722	1436647215
480,200;18,58;163,93	44,250;44,450;237,314	978	1436647221
47,391;148,373;38,126	168,96;60,246;398,283	831	1436647226
420,439;433,13;230,448	215,337;68,40;286,250	645	1436647244
307,31;59,122;60,281	85,255;11,75;185,248	625	1436647250
215,192;480,472;474,272	488,404;123,48;53,440	681	1436647256
347,119;193,213;98,56	450,330;191,207;377,214	261	1436647261
457,357;145,382;487,279	264,171;304,401;261,264	805	1436647267
272,460;57,373;26,405	228,32;254,60;76,488	225	1436647273
469,183;233,465;46,183	34,108;196,458;487,78	86	1436647279
47,391;148,373;38,126	352,293;409,91;364,371	614	1436647283
430,321;167,177;252,84	146,264;204,196;308,430	270	1436647289
163,62;52,204;431,228	361,458;88,313;233,47	652	1436647294
21,405;209,205;68,213	171,346;112,327;449,130	902	1436647300
367,71;96,237;210,74	475,117;255,194;73,388	744	1436647305
391,41;216,359;395,193	490,398;304,118;414,354	852	1436647311
163,476;142,94;236,467	472,424;57,73;190,208	978	1436647316
50,230;454,95;53,165	133,50;367,395;406,169	887	1436647322
489,281;186,280;247,51	225,400;117,429;147,307	97	1436647329
309,341;144,310;36,277	118,126;82,174;416,334	803	1436647335
51,59;484,306;144,45	241,114;45,398;281,17	935	1436647340
281,293;134,442;28,68	95,414;81,112;248,434	215	1436647346
452,198;239,54;313,426	165,240;464,34;376,184	637	1436647353
462,258;433,279;482,319	181,355;135,378;96,443	770	1436647360
4F3v5M460