136	L	0.0.0.0	1436647027
86,169;120,216;436,399	144,391;208,137;457,168	1000	1436647102
86,78;211,107;147,483	300,72;222,477;113,110	234	1436647110
42,319;93,132;46,412	429,92;312,197;119,197	746	1436647116
321,361;415,193;224,237	321,361;415,193;224,237	0	1436647150
213,263;455,213;370,59	177,372;447,44;475,193	364	1436647191
280,308;219,21;355,351	311,180;66,426;446,166	0	1436647195
67,120;165,428;37,437	460,113;441,277;282,490	328	1436647201
230,215;196,217;337,298	382,194;172,135;397,252	669	1436647205
27,166;224,232;336,184	64,410;317,162;448,81	657	1436647210
218,76;396,136;64,256	164,113;331,20;382,464	144	1436647214
348,115;438,274;26,142	17,391;471,168;308,252	1000	1436647218
347,119;193,213;98,56	421,57;133,149;340,460	95	1436647223
21,264;421,164;334,488	426,74;157,126;225,390	0	1436647227
47,391;148,373;38,126	402,51;137,297;109,348	1000	1436647231
261,409;350,267;163,82	203,106;124,336;386,413	30	1436647236
105,262;485,344;146,168	11,428;19,271;101,471	1000	1436647240
79,331;36,48;173,216	301,93;164,406;273,195	850	1436647245
67,215;473,407;217,122	360,196;335,421;84,286	291	1436647249
207,358;310,351;298,229	219,344;80,52;125,298	757	1436647252
281,293;134,442;28,68	221,385;181,111;101,155	209	1436647257
15,98;261,151;132,185	247,157;258,306;155,472	657	1436647261
315,296;108,325;378,323	192,437;85,347;330,54	673	1436647265
97,271;239,382;190,210	86,190;365,274;135,365	226	1436647269
434,475;158,34;233,328	347,426;360,395;256,86	761	1436647275
14,381;248,59;194,65	70,352;274,237;420,185	682	1436647279
147,390;50,458;11,129	443,321;147,236;298,323	643	1436647284
356,293;239,408;147,213	197,41;346,299;56,260	631	1436647301
430,321;167,177;252,84	217,193;358,104;254,49	718	1436647305
244,168;340,71;204,156	387,204;72,200;414,255	681	1436647310
440,223;88,407;289,158	181,414;232,130;325,282	661	1436647315
80,114;109,236;381,48	444,479;302,135;112,484	608	1436647329
76,347;113,369;99,460	174,165;274,361;28,411	608	1436647333
398,474;21,332;153,380	398,474;21,332;153,380	641	1436647337
302,344;82,161;228,294	65,103;381,422;256,225	648	1436647341
28,167;321,39;466,132	84,425;301,292;310,75	379	1436647346
482,474;66,126;358,173	303,182;130,226;425,352	349	1436647351
361,351;363,67;427,305	60,425;164,441;376,37	676	1436647355
309,341;144,310;36,277	411,204;403,86;294,430	725	1436647359
27,166;224,232;336,184	449,326;241,228;433,196	377	1436647363
152,401;452,425;342,253	417,317;151,31;358,79	332	1436647375
31,293;346,471;175,27	129,77;87,437;30,16	297	1436647379
374,277;427,307;249,208	156,358;138,342;326,134	714	1436647383
348,115;438,274;26,142	26,248;398,121;155,302	783	1436647388
472,215;100,255;419,377	158,145;323,176;350,285	793	1436647392
423,315;45,250;19,53	199,488;39,87;424,187	334	1436647396
94,322;203,172;357,266	432,177;142,406;134,51	360	1436647400
281,293;134,442;28,68	127,43;220,323;459,25	210	1436647405
115,72;67,147;76,253	50,99;91,407;77,85	189	1436647411
154,238;467,70;310,310	26,361;69,167;450,351	761	1436647415
76,347;113,369;99,460	75,306;31,71;34,452	381	1436647421
132,375;263,217;217,424	254,335;365,130;377,162	702	1436647425
406,27;188,110;98,197	382,374;129,430;270,490	263	1436647430
14,381;248,59;194,65	391,116;112,331;325,21	677	1436647434
259,188;370,226;309,311	149,489;39,96;338,275	656	1436647438
436,397;257,297;167,38	25,174;34,303;393,225	698	1436647443
115,72;67,147;76,253	292,131;206,103;468,276	377	1436647449
361,351;363,67;427,305	220,203;133,16;406,309	642	1436647454
434,46;256,333;263,59	167,112;483,175;97,247	657	1436647460
382,422;281,301;153,344	481,403;48,127;273,244	704	1436647464
50,230;454,95;53,165	39,39;147,408;156,364	633	1436647468
175,154;304,335;403,39	73,256;309,16;318,116	347	1436647473
264,426;482,179;18,329	264,185;451,180;323,384	335	1436647477
111,81;245,377;443,191	60,406;315,13;324,334	754	1436647481
374,108;448,344;303,130	277,149;173,168;244,300	667	1436647486
161,71;269,131;478,482	136,364;296,85;430,413	634	1436647490
328,478;105,100;94,196	48,250;333,219;402,214	748	1436647494
300,240;369,472;450,287	105,285;43,459;59,272	845	1436647498
196,467;426,393;357,285	380,153;375,433;488,258	346	1436647552
84,97;225,81;377,199	212,199;201,102;478,366	366	1436647557
391,344;151,416;294,374	269,233;475,416;460,456	744	1436647562
13,484;125,87;389,447	144,104;215,333;427,308	676	1436647567
149,207;426,247;34,439	263,382;25,351;357,211	0	1436647571
14,381;248,59;194,65	140,420;199,23;192,479	740	1436647582
83,486;84,230;32,399	364,354;379,176;267,77	173	1436647586
244,54;408,274;59,21	45,181;230,428;344,63	232	1436647590
436,397;257,297;167,38	64,266;328,270;463,207	764	1436647596
149,207;426,247;34,439	65,44;330,403;232,29	233	1436647600
149,207;426,247;34,439	310,443;316,285;437,300	265	1436647605
395,287;467,308;414,224	439,160;476,397;25,329	799	1436647609
391,129;343,198;210,101	398,213;469,295;197,183	573	1436647613
198,348;409,23;386,440	416,40;185,147;281,313	310	1436647617
23,28;369,459;24,30	317,465;380,357;419,200	1000	1436647621
461,30;449,159;411,277	348,263;93,232;179,250	1000	1436647625
418,107;13,124;193,105	391,186;427,403;412,124	134	1436647629
426,423;260,418;118,450	93,281;116,272;151,123	734	1436647633
118,74;160,342;370,12	264,65;32,209;273,412	0	1436647637
391,41;216,359;395,193	448,286;362,347;456,54	0	1436647641
302,153;253,50;22,320	163,419;335,419;181,394	813	1436647645
254,421;291,307;450,150	476,62;445,308;26,323	806	1436647649
165,353;21,269;375,230	265,315;324,55;449,345	0	1436647654
264,426;482,179;18,329	205,253;355,258;262,123	209	1436647658
259,12;379,60;30,391	259,12;379,60;30,391	0	1436647663
76,358;489,417;96,438	220,280;459,37;441,371	3	1436647668
332,313;148,100;450,224	375,480;151,241;89,319	148	1436647673
428,58;228,125;188,159	76,329;188,379;147,416	846	1436647677
94,322;203,172;357,266	102,484;319,464;434,190	909	1436647681
37,97;198,440;305,16	92,261;428,95;368,442	255	1436647685
163,62;52,204;431,228	94,41;480,103;440,219	773	1436647690
309,178;298,163;167,362	416,424;175,204;75,131	1000	1436647694
451,398;119,210;123,346	66,152;314,58;373,347	1000	1436647698
475,147;145,246;348,155	390,29;146,392;471,459	0	1436647703
27,166;224,232;336,184	38,478;339,296;371,167	0	1436647709
215,192;480,472;474,272	406,80;478,48;74,484	1000	1436647713
426,423;260,418;118,450	71,255;379,50;468,430	997	1436647718
486,420;466,135;48,26	87,352;117,109;350,353	288	1436647730
47,391;148,373;38,126	304,34;450,424;89,302	301	1436647734
451,398;119,210;123,346	94,52;344,367;297,234	738	1436647738
302,153;253,50;22,320	469,363;258,108;17,167	221	1436647742
302,267;488,260;93,133	65,303;198,385;16,229	894	1436647747
306,231;412,156;490,64	197,235;195,81;20,78	1000	1436647750
404,466;432,110;168,45	211,430;364,38;78,164	0	1436647754
200,93;21,334;329,359	467,379;192,465;469,371	1000	1436647773
375,447;154,123;206,146	50,102;408,154;468,124	603	1436647778
106,64;466,431;23,193	210,241;300,108;298,460	282	1436647782
255,259;442,368;388,356	344,67;373,293;393,324	598	1436647787
426,423;260,418;118,450	73,489;90,427;49,226	294	1436647791
149,207;426,247;34,439	462,336;469,335;356,487	1000	1436647794
350,301;16,456;55,33	255,444;161,28;261,436	1000	1436647804
436,397;257,297;167,38	338,107;374,277;449,383	687	1436647808
367,71;96,237;210,74	475,117;255,194;73,388	648	1436647813
231,387;25,178;159,249	258,391;22,392;160,210	736	1436647817
44,216;18,283;221,415	282,47;12,279;246,100	594	1436647822
236,34;374,64;36,389	283,314;102,401;291,79	428	1436647828
314,321;239,485;440,386	159,80;166,383;459,313	0	1436647832
370,434;188,334;212,161	247,441;133,135;77,446	0	1436647837
483,84;50,74;415,78	217,271;437,17;477,237	1000	1436647841
437,319;434,366;263,222	339,223;246,71;442,181	392	1436647845
50,312;460,337;35,192	50,312;460,337;35,192	0	1436647849
413,108;257,190;318,247	67,441;199,462;381,290	412	1436647853
396,142;141,438;50,294	102,372;461,237;154,452	210	1436647857
27,166;224,232;336,184	391,283;58,403;480,57	387	1436647862
358,113;129,347;208,100	216,348;84,256;488,85	304	1436647866
264,291;43,117;98,407	227,268;449,309;97,478	0	1436647870
50,230;454,95;53,165	57,278;473,476;298,355	657	1436647874
342,50;431,160;14,278	178,172;193,348;141,142	233	1436647880
2B6u6Q180