136	R	0.0.0.0	1436646168
86,169;120,216;436,399	144,391;208,137;457,168	737	1436646259
86,78;211,107;147,483	300,72;222,477;113,110	276	1436646276
42,319;93,132;46,412	429,92;312,197;119,197	444	1436646294
321,361;415,193;224,237	321,361;415,193;224,237	0	1436646307
213,263;455,213;370,59	177,372;447,44;475,193	631	1436646331
280,308;219,21;355,351	311,180;66,426;446,166	216	1436646346
381,321;487,486;49,203	29,452;352,49;79,278	173	1436646356
483,84;50,74;415,78	217,271;437,17;477,237	1000	1436646368
165,353;21,269;375,230	270,439;24,321;48,81	178	1436646388
264,426;482,179;18,329	335,463;18,267;342,34	775	1436646401
79,326;84,395;332,233	109,311;474,168;463,113	621	1436646415
23,28;369,459;24,30	266,197;451,377;218,169	1000	1436646425
70,269;193,221;253,338	241,405;13,288;114,399	450	1436646434
116,103;110,84;119,313	179,346;15,244;20,332	858	1436646452
262,392;437,481;20,90	311,340;228,409;355,391	964	1436646464
486,420;466,135;48,26	488,359;175,165;352,438	680	1436646479
154,238;467,70;310,310	70,446;199,181;30,135	144	1436646491
50,230;454,95;53,165	57,278;473,476;298,355	974	1436646504
94,362;247,412;142,472	284,389;332,205;276,240	459	1436646516
473,418;475,388;112,379	455,367;28,321;449,453	209	1436646533
398,474;21,332;153,380	398,474;21,332;153,380	0	1436646547
395,272;180,447;156,165	417,452;240,24;144,359	927	1436646555
490,260;18,429;394,189	486,421;384,404;267,325	958	1436646567
259,12;379,60;30,391	259,12;379,60;30,391	19	1436646577
354,83;333,117;385,421	371,55;85,223;256,227	830	1436646592
102,293;336,237;371,154	257,268;33,217;330,83	917	1436646605
450,488;437,127;22,141	225,408;402,218;79,291	438	1436646627
313,307;42,303;158,240	238,460;48,341;465,272	450	1436646636
35,425;89,233;175,236	183,118;426,241;229,416	723	1436646645
237,152;242,200;252,74	242,308;28,427;15,422	800	1436646652
67,215;473,407;217,122	216,21;359,360;490,121	608	1436646661
436,397;257,297;167,38	277,124;421,444;62,304	553	1436646670
429,123;490,62;290,127	330,109;186,348;247,187	403	1436646678
194,118;168,256;366,62	369,119;110,453;57,116	637	1436646693
47,391;148,373;38,126	339,253;104,80;97,314	691	1436646703
14,440;458,64;361,20	343,488;156,207;238,222	658	1436646718
171,249;16,74;392,139	12,174;381,187;462,49	533	1436646729
149,207;426,247;34,439	364,50;115,408;395,314	888	1436646737
137,485;29,24;162,282	250,173;408,414;276,231	478	1436646758
156,450;165,402;437,423	378,260;308,149;308,114	656	1436646766
163,62;52,204;431,228	345,79;422,369;26,221	776	1436646774
115,203;397,433;47,250	361,263;179,58;207,234	532	1436646785
27,166;224,232;336,184	24,196;310,192;133,487	735	1436646791
50,214;119,11;273,95	29,289;229,47;323,405	577	1436646801
45,207;271,107;137,108	361,442;316,336;126,252	414	1436646811
289,484;416,456;380,350	467,323;62,234;348,192	432	1436646824
154,238;467,70;310,310	109,56;356,358;284,476	380	1436646834
437,319;434,366;263,222	12,326;13,446;31,71	1000	1436646846
357,48;366,331;359,287	217,378;35,163;334,198	990	1436646856
301,153;223,216;252,303	454,239;188,239;242,376	222	1436646868
348,115;438,274;26,142	13,279;241,153;168,172	662	1436646875
434,46;256,333;263,59	82,63;245,26;421,383	362	1436646881
164,413;335,411;112,73	245,155;201,420;291,471	194	1436646888
372,26;122,227;271,268	293,78;48,326;324,271	280	1436646896
367,14;142,80;418,272	163,269;121,128;283,26	311	1436646903
340,379;107,473;117,374	81,69;32,341;267,388	243	1436646908
347,119;193,213;98,56	434,27;176,227;414,424	157	1436646917
149,207;426,247;34,439	462,336;469,335;356,487	1000	1436646924
67,103;344,224;382,145	389,362;330,65;111,12	874	1436646934
31,139;147,71;261,139	395,223;110,363;55,139	489	1436646944
331,59;98,201;91,149	297,426;384,314;116,88	280	1436646952
76,347;113,369;99,460	394,377;403,18;414,345	735	1436646958
441,100;406,185;394,397	320,50;256,279;341,136	821	1436646967
148,101;266,78;165,328	168,320;164,298;454,88	740	1436646974
474,386;89,147;461,238	141,350;451,34;203,354	690	1436646983
253,29;278,316;281,393	206,467;208,358;237,87	566	1436646991
149,207;426,247;34,439	289,142;128,288;481,453	333	1436646999
50,230;454,95;53,165	64,129;124,455;258,232	694	1436647005
56,352;230,393;458,87	194,229;403,262;171,348	757	1436647011
472,215;100,255;419,377	52,254;377,412;291,260	698	1436647019
402,176;162,474;155,229	103,54;26,353;376,156	441	1436647025
304,411;123,482;248,227	319,428;467,50;439,431	454	1436647033
429,386;132,306;26,69	256,274;44,94;316,310	527	1436647040
167,341;294,371;343,173	109,447;482,471;392,361	573	1436647047
95,325;79,140;96,285	450,56;364,412;394,374	665	1436647054
446,473;425,334;419,348	279,288;294,240;205,361	827	1436647061
447,159;305,227;306,129	187,289;56,376;15,266	387	1436647067
14,479;283,431;291,279	198,120;348,275;86,134	546	1436647076
387,278;60,469;402,475	363,323;485,275;37,405	761	1436647083
395,167;482,252;486,99	226,373;460,484;305,465	347	1436647089
50,312;460,337;35,192	50,312;460,337;35,192	201	1436647095
42,168;52,55;236,465	253,117;423,123;269,406	757	1436647101
76,314;471,20;263,186	395,41;46,381;61,415	849	1436647107
174,291;245,316;443,222	357,150;370,63;45,428	731	1436647113
415,292;209,327;323,51	76,217;385,79;298,376	265	1436647119
44,216;18,283;221,415	431,182;311,399;152,448	694	1436647125
67,120;165,428;37,437	460,113;441,277;282,490	901	1436647134
346,199;75,473;477,351	147,200;283,61;357,403	143	1436647141
215,192;480,472;474,272	405,106;471,457;140,405	627	1436647147
199,300;62,129;239,115	475,58;277,326;483,447	324	1436647153
190,12;205,373;332,87	483,329;11,134;481,386	555	1436647158
225,81;142,400;235,414	107,68;197,427;103,131	601	1436647164
304,434;392,286;255,168	479,112;134,192;84,326	777	1436647171
14,381;248,59;194,65	271,335;36,87;475,470	795	1436647176
264,426;482,179;18,329	205,253;355,258;262,123	573	1436647182
215,192;480,472;474,272	87,319;376,288;14,231	586	1436647188
402,117;287,244;402,124	241,89;225,14;192,25	445	1436647197
280,440;110,117;183,407	475,26;78,332;299,218	829	1436647206
223,126;340,163;87,453	303,264;60,108;290,28	619	1436647211
428,58;228,125;188,159	378,407;143,456;43,47	570	1436647222
253,271;43,388;246,120	307,19;458,88;261,412	699	1436647227
17,46;151,56;365,187	436,362;286,239;314,377	791	1436647233
83,486;84,230;32,399	338,133;351,304;67,159	705	1436647239
251,481;380,487;314,153	281,409;98,311;423,378	906	1436647246
260,215;464,485;209,59	417,288;465,445;162,198	388	1436647253
410,450;320,422;291,177	400,469;420,392;161,452	448	1436647260
44,216;18,283;221,415	65,32;45,186;217,236	425	1436647266
351,157;47,103;256,88	315,436;452,290;419,203	673	1436647272
41,219;225,126;483,435	427,173;247,461;91,481	773	1436647278
361,351;363,67;427,305	331,427;436,88;261,88	469	1436647285
83,486;84,230;32,399	290,252;110,137;309,476	290	1436647291
38,239;100,347;184,173	330,368;424,476;23,430	442	1436647298
254,421;291,307;450,150	476,62;445,308;26,323	703	1436647303
358,347;108,41;252,466	115,222;317,263;361,121	669	1436647308
44,216;18,283;221,415	154,487;81,77;468,315	581	1436647314
76,347;113,369;99,460	52,382;209,479;389,355	719	1436647319
421,166;418,470;354,366	27,469;483,409;435,342	708	1436647330
76,347;113,369;99,460	281,118;220,234;13,423	910	1436647337
50,230;454,95;53,165	380,87;440,468;197,363	430	1436647344
304,407;295,58;159,280	276,377;310,39;397,72	875	1436647351
385,52;218,391;129,166	70,22;96,342;383,25	234	1436647357
50,230;454,95;53,165	26,389;360,73;43,289	290	1436647364
348,115;438,274;26,142	313,375;155,437;431,441	309	1436647370
299,440;289,210;181,414	426,395;271,396;263,219	872	1436647378
76,347;113,369;99,460	134,438;180,115;144,283	549	1436647385
374,184;200,351;177,331	22,71;457,146;418,69	621	1436647391
470,451;231,357;446,322	285,307;104,25;74,278	171	1436647398
67,215;473,407;217,122	458,106;201,290;272,61	280	1436647406
347,465;436,31;226,388	152,280;176,363;218,447	902	1436647424
340,30;42,217;206,132	144,363;86,208;164,404	458	1436647432
76,347;113,369;99,460	80,361;99,376;316,440	881	1436647438
66,247;269,299;337,256	214,40;384,415;430,125	365	1436647445
347,119;193,213;98,56	27,489;58,320;37,325	723	1436647452
196,412;444,339;304,208	248,83;470,383;193,264	666	1436647460
419,475;306,335;396,328	306,200;13,248;454,309	865	1436647466
4D5z7N815