137	L	0.0.0.0	1436647021
86,169;120,216;436,399	144,391;208,137;457,168	639	1436647122
86,78;211,107;147,483	300,72;222,477;113,110	445	1436647129
42,319;93,132;46,412	429,92;312,197;119,197	581	1436647138
321,361;415,193;224,237	321,361;415,193;224,237	0	1436647147
213,263;455,213;370,59	177,372;447,44;475,193	358	1436647154
280,308;219,21;355,351	311,180;66,426;446,166	0	1436647162
472,215;100,255;419,377	444,273;422,136;338,477	265	1436647185
257,79;44,47;465,358	359,68;262,342;249,77	685	1436647192
340,30;42,217;206,132	475,327;463,284;461,273	1000	1436647200
259,12;379,60;30,391	259,12;379,60;30,391	0	1436647211
89,154;125,240;275,406	116,412;475,159;104,366	624	1436647219
94,307;461,136;180,138	62,79;175,107;194,372	609	1436647227
244,336;22,332;348,265	128,197;35,206;78,51	694	1436647234
35,425;89,233;175,236	14,432;440,77;406,273	624	1436647241
414,143;298,296;370,130	396,84;93,238;216,210	736	1436647251
232,355;40,419;462,92	444,153;223,419;84,305	634	1436647258
47,391;148,373;38,126	96,212;118,443;273,222	531	1436647265
76,347;113,369;99,460	248,42;40,352;192,482	752	1436647271
106,64;466,431;23,193	245,249;91,374;418,418	623	1436647289
83,486;84,230;32,399	411,59;15,269;49,27	763	1436647295
437,319;434,366;263,222	58,181;80,388;16,266	648	1436647301
148,196;103,91;115,470	388,45;272,68;17,87	659	1436647307
165,353;21,269;375,230	81,352;373,489;319,285	688	1436647318
434,46;256,333;263,59	489,222;11,295;342,12	692	1436647323
367,14;142,80;418,272	269,143;443,456;373,160	658	1436647329
98,206;379,52;379,157	479,169;338,341;58,46	661	1436647335
391,41;216,359;395,193	128,327;288,426;174,105	601	1436647345
44,216;18,283;221,415	363,67;93,87;71,353	713	1436647352
89,154;125,240;275,406	94,208;237,460;136,227	565	1436647359
27,166;224,232;336,184	396,105;463,302;203,340	610	1436647366
94,322;203,172;357,266	16,176;269,168;464,452	677	1436647371
430,321;167,177;252,84	276,282;254,431;163,95	623	1436647376
157,134;260,433;105,251	341,172;45,346;266,205	584	1436647382
14,381;248,59;194,65	271,335;36,87;475,470	629	1436647389
436,397;257,297;167,38	113,197;371,240;234,60	660	1436647394
53,120;250,58;258,141	78,200;389,38;129,336	633	1436647399
427,79;95,67;264,464	127,38;202,405;428,53	331	1436647410
273,194;367,139;199,77	443,423;414,64;207,178	585	1436647416
302,153;253,50;22,320	147,143;230,200;25,296	610	1436647422
406,258;162,108;486,478	228,369;21,11;108,134	569	1436647428
436,397;257,297;167,38	323,283;33,432;487,340	589	1436647437
154,238;467,70;310,310	39,347;470,193;325,48	691	1436647443
227,312;425,15;356,99	143,243;249,252;190,157	843	1436647450
149,207;426,247;34,439	446,344;196,57;360,144	666	1436647457
89,154;125,240;275,406	328,337;62,467;304,36	719	1436647463
439,479;314,286;38,166	209,334;455,191;136,226	578	1436647469
35,425;89,233;175,236	225,332;346,437;446,381	685	1436647476
115,72;67,147;76,253	362,101;43,361;426,71	684	1436647482
163,62;52,204;431,228	281,46;449,297;212,210	376	1436647490
347,486;436,94;124,465	65,109;444,99;440,235	402	1436647497
348,115;438,274;26,142	365,424;425,49;304,424	531	1436647505
335,299;416,204;213,295	286,211;72,227;360,419	526	1436647511
437,319;434,366;263,222	352,295;346,255;157,407	84	1436647520
428,449;56,262;217,474	158,479;263,219;299,315	446	1436647530
76,347;113,369;99,460	80,361;99,376;316,440	809	1436647536
194,118;168,256;366,62	369,119;110,453;57,116	646	1436647556
332,265;321,160;458,160	295,42;271,157;314,35	547	1436647563
391,41;216,359;395,193	169,450;360,356;133,284	586	1436647569
50,230;454,95;53,165	26,389;360,73;43,289	631	1436647575
486,420;466,135;48,26	147,299;171,70;204,277	636	1436647585
208,399;371,118;215,40	48,276;251,99;273,432	586	1436647591
486,420;466,135;48,26	382,358;379,254;381,438	1000	1436647598
367,14;142,80;418,272	55,453;158,116;312,279	733	1436647613
291,336;119,466;244,123	444,131;295,69;130,263	651	1436647622
302,153;253,50;22,320	423,391;373,176;117,317	431	1436647694
196,412;444,339;304,208	210,295;357,401;244,242	553	1436647703
42,102;118,230;476,123	67,400;325,338;270,159	382	1436647709
172,474;160,197;320,27	137,484;354,199;247,280	414	1436647718
387,278;60,469;402,475	363,323;485,275;37,405	785	1436647727
230,109;490,407;42,65	403,134;312,109;401,419	632	1436647735
480,38;252,384;356,117	334,457;74,299;485,465	684	1436647744
249,205;288,147;189,365	262,224;346,225;421,13	738	1436647752
239,29;273,395;53,470	135,388;176,420;412,363	641	1436647761
303,35;184,94;253,404	448,108;49,103;317,466	618	1436647768
23,28;369,459;24,30	26,394;14,141;176,167	1000	1436647774
93,472;400,307;159,178	13,297;379,213;188,378	184	1436647785
272,460;57,373;26,405	228,32;254,60;76,488	287	1436647801
361,351;363,67;427,305	296,62;186,281;168,438	578	1436647809
44,216;18,283;221,415	392,114;155,307;11,153	590	1436647816
214,214;351,50;32,123	13,136;324,97;397,160	693	1436647823
304,434;392,286;255,168	479,112;134,192;84,326	639	1436647829
165,353;21,269;375,230	25,71;390,12;353,361	440	1436647837
436,397;257,297;167,38	467,246;140,76;146,172	581	1436647848
237,438;63,255;451,190	154,247;153,24;408,304	121	1436647859
299,440;289,210;181,414	426,395;271,396;263,219	283	1436647867
149,207;426,247;34,439	203,404;210,112;14,143	330	1436647873
111,38;364,327;344,278	168,140;60,485;310,483	868	1436647881
115,72;67,147;76,253	172,302;218,210;289,238	440	1436647890
78,316;216,177;304,112	309,364;215,358;438,177	582	1436647899
50,230;454,95;53,165	441,212;277,278;20,462	177	1436647987
50,230;454,95;53,165	150,197;186,396;475,442	402	1436647995
94,322;203,172;357,266	273,17;483,117;338,145	143	1436648001
326,263;82,340;352,362	342,421;60,488;182,292	276	1436648010
394,445;377,375;129,121	103,230;454,108;236,191	355	1436648060
427,366;117,188;73,75	320,339;40,425;73,385	325	1436648070
280,440;110,117;183,407	475,26;78,332;299,218	419	1436648076
76,49;124,56;58,377	12,45;22,477;378,211	405	1436648082
50,312;460,337;35,192	50,312;460,337;35,192	0	1436648093
351,245;464,25;157,411	296,369;453,284;419,429	425	1436648117
326,42;338,386;170,183	163,267;327,379;235,323	955	1436648125
362,41;51,173;393,50	166,431;401,81;407,16	417	1436648133
157,481;116,104;155,77	86,272;107,216;439,198	383	1436648139
347,119;193,213;98,56	20,263;173,69;415,427	327	1436648144
439,479;152,317;160,243	111,77;304,437;262,98	315	1436648151
302,153;253,50;22,320	312,96;67,311;453,89	318	1436648156
144,396;282,321;391,81	282,413;74,380;331,315	418	1436648162
35,425;89,233;175,236	157,55;285,20;335,469	460	1436648167
145,443;100,283;481,341	305,426;477,158;276,106	130	1436648173
76,358;489,417;96,438	456,154;432,448;233,166	457	1436648178
153,59;299,332;405,355	311,259;487,28;79,424	561	1436648185
254,421;291,307;450,150	447,36;60,393;316,321	412	1436648190
47,391;148,373;38,126	168,96;60,246;398,283	409	1436648195
43,236;379,412;248,230	42,481;302,435;244,267	412	1436648201
67,215;473,407;217,122	103,474;381,28;290,366	382	1436648207
487,415;417,440;94,396	436,26;171,412;30,481	198	1436648212
430,321;167,177;252,84	146,264;204,196;308,430	87	1436648218
44,216;18,283;221,415	25,329;280,49;228,166	316	1436648225
76,358;489,417;96,438	114,58;223,125;45,359	236	1436648231
398,474;21,332;153,380	398,474;21,332;153,380	0	1436648237
14,351;59,413;239,433	321,278;333,461;380,30	307	1436648246
196,412;444,339;304,208	408,164;431,473;260,161	223	1436648253
328,478;105,100;94,196	226,482;25,341;159,90	306	1436648260
340,30;42,217;206,132	146,161;448,295;338,85	543	1436648266
154,238;467,70;310,310	21,278;479,145;156,121	294	1436648271
196,412;444,339;304,208	118,228;254,121;358,419	280	1436648277
63,441;208,274;278,164	216,200;335,399;158,29	413	1436648283
347,119;193,213;98,56	12,136;325,324;17,423	210	1436648289
472,215;100,255;419,377	252,259;480,265;396,82	413	1436648306
94,322;203,172;357,266	250,364;173,485;448,285	376	1436648312
251,74;93,335;92,461	49,174;366,415;390,469	325	1436648319
348,115;438,274;26,142	427,389;309,159;246,262	318	1436648324
67,215;473,407;217,122	85,258;201,100;351,375	185	1436648330
432,435;21,51;26,305	438,477;305,29;86,385	100	1436648344
254,421;291,307;450,150	164,319;459,294;484,371	296	1436648350
430,321;167,177;252,84	168,409;241,184;248,99	291	1436648355
76,347;113,369;99,460	281,118;220,234;13,423	244	1436648363
4E7v8K837