136	R	0.0.0.0	1436646389
86,169;120,216;436,399	144,391;208,137;457,168	915	1436646464
86,78;211,107;147,483	300,72;222,477;113,110	185	1436646472
42,319;93,132;46,412	429,92;312,197;119,197	764	1436646478
321,361;415,193;224,237	321,361;415,193;224,237	0	1436646484
213,263;455,213;370,59	177,372;447,44;475,193	322	1436646489
280,308;219,21;355,351	311,180;66,426;446,166	214	1436646496
268,398;482,170;216,312	397,199;487,312;470,115	462	1436646501
215,216;217,203;132,97	115,257;351,47;173,111	867	1436646506
382,294;207,333;280,232	460,125;258,112;100,214	521	1436646510
151,295;210,145;368,211	19,111;330,285;368,465	759	1436646515
428,58;228,125;188,159	445,18;384,53;165,412	423	1436646523
436,301;49,25;186,84	418,118;213,403;255,55	878	1436646528
319,282;233,136;160,191	191,31;39,169;90,144	748	1436646532
344,96;488,24;60,275	251,58;71,105;241,86	773	1436646537
335,299;416,204;213,295	286,211;72,227;360,419	614	1436646542
418,339;165,412;331,453	459,15;208,311;428,377	473	1436646550
59,318;48,182;190,407	164,447;206,321;173,38	749	1436646555
280,440;110,117;183,407	475,26;78,332;299,218	877	1436646560
434,46;256,333;263,59	489,222;11,295;342,12	454	1436646565
115,72;67,147;76,253	123,424;36,334;263,456	261	1436646569
306,23;165,490;189,173	226,489;440,88;380,246	703	1436646575
321,317;146,171;312,218	307,325;104,412;338,281	746	1436646581
27,166;224,232;336,184	38,478;339,296;371,167	622	1436646587
361,351;363,67;427,305	220,203;133,16;406,309	709	1436646593
149,207;426,247;34,439	462,336;469,335;356,487	954	1436646599
345,271;35,466;332,304	62,117;405,304;117,132	471	1436646603
154,238;467,70;310,310	26,361;69,167;450,351	464	1436646607
67,215;473,407;217,122	458,106;201,290;272,61	716	1436646611
30,91;139,376;373,470	394,477;186,259;16,449	818	1436646616
264,426;482,179;18,329	13,454;440,162;42,182	249	1436646622
76,358;489,417;96,438	77,423;427,239;98,356	461	1436646627
76,347;113,369;99,460	295,238;488,167;31,302	892	1436646632
428,58;228,125;188,159	227,105;212,192;410,489	728	1436646636
94,322;203,172;357,266	16,176;269,168;464,452	833	1436646641
486,420;466,135;48,26	488,359;175,165;352,438	629	1436646651
436,397;257,297;167,38	52,16;110,471;184,68	755	1436646655
480,200;18,58;163,93	20,475;302,57;284,144	729	1436646660
434,46;256,333;263,59	262,480;400,425;242,140	425	1436646664
288,255;228,130;251,399	386,23;152,469;350,455	811	1436646669
152,382;108,173;343,487	376,139;108,70;64,292	790	1436646674
259,12;379,60;30,391	259,12;379,60;30,391	32	1436646687
361,351;363,67;427,305	331,427;436,88;261,88	820	1436646692
347,486;436,94;124,465	65,109;444,99;440,235	383	1436646696
83,486;84,230;32,399	411,59;15,269;49,27	749	1436646701
426,423;260,418;118,450	71,255;379,50;468,430	846	1436646706
157,361;169,91;49,447	309,437;364,384;156,363	741	1436646710
205,299;145,450;414,192	51,30;156,168;33,103	810	1436646715
196,412;444,339;304,208	428,370;340,270;142,168	928	1436646719
357,452;459,332;190,314	152,200;24,147;358,186	739	1436646725
361,351;363,67;427,305	23,194;24,183;305,416	941	1436646729
274,438;428,218;434,478	390,76;35,473;314,307	773	1436646734
50,230;454,95;53,165	64,167;256,319;236,146	638	1436646738
67,215;473,407;217,122	472,145;278,355;454,484	304	1436646743
76,358;489,417;96,438	439,449;11,357;202,11	813	1436646748
391,41;216,359;395,193	270,279;137,78;15,288	761	1436646752
43,370;94,390;461,448	370,198;312,235;389,158	850	1436646756
472,215;100,255;419,377	150,19;20,379;220,438	253	1436646763
430,321;167,177;252,84	65,283;382,32;179,376	293	1436646768
385,89;204,309;181,192	367,86;386,415;300,253	712	1436646773
302,153;253,50;22,320	423,391;373,176;117,317	746	1436646778
486,420;466,135;48,26	59,103;302,370;395,224	694	1436646784
89,154;125,240;275,406	392,49;15,78;466,120	690	1436646788
149,207;426,247;34,439	364,50;115,408;395,314	759	1436646793
39,16;84,400;37,182	469,197;252,187;31,52	766	1436646797
94,322;203,172;357,266	424,385;364,404;472,334	731	1436646801
286,450;69,253;259,14	431,233;155,149;18,397	404	1436646807
230,109;490,407;42,65	403,134;312,109;401,419	746	1436646812
210,360;436,33;381,23	206,113;177,362;187,165	767	1436646816
304,411;123,482;248,227	319,428;467,50;439,431	686	1436646820
149,202;405,197;237,458	338,458;143,92;81,435	644	1436646824
56,410;235,188;70,347	194,167;152,168;472,479	451	1436646831
315,264;142,472;399,101	164,429;384,339;372,362	719	1436646834
86,258;40,66;466,346	416,326;22,157;476,430	703	1436646838
472,83;362,33;42,272	26,485;383,468;440,335	727	1436646843
263,179;237,450;150,92	422,84;51,321;483,264	586	1436646849
217,337;415,75;144,293	321,363;26,410;331,336	661	1436646852
301,316;342,14;32,89	300,205;438,178;78,109	615	1436646856
455,234;30,353;118,353	130,166;454,227;174,49	779	1436646860
67,215;473,407;217,122	113,65;487,343;283,429	633	1436646865
214,58;329,67;163,421	376,41;382,90;35,413	877	1436646870
392,275;82,167;259,63	266,135;198,301;406,109	744	1436646874
254,421;291,307;450,150	222,225;31,39;422,436	867	1436646878
115,72;67,147;76,253	128,27;398,237;363,246	667	1436646882
95,325;79,140;96,285	450,56;364,412;394,374	926	1436646886
302,153;253,50;22,320	476,417;228,133;242,261	440	1436646891
44,216;18,283;221,415	154,487;81,77;468,315	835	1436646895
386,314;64,242;41,146	472,434;111,396;27,416	815	1436646900
163,62;52,204;431,228	480,287;134,112;67,348	297	1436646904
340,30;42,217;206,132	73,480;193,216;212,306	787	1436646908
60,251;418,393;465,310	275,188;411,266;298,361	850	1436646913
448,116;148,189;248,384	81,172;41,199;214,297	707	1436646919
350,301;16,456;55,33	255,444;161,28;261,436	882	1436646923
252,111;192,53;387,347	465,50;228,434;170,40	850	1436646928
328,478;105,100;94,196	172,177;127,450;218,303	691	1436646933
142,468;370,220;111,446	243,428;329,52;276,327	807	1436646938
281,293;134,442;28,68	75,475;270,398;226,205	363	1436646942
468,41;217,339;270,345	269,205;117,169;482,321	757	1436646946
278,130;18,481;486,49	222,21;141,194;27,399	792	1436646951
50,230;454,95;53,165	160,342;198,294;109,399	909	1436646955
398,474;21,332;153,380	398,474;21,332;153,380	41	1436646960
391,41;216,359;395,193	448,286;362,347;456,54	779	1436646964
383,110;173,181;308,475	429,19;280,149;394,207	655	1436646968
149,207;426,247;34,439	116,324;291,439;137,460	733	1436646973
244,54;408,274;59,21	45,181;230,428;344,63	652	1436646977
93,375;455,216;362,362	227,382;37,430;166,488	595	1436646981
425,441;460,413;381,487	195,160;315,390;342,145	919	1436646985
89,154;125,240;275,406	322,413;106,154;433,441	794	1436646990
79,331;36,48;173,216	301,93;164,406;273,195	897	1436646994
66,452;384,88;181,479	330,35;344,380;389,74	659	1436647001
140,364;396,396;270,149	226,362;39,57;390,14	328	1436647006
437,319;434,366;263,222	325,176;286,308;400,52	720	1436647010
430,321;167,177;252,84	29,170;11,345;247,32	720	1436647014
308,466;117,200;334,143	173,315;291,154;93,394	822	1436647018
115,72;67,147;76,253	292,131;206,103;468,276	789	1436647023
314,132;212,22;131,37	94,349;370,31;188,394	791	1436647027
14,381;248,59;194,65	428,16;25,366;392,271	750	1436647031
27,166;224,232;336,184	300,241;299,287;88,91	596	1436647035
115,72;67,147;76,253	375,25;475,91;343,137	745	1436647039
486,420;466,135;48,26	414,257;126,184;344,133	243	1436647046
289,168;87,464;57,220	172,31;395,82;24,404	694	1436647050
17,46;151,56;365,187	436,362;286,239;314,377	669	1436647054
149,448;192,326;127,303	79,470;106,336;137,444	408	1436647061
99,128;43,391;145,125	287,159;307,208;415,212	715	1436647065
106,64;466,431;23,193	226,166;15,19;283,456	643	1436647070
348,115;438,274;26,142	110,206;186,379;144,373	712	1436647074
276,452;445,420;162,325	347,398;15,60;481,302	586	1436647080
50,312;460,337;35,192	50,312;460,337;35,192	11	1436647085
172,474;160,197;320,27	137,484;354,199;247,280	307	1436647091
200,381;163,110;469,441	229,437;442,306;20,144	224	1436647096
77,378;218,284;101,337	48,360;209,335;312,375	467	1436647101
35,425;89,233;175,236	348,377;199,334;14,41	640	1436647106
94,322;203,172;357,266	289,12;92,182;291,341	432	1436647111
302,153;253,50;22,320	158,178;361,425;473,157	695	1436647116
132,116;262,116;242,277	460,123;377,38;62,181	563	1436647121
215,192;480,472;474,272	59,124;447,23;114,442	595	1436647126
3C6u8K441