136	R	0.0.0.0	1436646033
86,169;120,216;436,399	144,391;208,137;457,168	957	1436646122
86,78;211,107;147,483	300,72;222,477;113,110	454	1436646141
42,319;93,132;46,412	429,92;312,197;119,197	924	1436646165
321,361;415,193;224,237	321,361;415,193;224,237	4	1436646180
213,263;455,213;370,59	177,372;447,44;475,193	752	1436646197
280,308;219,21;355,351	311,180;66,426;446,166	281	1436646212
204,121;86,145;361,323	377,60;40,26;303,280	970	1436646230
430,321;167,177;252,84	460,453;28,249;484,176	462	1436646257
164,450;452,69;467,174	120,50;173,43;155,372	358	1436646289
310,384;218,266;250,393	316,120;226,65;37,362	287	1436646299
264,426;482,179;18,329	149,117;367,288;23,246	228	1436646312
190,12;205,373;332,87	483,329;11,134;481,386	987	1436646321
53,120;250,58;258,141	78,200;389,38;129,336	398	1436646342
149,207;426,247;34,439	485,409;304,208;147,195	690	1436646349
422,179;272,248;370,272	464,220;261,413;366,345	971	1436646356
361,351;363,67;427,305	335,63;182,298;85,207	962	1436646372
451,398;119,210;123,346	81,218;123,453;432,209	697	1436646387
328,478;105,100;94,196	339,97;22,18;422,112	1000	1436646396
215,192;480,472;474,272	220,379;309,86;253,193	963	1436646403
486,420;466,135;48,26	311,93;28,325;382,465	1000	1436646411
437,319;434,366;263,222	12,326;13,446;31,71	1000	1436646419
43,222;168,301;63,315	266,309;365,171;322,38	180	1436646430
155,176;250,220;156,394	472,350;99,84;101,402	682	1436646443
51,78;78,214;266,179	361,389;374,241;119,138	345	1436646451
428,58;228,125;188,159	339,115;68,325;454,126	437	1436646460
421,235;123,132;65,237	342,269;166,214;478,98	370	1436646469
428,58;228,125;188,159	378,407;143,456;43,47	956	1436646478
14,381;248,59;194,65	381,263;306,204;268,123	1000	1436646483
33,209;12,45;453,237	180,364;27,47;409,62	1000	1436646491
309,341;144,310;36,277	254,198;138,388;303,117	191	1436646501
232,450;479,56;58,230	477,184;305,142;463,309	304	1436646507
328,478;105,100;94,196	48,250;333,219;402,214	1000	1436646516
322,132;427,305;125,89	258,378;351,123;151,253	938	1436646523
285,76;399,27;79,194	51,147;464,280;363,373	977	1436646528
215,192;480,472;474,272	233,312;158,298;239,63	977	1436646535
175,17;177,346;408,78	291,468;302,75;30,168	169	1436646542
50,312;460,337;35,192	50,312;460,337;35,192	0	1436646548
283,480;469,358;261,39	440,113;455,380;126,273	273	1436646558
94,73;238,249;482,62	59,295;132,344;353,138	404	1436646565
244,161;188,223;368,245	62,294;125,93;32,246	445	1436646573
264,426;482,179;18,329	181,55;406,188;57,372	395	1436646583
86,430;382,143;336,218	371,369;237,351;36,338	1000	1436646588
361,351;363,67;427,305	445,417;66,446;452,38	988	1436646594
359,211;202,311;189,66	396,452;350,317;198,395	136	1436646602
89,154;125,240;275,406	322,413;106,154;433,441	300	1436646614
451,398;119,210;123,346	270,459;134,441;342,280	321	1436646622
437,319;434,366;263,222	349,345;98,380;236,161	987	1436646628
115,72;67,147;76,253	422,26;262,234;232,490	0	1436646633
263,95;109,479;387,294	235,148;353,340;168,399	325	1436646645
47,391;148,373;38,126	37,28;397,369;73,203	430	1436646651
84,95;168,25;195,325	288,366;96,284;480,234	372	1436646660
236,139;206,63;253,319	293,271;293,222;286,198	217	1436646665
253,368;437,14;262,302	150,186;152,119;100,189	839	1436646674
215,192;480,472;474,272	20,442;74,338;67,16	989	1436646685
347,119;193,213;98,56	410,238;125,257;327,105	321	1436646691
133,162;128,431;130,236	31,446;302,28;93,412	986	1436646696
401,471;68,88;169,403	424,110;340,177;82,93	263	1436646703
391,41;216,359;395,193	381,167;418,187;105,322	991	1436646709
434,46;256,333;263,59	277,145;466,104;296,424	306	1436646715
44,216;18,283;221,415	95,242;56,373;386,82	205	1436646727
132,448;325,227;137,345	450,34;211,338;457,364	601	1436646734
261,241;149,381;371,99	27,349;46,482;365,55	1000	1436646740
163,62;52,204;431,228	281,331;241,489;389,137	985	1436646748
163,62;52,204;431,228	351,144;51,462;425,394	651	1436646765
430,321;167,177;252,84	43,354;17,253;465,74	221	1436646774
76,347;113,369;99,460	76,401;54,469;159,421	258	1436646781
76,358;489,417;96,438	172,99;287,173;225,36	259	1436646796
109,330;82,457;356,328	369,244;122,373;294,112	32	1436646804
23,248;123,178;127,233	346,359;16,106;282,34	73	1436646812
98,26;446,333;364,178	243,149;79,437;122,86	693	1436646818
437,319;434,366;263,222	286,432;267,339;136,110	761	1436646828
413,36;359,63;226,311	103,487;450,73;299,109	143	1436646834
143,60;371,32;108,276	219,21;324,129;305,278	158	1436646842
402,31;67,441;155,458	330,435;183,148;363,206	933	1436646848
44,216;18,283;221,415	431,182;311,399;152,448	983	1436646856
281,293;134,442;28,68	132,317;289,123;402,288	357	1436646866
127,486;489,120;405,433	270,400;32,197;49,330	351	1436646876
315,349;239,69;118,324	273,296;197,156;270,450	301	1436646889
174,283;179,124;480,242	250,355;19,312;379,21	204	1436646894
469,183;233,465;46,183	34,108;196,458;487,78	57	1436646902
49,112;364,31;448,309	303,413;340,202;440,458	618	1436646917
480,200;18,58;163,93	20,475;302,57;284,144	577	1436646923
302,153;253,50;22,320	390,461;428,400;22,382	424	1436646928
282,28;485,294;58,277	181,303;226,54;67,287	844	1436646935
147,430;48,32;237,116	12,18;203,397;281,374	830	1436646940
336,164;338,255;166,164	190,35;59,294;396,294	633	1436646946
436,397;257,297;167,38	330,278;51,489;377,154	305	1436646957
328,478;105,100;94,196	294,65;231,404;341,38	264	1436646962
189,351;109,271;299,151	335,159;21,51;149,402	717	1436646971
94,322;203,172;357,266	149,449;374,197;125,11	252	1436646978
61,390;178,474;395,193	254,17;426,387;138,268	198	1436646987
424,312;195,97;334,356	458,164;471,111;328,175	232	1436646996
391,41;216,359;395,193	416,15;285,412;322,481	943	1436647002
27,166;224,232;336,184	64,410;317,162;448,81	354	1436647012
367,14;142,80;418,272	142,140;431,86;253,344	0	1436647020
430,321;167,177;252,84	336,467;194,458;275,271	17	1436647028
365,374;294,44;213,431	350,330;59,224;357,126	266	1436647045
218,279;290,470;372,91	69,232;354,76;62,471	87	1436647052
97,271;239,382;190,210	86,190;365,274;135,365	221	1436647059
361,351;363,67;427,305	220,203;133,16;406,309	722	1436647064
196,467;426,393;357,285	380,153;375,433;488,258	442	1436647070
76,358;489,417;96,438	208,290;21,387;279,243	1000	1436647075
58,402;213,400;381,146	149,288;325,327;25,398	446	1436647082
137,241;345,60;452,337	308,12;44,443;404,115	698	1436647089
437,319;434,366;263,222	106,88;69,114;473,194	326	1436647096
154,238;467,70;310,310	230,41;246,29;257,355	389	1436647101
70,177;108,411;342,128	363,482;480,149;124,25	132	1436647108
356,293;239,408;147,213	197,41;346,299;56,260	151	1436647115
307,31;59,122;60,281	85,255;11,75;185,248	143	1436647121
115,72;67,147;76,253	362,101;43,361;426,71	944	1436647126
375,447;154,123;206,146	50,102;408,154;468,124	155	1436647133
425,47;304,304;485,343	305,217;379,28;148,47	261	1436647137
244,168;340,71;204,156	387,204;72,200;414,255	157	1436647144
25,476;254,234;278,133	413,341;329,315;17,137	331	1436647150
276,93;382,365;62,19	489,418;490,65;158,17	378	1436647156
398,474;21,332;153,380	398,474;21,332;153,380	0	1436647162
293,181;277,233;96,273	247,176;215,64;399,292	401	1436647170
234,181;321,434;385,464	72,144;257,453;34,144	304	1436647174
17,46;151,56;365,187	385,420;88,55;100,140	385	1436647181
348,115;438,274;26,142	22,474;146,228;352,414	665	1436647186
347,119;193,213;98,56	20,263;173,69;415,427	276	1436647193
486,420;466,135;48,26	87,352;117,109;350,353	307	1436647200
328,478;105,100;94,196	337,413;169,110;114,153	163	1436647207
461,237;147,359;325,221	143,18;67,231;64,384	396	1436647213
50,230;454,95;53,165	441,212;277,278;20,462	826	1436647219
426,423;260,418;118,450	277,431;48,272;464,88	678	1436647228
236,458;437,368;320,145	23,458;425,295;304,43	48	1436647234
67,215;473,407;217,122	135,98;333,403;224,473	187	1436647239
76,347;113,369;99,460	62,42;81,20;367,144	790	1436647244
428,58;228,125;188,159	445,18;384,53;165,412	339	1436647250
291,115;371,443;379,409	326,309;66,394;76,366	307	1436647255
259,12;379,60;30,391	259,12;379,60;30,391	0	1436647261
357,452;459,332;190,314	152,200;24,147;358,186	435	1436647269
76,347;113,369;99,460	34,403;303,318;152,152	392	1436647279
391,41;216,359;395,193	28,89;377,167;33,212	828	1436647298
4B7w6N511