136	L	0.0.0.0	1436646349
86,169;120,216;436,399	144,391;208,137;457,168	851	1436646454
86,78;211,107;147,483	300,72;222,477;113,110	214	1436646468
42,319;93,132;46,412	429,92;312,197;119,197	873	1436646479
321,361;415,193;224,237	321,361;415,193;224,237	0	1436646486
213,263;455,213;370,59	177,372;447,44;475,193	565	1436646496
280,308;219,21;355,351	311,180;66,426;446,166	224	1436646508
391,41;216,359;395,193	270,279;137,78;15,288	939	1436646516
115,72;67,147;76,253	38,396;93,270;303,33	661	1436646526
147,430;48,32;237,116	12,18;203,397;281,374	766	1436646533
128,110;149,298;419,51	162,442;182,93;81,334	552	1436646544
470,451;231,357;446,322	285,307;104,25;74,278	331	1436646554
165,353;21,269;375,230	25,71;390,12;353,361	655	1436646562
264,426;482,179;18,329	205,253;355,258;262,123	591	1436646569
50,230;454,95;53,165	383,361;348,154;436,443	651	1436646576
115,72;67,147;76,253	292,131;206,103;468,276	536	1436646581
325,147;483,209;178,231	252,56;286,395;400,316	630	1436646589
86,430;382,143;336,218	371,369;237,351;36,338	444	1436646598
301,153;223,216;252,303	454,239;188,239;242,376	466	1436646607
328,478;105,100;94,196	398,431;365,487;295,163	319	1436646615
43,236;379,412;248,230	47,37;455,30;81,279	459	1436646623
348,115;438,274;26,142	17,391;471,168;308,252	978	1436646630
79,252;45,465;167,168	122,184;108,148;130,275	945	1436646637
44,216;18,283;221,415	154,487;81,77;468,315	836	1436646646
215,192;480,472;474,272	402,188;311,380;51,83	317	1436646654
314,321;239,485;440,386	159,80;166,383;459,313	241	1436646662
398,474;21,332;153,380	398,474;21,332;153,380	0	1436646669
50,230;454,95;53,165	57,278;473,476;298,355	611	1436646678
111,123;469,66;446,343	403,129;334,417;81,281	178	1436646685
43,222;168,301;63,315	266,309;365,171;322,38	544	1436646699
426,423;260,418;118,450	76,100;136,375;102,250	222	1436646707
426,423;260,418;118,450	71,255;379,50;468,430	832	1436646713
446,473;425,334;419,348	279,288;294,240;205,361	587	1436646725
27,166;224,232;336,184	300,241;299,287;88,91	576	1436646734
472,215;100,255;419,377	252,259;480,265;396,82	460	1436646763
441,44;465,197;141,463	280,449;473,250;156,201	908	1436646769
17,46;151,56;365,187	184,51;303,273;137,41	271	1436646778
114,257;265,302;299,378	80,93;86,460;240,120	542	1436646786
453,248;406,252;487,119	289,24;388,170;265,103	536	1436646793
434,46;256,333;263,59	262,480;400,425;242,140	163	1436646800
246,461;276,13;198,279	220,126;279,449;443,355	851	1436646807
152,382;108,173;343,487	376,139;108,70;64,292	523	1436646812
391,41;216,359;395,193	325,53;129,93;433,314	549	1436646820
59,318;48,182;190,407	164,447;206,321;173,38	719	1436646825
27,166;224,232;336,184	68,107;341,394;213,107	478	1436646831
437,319;434,366;263,222	397,202;110,354;464,98	445	1436646838
148,272;164,108;103,201	173,13;140,13;25,100	595	1436646843
152,114;170,63;338,52	74,54;143,339;50,467	808	1436646849
50,230;454,95;53,165	429,399;383,172;453,372	372	1436646860
165,353;21,269;375,230	426,34;181,163;371,106	577	1436646866
16,433;302,128;448,319	30,29;336,147;44,369	563	1436646873
279,62;109,340;350,198	162,337;25,24;114,127	616	1436646879
254,421;291,307;450,150	426,276;161,251;326,173	794	1436646884
27,166;224,232;336,184	288,490;271,159;235,163	959	1436646891
174,82;267,278;237,127	203,71;102,468;159,413	787	1436646898
35,425;89,233;175,236	315,317;240,425;215,376	323	1436646905
242,476;305,254;419,231	346,357;92,14;183,160	994	1436646929
428,58;228,125;188,159	118,83;63,168;95,406	757	1436646935
340,30;42,217;206,132	356,240;396,297;349,336	998	1436646948
89,154;125,240;275,406	94,208;237,460;136,227	306	1436646955
80,481;154,280;176,316	374,428;35,330;428,283	594	1436646961
223,354;275,323;373,156	285,352;239,355;22,32	470	1436646967
160,320;402,90;38,34	300,144;195,62;320,326	721	1436646973
314,132;212,22;131,37	94,349;370,31;188,394	630	1436646979
43,236;379,412;248,230	288,191;458,362;476,58	549	1436646985
348,115;438,274;26,142	335,398;408,247;11,251	91	1436646994
434,46;256,333;263,59	68,280;215,478;367,347	272	1436647000
426,423;260,418;118,450	223,393;291,283;177,148	902	1436647007
272,210;70,139;335,222	395,276;179,240;244,11	990	1436647013
414,158;66,162;278,11	171,390;147,214;227,310	437	1436647021
476,259;226,317;404,254	338,461;131,105;67,151	779	1436647027
317,27;349,63;431,383	232,370;153,52;443,252	1000	1436647035
291,336;119,466;244,123	444,131;295,69;130,263	97	1436647042
382,422;281,301;153,344	481,403;48,127;273,244	926	1436647050
488,277;351,30;184,192	125,12;463,74;106,295	414	1436647055
148,196;103,91;115,470	388,45;272,68;17,87	662	1436647061
44,216;18,283;221,415	223,460;309,487;244,409	592	1436647069
149,207;426,247;34,439	263,382;25,351;357,211	16	1436647076
259,318;411,396;410,44	370,374;23,98;461,311	590	1436647082
410,95;285,18;449,447	465,353;263,310;406,382	454	1436647087
106,64;466,431;23,193	296,37;454,490;200,440	437	1436647094
365,159;43,490;215,122	471,333;185,415;194,74	640	1436647118
79,331;36,48;173,216	301,93;164,406;273,195	937	1436647175
115,407;173,452;259,205	286,168;377,162;458,324	429	1436647181
331,145;364,272;379,451	223,296;156,315;485,79	223	1436647187
361,351;363,67;427,305	367,457;486,357;299,14	208	1436647193
50,312;460,337;35,192	50,312;460,337;35,192	0	1436647200
451,398;119,210;123,346	469,36;54,145;220,485	692	1436647205
434,46;256,333;263,59	324,63;195,296;51,277	369	1436647210
14,381;248,59;194,65	233,332;461,68;325,487	780	1436647216
76,347;113,369;99,460	62,42;81,20;367,144	894	1436647222
287,410;266,468;285,258	467,40;405,91;144,434	480	1436647227
43,236;379,412;248,230	356,466;387,109;404,232	890	1436647232
106,64;466,431;23,193	313,278;317,97;461,347	763	1436647237
51,78;78,214;266,179	361,389;374,241;119,138	618	1436647243
428,256;275,257;477,381	361,268;361,373;418,209	299	1436647249
436,397;257,297;167,38	411,67;428,200;296,189	753	1436647254
386,315;443,160;486,139	372,32;378,71;181,444	555	1436647263
347,119;193,213;98,56	421,57;133,149;340,460	477	1436647268
391,201;219,313;460,382	58,431;268,280;39,148	182	1436647274
76,358;489,417;96,438	164,163;249,12;210,280	630	1436647279
302,153;253,50;22,320	163,419;335,419;181,394	611	1436647290
146,221;138,125;326,301	478,194;186,433;469,348	465	1436647296
486,420;466,135;48,26	393,479;79,432;435,23	259	1436647301
245,398;18,455;113,341	291,124;230,301;26,290	264	1436647307
44,216;18,283;221,415	266,367;337,405;306,62	408	1436647315
347,119;193,213;98,56	108,378;250,39;36,122	639	1436647322
430,321;167,177;252,84	460,453;28,249;484,176	582	1436647328
76,347;113,369;99,460	295,238;488,167;31,302	1000	1436647333
465,384;275,345;281,246	35,320;468,130;344,288	632	1436647339
106,64;466,431;23,193	231,19;154,50;150,347	612	1436647344
430,321;167,177;252,84	336,467;194,458;275,271	675	1436647350
94,322;203,172;357,266	269,366;50,160;368,230	442	1436647355
412,220;63,341;362,41	244,342;447,153;325,230	704	1436647360
154,238;467,70;310,310	21,280;357,68;284,308	138	1436647365
13,411;101,153;108,87	232,482;259,369;62,30	793	1436647373
315,296;108,325;378,323	192,437;85,347;330,54	869	1436647378
436,397;257,297;167,38	421,307;209,295;138,376	284	1436647385
133,370;453,60;421,272	169,26;415,144;84,175	379	1436647396
259,12;379,60;30,391	259,12;379,60;30,391	0	1436647402
44,319;320,435;84,356	342,279;245,48;363,277	161	1436647408
340,30;42,217;206,132	352,122;21,69;397,176	313	1436647413
486,420;466,135;48,26	244,138;94,400;474,282	519	1436647418
480,200;18,58;163,93	463,383;229,231;173,103	623	1436647423
417,137;308,231;475,150	239,318;368,294;124,127	654	1436647428
50,230;454,95;53,165	266,395;327,45;421,460	615	1436647448
361,351;363,67;427,305	43,60;57,28;392,440	860	1436647454
348,115;438,274;26,142	418,242;125,30;449,37	573	1436647458
413,85;428,348;467,294	255,339;312,312;283,490	553	1436647464
348,115;438,274;26,142	313,375;155,437;431,441	416	1436647468
33,82;460,405;231,339	246,393;341,198;442,393	818	1436647473
47,391;148,373;38,126	142,172;312,26;359,426	695	1436647479
83,486;84,230;32,399	458,175;256,69;432,66	437	1436647498
389,105;450,303;268,357	37,324;358,119;142,31	296	1436647502
266,303;97,49;394,346	293,155;325,124;421,278	691	1436647506
440,171;64,240;344,248	14,34;340,94;266,93	887	1436647511
1E5v7L235