137	R	0.0.0.0	1436646128
86,169;120,216;436,399	144,391;208,137;457,168	879	1436646232
86,78;211,107;147,483	300,72;222,477;113,110	222	1436646244
42,319;93,132;46,412	429,92;312,197;119,197	901	1436646257
321,361;415,193;224,237	321,361;415,193;224,237	13	1436646270
213,263;455,213;370,59	177,372;447,44;475,193	726	1436646277
280,308;219,21;355,351	311,180;66,426;446,166	552	1436646287
215,192;480,472;474,272	247,97;416,32;385,378	354	1436646315
254,411;204,226;33,172	150,116;409,153;354,373	614	1436646349
264,426;482,179;18,329	364,332;79,364;347,155	431	1436646358
391,41;216,359;395,193	16,202;154,478;226,464	629	1436646364
165,353;21,269;375,230	32,284;351,32;251,325	455	1436646388
50,230;454,95;53,165	484,91;125,384;21,344	600	1436646395
237,486;262,211;20,408	411,451;19,271;95,418	402	1436646415
111,13;164,335;300,481	166,107;471,123;396,343	610	1436646423
430,321;167,177;252,84	187,436;41,477;435,182	540	1436646430
327,271;299,329;488,206	156,186;446,155;399,178	629	1436646437
163,476;142,94;236,467	472,424;57,73;190,208	716	1436646449
391,129;343,198;210,101	398,213;469,295;197,183	630	1436646456
44,216;18,283;221,415	282,47;12,279;246,100	679	1436646462
259,12;379,60;30,391	259,12;379,60;30,391	16	1436646472
381,387;378,305;42,74	200,350;129,323;91,97	365	1436646482
24,85;404,22;13,124	288,311;185,186;362,360	572	1436646488
322,101;257,99;338,342	50,210;310,108;455,401	636	1436646504
385,89;204,309;181,192	367,86;386,415;300,253	581	1436646510
119,484;412,308;426,104	60,184;124,51;442,382	614	1436646544
79,296;21,137;58,269	153,48;92,103;14,107	675	1436646549
47,391;148,373;38,126	96,212;118,443;273,222	577	1436646554
215,192;480,472;474,272	233,312;158,298;239,63	721	1436646560
353,41;139,130;431,269	156,352;390,158;44,116	718	1436646565
94,322;203,172;357,266	464,88;411,455;303,61	735	1436646569
430,384;413,207;234,269	124,334;53,322;322,445	789	1436646582
423,130;144,393;405,225	52,28;86,55;141,269	699	1436646602
94,322;203,172;357,266	13,109;316,54;369,352	603	1436646609
430,321;167,177;252,84	456,340;310,421;284,399	697	1436646614
25,476;254,234;278,133	413,341;329,315;17,137	624	1436646619
378,208;449,317;289,20	486,363;370,368;247,142	672	1436646623
451,398;119,210;123,346	453,350;411,73;282,398	403	1436646629
486,315;321,423;129,435	230,92;273,114;63,215	635	1436646633
391,41;216,359;395,193	413,241;490,469;84,37	633	1436646637
328,478;105,100;94,196	149,155;396,486;378,79	623	1436646643
94,322;203,172;357,266	58,219;257,93;165,336	404	1436646647
263,179;237,450;150,92	422,84;51,321;483,264	581	1436646652
44,216;18,283;221,415	438,40;152,24;261,194	648	1436646656
89,154;125,240;275,406	328,337;62,467;304,36	634	1436646663
436,397;257,297;167,38	323,283;33,432;487,340	686	1436646669
135,261;296,77;302,265	263,140;274,41;394,463	845	1436646673
172,474;160,197;320,27	137,484;354,199;247,280	253	1436646679
24,184;317,127;169,197	348,383;266,331;84,85	709	1436646684
451,398;119,210;123,346	453,396;403,459;357,29	349	1436646689
411,41;59,322;112,267	139,165;385,304;441,473	753	1436646693
410,95;285,18;449,447	465,353;263,310;406,382	812	1436646699
50,230;454,95;53,165	133,50;367,395;406,169	792	1436646703
79,252;45,465;167,168	122,184;108,148;130,275	651	1436646708
76,347;113,369;99,460	174,165;274,361;28,411	420	1436646712
106,64;466,431;23,193	313,278;317,97;461,347	659	1436646717
309,341;144,310;36,277	411,204;403,86;294,430	546	1436646722
75,116;182,268;414,353	456,140;38,177;301,423	742	1436646726
24,311;225,155;395,451	316,319;134,56;218,407	683	1436646732
100,341;330,312;357,345	215,317;85,336;73,299	443	1436646736
328,478;105,100;94,196	451,484;166,297;113,269	371	1436646740
128,134;191,366;483,63	183,349;92,137;435,32	559	1436646745
115,72;67,147;76,253	376,396;94,259;471,330	533	1436646752
480,200;18,58;163,93	274,46;209,363;264,234	565	1436646757
115,72;67,147;76,253	422,26;262,234;232,490	408	1436646762
76,347;113,369;99,460	203,343;248,145;399,225	605	1436646766
437,319;434,366;263,222	179,239;150,221;228,187	625	1436646770
159,160;33,474;487,293	368,453;429,395;206,116	590	1436646775
23,28;369,459;24,30	243,388;138,349;487,478	323	1436646782
436,397;257,297;167,38	262,481;25,111;379,470	652	1436646788
43,236;379,412;248,230	464,89;155,282;86,389	622	1436646796
436,301;49,25;186,84	418,118;213,403;255,55	605	1436646801
163,62;52,204;431,228	175,338;482,137;258,88	440	1436646809
398,474;21,332;153,380	398,474;21,332;153,380	6	1436646815
281,293;134,442;28,68	221,385;181,111;101,155	619	1436646820
94,322;203,172;357,266	365,409;158,221;447,80	470	1436646835
163,186;70,134;472,131	355,214;404,473;292,24	696	1436646849
43,236;379,412;248,230	22,107;392,460;391,361	352	1436646853
12,92;144,142;40,183	275,98;41,196;206,466	622	1436646865
50,312;460,337;35,192	50,312;460,337;35,192	22	1436646871
430,321;167,177;252,84	82,381;231,84;221,198	628	1436646876
70,177;108,411;342,128	363,482;480,149;124,25	644	1436646881
487,415;417,440;94,396	436,26;171,412;30,481	647	1436646887
76,358;489,417;96,438	454,436;119,456;124,95	714	1436646892
426,423;260,418;118,450	233,108;445,400;311,184	380	1436646896
406,258;162,108;486,478	228,369;21,11;108,134	626	1436646904
293,181;277,233;96,273	247,176;215,64;399,292	421	1436646908
14,381;248,59;194,65	301,128;176,120;343,66	713	1436646913
343,207;119,23;470,327	19,22;315,384;140,161	330	1436646917
33,82;460,405;231,339	246,393;341,198;442,393	691	1436646922
195,212;111,183;273,283	122,325;334,368;415,413	465	1436646927
267,411;246,224;350,129	234,84;303,160;102,402	605	1436646932
254,421;291,307;450,150	164,319;459,294;484,371	539	1436646937
451,398;119,210;123,346	59,467;443,372;347,132	461	1436646942
196,412;444,339;304,208	362,283;351,308;329,129	576	1436646950
76,347;113,369;99,460	295,238;488,167;31,302	637	1436646955
287,268;26,408;462,414	95,455;230,180;324,31	854	1436646959
23,24;436,476;154,238	455,313;103,136;390,305	763	1436646963
77,378;218,284;101,337	79,165;361,63;463,41	358	1436646967
222,87;30,28;480,77	230,164;437,486;203,346	593	1436646971
302,153;253,50;22,320	158,178;361,425;473,157	739	1436646975
347,119;193,213;98,56	12,136;325,324;17,423	669	1436646979
86,430;382,143;336,218	371,369;237,351;36,338	718	1436646983
391,352;18,240;342,81	374,226;258,466;244,106	694	1436646988
305,20;237,116;138,327	389,412;292,221;374,365	424	1436646994
14,381;248,59;194,65	140,420;199,23;192,479	642	1436647005
461,237;147,359;325,221	143,18;67,231;64,384	596	1436647009
217,239;383,377;410,29	335,25;104,191;75,12	372	1436647017
328,478;105,100;94,196	195,291;177,323;439,28	609	1436647021
76,358;489,417;96,438	82,185;144,102;255,415	400	1436647025
302,153;253,50;22,320	484,338;110,397;236,177	627	1436647029
244,54;408,274;59,21	45,181;230,428;344,63	645	1436647033
43,222;168,301;63,315	266,309;365,171;322,38	651	1436647037
196,412;444,339;304,208	148,372;136,244;367,245	318	1436647041
452,198;239,54;313,426	165,240;464,34;376,184	641	1436647046
486,420;466,135;48,26	128,255;71,67;252,417	814	1436647050
50,230;454,95;53,165	79,389;344,423;354,302	663	1436647055
213,68;66,331;300,78	467,140;332,112;18,302	414	1436647059
476,259;226,317;404,254	338,461;131,105;67,151	692	1436647063
152,382;108,173;343,487	376,139;108,70;64,292	575	1436647068
347,119;193,213;98,56	36,36;334,213;207,357	666	1436647072
89,154;125,240;275,406	358,166;433,103;32,239	390	1436647077
20,183;330,410;103,216	312,144;477,294;381,171	253	1436647081
142,468;370,220;111,446	243,428;329,52;276,327	449	1436647085
375,235;259,479;295,96	310,46;43,28;190,460	384	1436647089
437,319;434,366;263,222	410,222;354,440;194,163	412	1436647094
300,136;376,129;337,435	413,424;381,450;72,123	602	1436647098
14,381;248,59;194,65	195,456;27,77;192,376	446	1436647102
420,439;433,13;230,448	215,337;68,40;286,250	610	1436647107
196,412;444,339;304,208	231,393;218,80;193,459	438	1436647111
154,238;467,70;310,310	286,408;191,189;32,177	586	1436647115
43,236;379,412;248,230	371,269;183,310;180,380	554	1436647120
239,184;19,250;15,201	478,22;451,212;215,312	432	1436647124
90,472;124,209;136,146	125,212;413,362;44,162	444	1436647130
206,38;452,472;82,271	442,102;222,170;357,461	401	1436647136
179,436;248,158;105,351	438,160;268,395;129,254	586	1436647153
391,41;216,359;395,193	76,242;318,236;21,323	441	1436647160
2C5w5Q606