136	L	0.0.0.0	1436645998
86,169;120,216;436,399	144,391;208,137;457,168	908	1436646076
86,78;211,107;147,483	300,72;222,477;113,110	269	1436646085
42,319;93,132;46,412	429,92;312,197;119,197	458	1436646095
321,361;415,193;224,237	321,361;415,193;224,237	7	1436646105
213,263;455,213;370,59	177,372;447,44;475,193	438	1436646113
280,308;219,21;355,351	311,180;66,426;446,166	74	1436646119
434,46;256,333;263,59	201,31;114,427;426,341	521	1436646125
149,207;426,247;34,439	65,44;330,403;232,29	393	1436646130
31,139;147,71;261,139	395,223;110,363;55,139	516	1436646136
106,428;236,364;244,331	118,33;253,299;389,40	857	1436646143
451,398;119,210;123,346	129,73;265,290;35,401	519	1436646148
430,321;167,177;252,84	188,406;260,434;66,267	766	1436646154
275,171;196,254;427,390	275,45;322,438;309,179	848	1436646160
300,478;335,362;272,352	233,424;155,12;355,225	929	1436646167
430,321;167,177;252,84	103,60;306,164;30,237	512	1436646197
215,192;480,472;474,272	34,408;473,25;72,14	593	1436646202
451,245;138,447;483,356	248,75;226,409;152,411	274	1436646208
76,358;489,417;96,438	220,280;459,37;441,371	527	1436646218
306,329;229,119;143,223	82,170;235,99;268,461	570	1436646225
94,322;203,172;357,266	289,12;92,182;291,341	479	1436646230
436,241;346,162;209,334	302,146;240,429;419,174	302	1436646237
434,46;256,333;263,59	201,144;389,113;203,128	956	1436646243
106,64;466,431;23,193	464,350;118,300;225,399	520	1436646248
386,314;64,242;41,146	472,434;111,396;27,416	754	1436646253
426,423;260,418;118,450	449,337;55,464;130,406	184	1436646259
101,190;130,38;397,73	321,433;28,298;358,147	447	1436646264
348,115;438,274;26,142	148,60;277,120;351,470	446	1436646272
326,304;449,454;98,346	459,136;231,194;140,412	329	1436646277
106,64;466,431;23,193	329,218;402,235;373,188	862	1436646283
304,57;161,158;54,139	451,344;226,315;412,433	524	1436646288
336,289;102,247;285,196	316,79;326,481;199,283	546	1436646293
67,215;473,407;217,122	113,65;487,343;283,429	95	1436646299
47,391;148,373;38,126	180,87;344,176;185,488	658	1436646304
467,325;395,451;455,277	438,337;192,213;234,57	732	1436646310
361,351;363,67;427,305	328,208;294,442;101,305	682	1436646316
342,151;262,261;293,125	472,153;460,294;427,32	666	1436646324
50,312;460,337;35,192	50,312;460,337;35,192	15	1436646333
83,486;84,230;32,399	392,17;388,69;476,61	625	1436646339
398,474;21,332;153,380	398,474;21,332;153,380	0	1436646346
44,216;18,283;221,415	429,50;88,288;197,125	682	1436646352
35,425;89,233;175,236	72,245;460,130;328,230	544	1436646357
35,425;89,233;175,236	257,382;66,426;23,48	671	1436646362
83,486;84,230;32,399	186,217;213,461;235,280	367	1436646367
26,243;188,168;160,226	103,52;55,269;271,24	595	1436646373
163,62;52,204;431,228	390,263;97,122;362,97	245	1436646381
481,56;312,344;239,412	204,50;471,139;29,408	982	1436646389
177,33;67,451;184,217	13,309;375,235;429,210	897	1436646395
387,278;60,469;402,475	363,323;485,275;37,405	992	1436646401
35,425;89,233;175,236	174,419;413,418;183,127	600	1436646410
95,325;79,140;96,285	450,56;364,412;394,374	392	1436646417
335,49;222,158;461,361	428,477;354,386;94,266	515	1436646424
345,339;402,219;47,72	372,67;312,128;262,55	675	1436646429
148,101;266,78;165,328	168,320;164,298;454,88	805	1436646434
430,321;167,177;252,84	389,487;144,440;294,248	729	1436646439
476,439;339,103;226,177	46,302;33,484;74,341	879	1436646446
152,232;337,385;356,369	103,149;66,68;42,33	484	1436646453
434,46;256,333;263,59	337,54;27,121;399,317	313	1436646458
437,319;434,366;263,222	372,444;430,380;301,346	568	1436646465
288,255;363,115;201,424	174,229;431,149;307,184	120	1436646471
240,292;79,112;138,295	362,298;437,394;227,431	249	1436646477
367,14;142,80;418,272	333,250;183,121;198,246	427	1436646481
267,411;246,224;350,129	234,84;303,160;102,402	233	1436646487
259,12;379,60;30,391	259,12;379,60;30,391	0	1436646495
44,319;320,435;84,356	342,279;245,48;363,277	211	1436646501
302,153;253,50;22,320	353,237;461,139;59,323	560	1436646506
379,295;374,435;446,346	110,105;206,400;388,200	544	1436646512
89,154;125,240;275,406	302,435;293,485;171,170	141	1436646517
367,14;142,80;418,272	157,460;102,74;394,454	117	1436646523
115,72;67,147;76,253	305,422;29,210;154,313	583	1436646530
182,372;476,438;302,165	145,435;381,350;410,231	634	1436646535
337,274;246,466;448,485	406,454;347,218;92,304	611	1436646541
288,255;363,115;201,424	350,433;108,408;312,387	794	1436646546
355,390;43,45;232,436	362,266;231,46;414,215	87	1436646551
77,378;218,284;101,337	257,90;460,111;339,74	398	1436646558
27,166;224,232;336,184	64,151;246,239;426,312	496	1436646564
149,207;426,247;34,439	63,31;114,112;72,334	486	1436646572
423,196;148,161;315,389	475,428;270,398;327,460	510	1436646579
94,322;203,172;357,266	16,176;269,168;464,452	488	1436646584
115,72;67,147;76,253	292,131;206,103;468,276	401	1436646591
35,425;89,233;175,236	315,317;240,425;215,376	451	1436646596
76,347;113,369;99,460	166,305;392,212;317,95	470	1436646602
257,435;197,77;148,186	111,239;177,162;386,54	460	1436646607
23,364;134,110;403,38	116,297;161,115;55,347	458	1436646612
472,215;100,255;419,377	300,84;60,199;438,268	78	1436646617
313,307;42,303;158,240	238,460;48,341;465,272	401	1436646623
254,421;291,307;450,150	447,36;60,393;316,321	486	1436646627
227,335;469,477;241,117	284,84;398,33;97,51	482	1436646633
428,58;228,125;188,159	239,53;232,25;135,411	74	1436646639
42,406;237,425;223,115	313,231;445,339;436,275	469	1436646644
361,351;363,67;427,305	424,169;58,354;43,396	242	1436646649
165,353;21,269;375,230	81,352;373,489;319,285	357	1436646655
23,28;369,459;24,30	243,388;138,349;487,478	82	1436646661
27,166;224,232;336,184	391,283;58,403;480,57	366	1436646666
254,421;291,307;450,150	314,237;450,147;69,272	186	1436646670
490,260;18,429;394,189	486,421;384,404;267,325	489	1436646675
288,255;363,115;201,424	400,409;395,486;324,68	429	1436646680
158,71;477,84;21,80	69,317;14,310;484,183	375	1436646685
162,363;69,384;150,292	445,431;277,442;338,396	264	1436646690
102,293;336,237;371,154	257,268;33,217;330,83	171	1436646695
14,381;248,59;194,65	281,22;334,21;231,143	353	1436646700
340,30;42,217;206,132	475,327;463,284;461,273	627	1436646706
391,352;18,240;342,81	374,226;258,466;244,106	457	1436646711
50,230;454,95;53,165	64,167;256,319;236,146	512	1436646716
426,423;260,418;118,450	233,108;445,400;311,184	98	1436646721
458,57;56,330;118,107	484,424;164,277;341,47	369	1436646726
436,397;257,297;167,38	107,70;311,122;359,458	164	1436646731
372,26;122,227;271,268	293,78;48,326;324,271	233	1436646736
44,216;18,283;221,415	346,426;231,305;232,432	384	1436646741
14,381;248,59;194,65	456,211;393,239;148,390	317	1436646746
328,478;105,100;94,196	325,411;121,52;246,217	369	1436646751
480,200;18,58;163,93	441,86;272,56;36,71	247	1436646756
436,397;257,297;167,38	76,62;79,425;49,402	460	1436646761
309,341;144,310;36,277	31,466;159,317;78,383	240	1436646766
16,165;142,486;443,332	388,17;51,487;278,339	511	1436646773
428,58;228,125;188,159	382,395;54,111;396,417	491	1436646778
31,293;346,471;175,27	129,77;87,437;30,16	506	1436646785
251,365;443,328;291,105	35,415;307,445;348,134	374	1436646790
107,77;32,329;418,19	147,402;388,153;18,179	483	1436646795
76,347;113,369;99,460	273,104;214,87;122,290	486	1436646800
347,119;193,213;98,56	50,326;66,32;358,431	488	1436646805
434,46;256,333;263,59	330,244;51,373;204,212	475	1436646809
163,62;52,204;431,228	403,353;467,425;343,485	507	1436646815
480,412;455,122;425,314	11,187;474,330;332,416	542	1436646820
355,396;14,459;13,254	166,173;406,412;33,409	510	1436646825
63,306;109,408;252,381	258,197;124,95;53,171	230	1436646831
391,41;216,359;395,193	216,193;463,114;282,437	477	1436646835
44,179;314,88;380,211	217,96;46,429;288,333	515	1436646840
93,375;455,216;362,362	227,382;37,430;166,488	525	1436646846
126,368;285,161;160,117	315,158;325,280;43,454	523	1436646851
143,63;143,157;230,292	97,108;448,413;79,414	820	1436646857
47,391;148,373;38,126	67,348;248,327;285,192	512	1436646862
367,14;142,80;418,272	432,332;86,278;351,146	369	1436646867
430,321;167,177;252,84	264,124;481,333;96,306	530	1436646872
47,391;148,373;38,126	423,21;317,412;186,336	381	1436646877
257,79;44,47;465,358	359,68;262,342;249,77	749	1436646883
1G7u8P841