136	L	0.0.0.0	1436646101
86,169;120,216;436,399	144,391;208,137;457,168	728	1436646199
86,78;211,107;147,483	300,72;222,477;113,110	474	1436646211
42,319;93,132;46,412	429,92;312,197;119,197	478	1436646220
321,361;415,193;224,237	321,361;415,193;224,237	0	1436646227
213,263;455,213;370,59	177,372;447,44;475,193	72	1436646263
280,308;219,21;355,351	311,180;66,426;446,166	190	1436646270
44,216;18,283;221,415	346,426;231,305;232,432	614	1436646276
209,54;293,85;208,379	441,469;358,397;431,118	330	1436646280
436,397;257,297;167,38	236,52;253,110;232,85	808	1436646285
111,123;469,66;446,343	403,129;334,417;81,281	199	1436646290
124,217;147,407;186,118	134,109;462,90;120,320	202	1436646295
94,322;203,172;357,266	102,484;319,464;434,190	560	1436646301
472,215;100,255;419,377	233,86;185,483;97,233	370	1436646305
347,119;193,213;98,56	26,118;486,317;246,474	579	1436646314
106,64;466,431;23,193	117,336;100,35;87,161	609	1436646321
436,397;257,297;167,38	52,16;110,471;184,68	604	1436646327
142,260;289,357;483,200	89,238;43,180;236,221	658	1436646332
35,425;89,233;175,236	333,478;197,383;447,120	637	1436646337
275,295;128,48;421,173	308,185;350,107;177,112	20	1436646343
481,56;312,344;239,412	204,50;471,139;29,408	580	1436646348
149,207;426,247;34,439	138,388;441,59;278,487	630	1436646353
13,471;24,230;322,125	81,149;316,115;120,403	586	1436646359
470,261;227,200;420,313	330,250;54,343;466,240	567	1436646365
77,378;218,284;101,337	238,162;154,330;398,429	554	1436646371
215,423;246,291;314,448	129,375;369,247;197,399	725	1436646376
89,154;125,240;275,406	94,208;237,460;136,227	598	1436646380
455,234;30,353;118,353	130,166;454,227;174,49	622	1436646387
64,169;487,249;229,374	387,473;336,261;44,199	582	1436646392
187,170;300,450;229,158	429,255;399,90;412,381	631	1436646397
428,58;228,125;188,159	285,168;250,68;13,250	504	1436646402
114,257;265,302;299,378	80,93;86,460;240,120	608	1436646406
295,406;425,445;73,468	420,218;39,438;49,478	580	1436646413
165,353;21,269;375,230	348,390;367,79;324,80	596	1436646420
393,141;234,36;161,63	470,97;94,277;242,175	615	1436646424
23,248;123,178;127,233	346,359;16,106;282,34	327	1436646429
241,337;436,295;488,464	485,146;449,144;112,193	198	1436646434
146,379;281,87;205,70	69,427;221,106;262,26	642	1436646439
27,166;224,232;336,184	187,201;153,448;195,155	822	1436646446
433,332;210,192;446,14	271,215;106,381;344,340	253	1436646450
411,385;75,466;242,191	202,344;106,95;13,283	157	1436646456
476,294;303,467;230,176	285,361;450,336;468,131	663	1436646460
14,381;248,59;194,65	176,78;128,334;79,452	619	1436646466
426,118;93,372;391,234	473,183;259,199;385,21	507	1436646471
191,112;115,70;327,413	199,256;332,329;53,105	379	1436646477
472,215;100,255;419,377	21,251;167,161;461,391	574	1436646483
472,215;100,255;419,377	297,373;272,252;444,209	610	1436646488
149,207;426,247;34,439	328,113;153,223;123,99	608	1436646501
27,166;224,232;336,184	294,484;169,341;234,400	566	1436646506
165,353;21,269;375,230	22,437;67,61;457,447	699	1436646512
67,215;473,407;217,122	85,258;201,100;351,375	303	1436646519
382,382;399,396;73,159	380,179;365,416;413,335	972	1436646525
398,474;21,332;153,380	398,474;21,332;153,380	0	1436646531
149,207;426,247;34,439	300,158;440,440;375,229	763	1436646536
94,415;388,79;51,222	289,40;288,357;42,46	804	1436646541
196,412;444,339;304,208	170,368;490,45;59,12	153	1436646546
196,412;444,339;304,208	24,282;236,128;118,312	608	1436646552
309,341;144,310;36,277	479,451;241,171;454,90	659	1436646557
281,293;134,442;28,68	75,475;270,398;226,205	585	1436646562
340,30;42,217;206,132	242,112;79,248;66,69	697	1436646568
264,426;482,179;18,329	486,450;408,32;52,374	617	1436646573
385,469;45,140;415,440	300,452;484,236;224,304	535	1436646587
196,412;444,339;304,208	428,370;340,270;142,168	595	1436646591
60,251;418,393;465,310	275,188;411,266;298,361	619	1436646598
12,445;370,373;309,478	112,277;23,349;352,193	570	1436646606
367,14;142,80;418,272	116,365;414,272;370,108	603	1436646611
428,58;228,125;188,159	264,210;305,339;87,163	612	1436646615
141,246;247,257;220,364	198,48;62,188;311,116	592	1436646620
428,58;228,125;188,159	140,31;382,302;200,71	582	1436646624
361,351;363,67;427,305	328,208;294,442;101,305	604	1436646629
309,341;144,310;36,277	121,167;281,440;136,165	91	1436646634
38,204;164,211;288,406	451,301;306,319;205,340	749	1436646638
47,391;148,373;38,126	131,433;171,48;216,219	615	1436646642
344,39;276,30;391,483	270,439;209,46;166,229	643	1436646647
348,115;438,274;26,142	276,44;319,188;421,324	109	1436646654
115,72;67,147;76,253	225,235;120,460;250,50	605	1436646658
413,85;428,348;467,294	255,339;312,312;283,490	555	1436646662
140,440;401,193;204,362	489,52;141,443;396,232	561	1436646667
451,398;119,210;123,346	92,14;22,83;241,478	572	1436646671
83,486;84,230;32,399	484,40;131,211;378,226	556	1436646676
83,486;84,230;32,399	75,33;243,364;170,297	601	1436646680
147,359;456,24;487,165	254,211;393,401;118,307	586	1436646685
78,439;155,20;227,146	326,309;319,13;25,294	601	1436646689
486,420;466,135;48,26	344,275;342,88;135,357	565	1436646694
273,194;367,139;199,77	443,423;414,64;207,178	536	1436646698
469,183;233,465;46,183	34,108;196,458;487,78	558	1436646702
348,115;438,274;26,142	26,248;398,121;155,302	571	1436646707
21,264;421,164;334,488	426,74;157,126;225,390	583	1436646711
143,253;192,483;17,377	205,466;392,63;67,64	561	1436646715
154,238;467,70;310,310	142,94;69,429;294,144	409	1436646719
309,341;144,310;36,277	268,87;231,304;298,401	649	1436646724
50,230;454,95;53,165	477,61;271,223;123,206	587	1436646728
77,378;218,284;101,337	448,466;472,322;244,107	601	1436646732
274,362;48,252;360,126	258,208;404,168;130,257	563	1436646736
165,353;21,269;375,230	25,71;390,12;353,361	618	1436646740
434,46;256,333;263,59	45,264;90,463;367,385	615	1436646745
486,420;466,135;48,26	267,99;487,317;206,98	278	1436646750
469,161;41,214;461,363	226,333;47,325;296,93	699	1436646755
165,353;21,269;375,230	287,81;243,411;390,445	745	1436646759
447,350;223,20;162,482	441,425;59,262;24,37	652	1436646764
374,270;310,141;204,214	243,243;289,349;420,113	373	1436646768
35,425;89,233;175,236	342,19;66,443;72,260	583	1436646772
240,160;110,11;375,181	195,152;446,11;259,89	600	1436646777
77,378;218,284;101,337	55,122;111,322;240,415	577	1436646781
357,120;299,18;342,387	446,85;104,398;380,114	583	1436646786
67,215;473,407;217,122	134,144;301,475;373,116	604	1436646791
281,293;134,442;28,68	180,234;321,47;358,419	597	1436646796
106,64;466,431;23,193	296,37;454,490;200,440	610	1436646816
240,292;79,112;138,295	362,298;437,394;227,431	589	1436646820
133,266;300,97;377,234	55,483;288,168;211,295	590	1436646895
134,64;131,247;225,178	428,399;271,25;408,68	607	1436646901
391,41;216,359;395,193	28,108;59,261;380,311	983	1436646906
115,72;67,147;76,253	375,25;475,91;343,137	773	1436646910
278,130;18,481;486,49	222,21;141,194;27,399	826	1436646915
328,478;105,100;94,196	452,458;390,421;230,269	733	1436646920
482,270;383,160;188,252	220,378;394,127;203,174	682	1436646924
15,98;261,151;132,185	247,157;258,306;155,472	809	1436646929
451,398;119,210;123,346	270,459;134,441;342,280	759	1436646933
77,378;218,284;101,337	232,141;347,333;429,369	804	1436646938
259,12;379,60;30,391	259,12;379,60;30,391	793	1436646943
347,119;193,213;98,56	175,437;88,203;417,54	690	1436646947
375,207;227,444;303,54	416,238;420,170;107,15	723	1436646952
446,23;121,226;429,38	140,113;222,321;223,324	682	1436646956
328,478;105,100;94,196	56,150;150,125;441,263	710	1436646960
154,238;467,70;310,310	351,475;217,366;314,76	710	1436646966
50,230;454,95;53,165	150,197;186,396;475,442	705	1436646970
302,153;253,50;22,320	469,363;258,108;17,167	564	1436646974
257,426;47,462;113,341	13,313;468,335;284,357	669	1436646979
264,426;482,179;18,329	415,264;467,45;92,324	626	1436646983
17,46;151,56;365,187	460,210;116,485;106,355	692	1436646987
434,261;375,306;396,198	28,364;457,209;472,231	659	1436646991
288,255;363,115;201,424	364,366;57,22;193,203	666	1436646995
50,312;460,337;35,192	50,312;460,337;35,192	706	1436647000
89,154;125,240;275,406	302,435;293,485;171,170	678	1436647004
372,17;80,106;317,46	428,111;409,93;139,364	615	1436647009
330,69;370,92;286,390	259,26;186,298;158,365	662	1436647013
1E4x8K624