137	R	0.0.0.0	1436646263
86,169;120,216;436,399	144,391;208,137;457,168	846	1436646338
86,78;211,107;147,483	300,72;222,477;113,110	304	1436646343
42,319;93,132;46,412	429,92;312,197;119,197	581	1436646368
321,361;415,193;224,237	321,361;415,193;224,237	13	1436646373
213,263;455,213;370,59	177,372;447,44;475,193	452	1436646378
280,308;219,21;355,351	311,180;66,426;446,166	330	1436646383
89,154;125,240;275,406	358,166;433,103;32,239	226	1436646390
348,115;438,274;26,142	294,261;414,466;84,395	406	1436646395
162,363;69,384;150,292	445,431;277,442;338,396	628	1436646400
50,230;454,95;53,165	477,61;271,223;123,206	299	1436646405
381,205;308,167;191,444	263,15;311,126;241,47	710	1436646409
206,38;452,472;82,271	442,102;222,170;357,461	189	1436646413
450,488;437,127;22,141	225,408;402,218;79,291	607	1436646417
89,154;125,240;275,406	418,235;168,89;348,215	253	1436646422
231,461;117,268;267,348	87,274;478,227;65,437	683	1436646428
154,238;467,70;310,310	270,191;374,437;354,220	411	1436646432
413,85;428,348;467,294	255,339;312,312;283,490	760	1436646439
328,478;105,100;94,196	339,97;22,18;422,112	721	1436646443
264,426;482,179;18,329	364,332;79,364;347,155	283	1436646449
460,245;158,394;24,467	193,256;186,202;363,314	926	1436646453
36,339;189,422;52,125	215,211;354,473;474,203	675	1436646460
480,200;18,58;163,93	19,172;275,173;245,143	761	1436646464
322,71;409,323;67,452	439,414;39,315;331,423	816	1436646468
94,362;247,412;142,472	284,389;332,205;276,240	411	1436646472
300,360;312,457;170,365	195,367;27,160;268,238	371	1436646478
110,197;96,332;172,131	227,488;449,210;328,290	861	1436646486
259,224;47,487;283,155	306,353;284,315;155,223	876	1436646491
275,295;128,48;421,173	308,185;350,107;177,112	733	1436646497
225,242;299,107;423,182	413,53;335,212;103,333	881	1436646508
84,106;350,255;337,270	355,238;342,211;381,345	869	1436646512
430,321;167,177;252,84	159,117;398,456;311,130	372	1436646516
385,432;457,78;305,178	158,93;186,300;395,39	371	1436646528
23,28;369,459;24,30	317,465;380,357;419,200	920	1436646533
408,309;207,449;283,472	112,21;255,488;110,48	976	1436646538
486,420;466,135;48,26	393,479;79,432;435,23	234	1436646542
472,215;100,255;419,377	52,254;377,412;291,260	518	1436646548
196,412;444,339;304,208	148,372;136,244;367,245	350	1436646553
156,133;327,22;187,112	69,270;189,60;70,348	808	1436646557
115,72;67,147;76,253	305,422;29,210;154,313	935	1436646561
115,72;67,147;76,253	375,25;475,91;343,137	598	1436646565
430,321;167,177;252,84	43,354;17,253;465,74	668	1436646569
178,99;11,313;378,48	468,200;186,433;485,423	855	1436646574
35,425;89,233;175,236	383,275;319,436;219,286	890	1436646578
391,41;216,359;395,193	416,15;285,412;322,481	789	1436646582
326,42;338,386;170,183	163,267;327,379;235,323	927	1436646586
330,69;370,92;286,390	259,26;186,298;158,365	911	1436646591
264,426;482,179;18,329	415,264;467,45;92,324	144	1436646595
464,132;401,378;411,298	275,435;180,413;460,149	909	1436646599
434,46;256,333;263,59	313,366;361,224;174,250	724	1436646604
106,64;466,431;23,193	143,310;193,274;212,142	882	1436646608
274,166;363,356;11,444	322,484;381,29;206,191	228	1436646613
394,468;235,307;343,48	209,471;173,400;112,286	943	1436646616
165,353;21,269;375,230	270,439;24,321;48,81	372	1436646621
402,176;162,474;155,229	103,54;26,353;376,156	125	1436646628
106,64;466,431;23,193	296,37;454,490;200,440	336	1436646632
289,447;355,334;405,444	23,385;140,63;483,150	923	1436646637
89,154;125,240;275,406	138,250;35,437;289,18	841	1436646643
379,295;374,435;446,346	110,105;206,400;388,200	825	1436646647
47,391;148,373;38,126	96,212;118,443;273,222	685	1436646652
434,46;256,333;263,59	49,175;305,94;420,471	215	1436646658
254,421;291,307;450,150	208,207;471,440;350,163	824	1436646662
478,482;338,100;470,53	352,439;41,281;237,412	891	1436646666
347,119;193,213;98,56	436,290;127,227;312,164	252	1436646670
434,46;256,333;263,59	262,480;400,425;242,140	268	1436646675
86,112;183,208;96,166	107,403;258,148;479,49	921	1436646679
279,344;160,281;150,110	197,462;257,97;51,395	607	1436646683
328,478;105,100;94,196	48,250;333,219;402,214	911	1436646687
302,344;82,161;228,294	65,103;381,422;256,225	873	1436646692
205,124;356,162;420,45	312,76;88,179;464,229	203	1436646696
17,46;151,56;365,187	227,326;352,223;171,87	810	1436646752
469,161;41,214;461,363	226,333;47,325;296,93	326	1436646757
321,302;40,75;448,313	283,231;177,28;352,442	366	1436646761
154,238;467,70;310,310	39,347;470,193;325,48	244	1436646765
215,192;480,472;474,272	59,124;447,23;114,442	258	1436646774
264,310;469,115;174,230	359,93;483,418;329,425	281	1436646778
441,332;428,46;346,180	102,263;31,302;447,192	790	1436646782
345,339;402,219;47,72	372,67;312,128;262,55	847	1436646786
77,378;218,284;101,337	236,153;377,446;284,152	830	1436646790
133,370;453,60;421,272	169,26;415,144;84,175	762	1436646795
50,312;460,337;35,192	50,312;460,337;35,192	9	1436646799
67,103;344,224;382,145	389,362;330,65;111,12	507	1436646805
100,284;349,91;57,478	353,246;478,428;425,45	233	1436646809
336,289;102,247;285,196	316,79;326,481;199,283	331	1436646814
342,151;262,261;293,125	472,153;460,294;427,32	619	1436646818
281,293;134,442;28,68	62,96;62,35;31,196	768	1436646822
286,231;110,81;295,60	243,23;164,228;258,314	380	1436646827
106,64;466,431;23,193	195,437;14,369;330,128	250	1436646831
76,358;489,417;96,438	57,53;344,307;414,106	602	1436646835
302,153;253,50;22,320	291,330;184,251;449,209	529	1436646840
83,486;84,230;32,399	290,252;110,137;309,476	291	1436646844
436,397;257,297;167,38	260,455;234,220;213,446	664	1436646848
266,303;97,49;394,346	293,155;325,124;421,278	843	1436646852
322,368;283,266;403,161	264,218;145,276;429,171	869	1436646856
83,486;84,230;32,399	475,280;459,119;276,172	719	1436646862
449,258;17,126;408,307	97,53;147,25;468,335	162	1436646868
11,134;385,226;424,132	231,348;223,231;148,350	922	1436646872
391,41;216,359;395,193	32,340;85,208;411,101	417	1436646877
154,238;467,70;310,310	26,361;69,167;450,351	263	1436646881
347,119;193,213;98,56	78,351;55,381;205,266	909	1436646885
76,347;113,369;99,460	387,255;356,110;348,35	913	1436646890
237,152;242,200;252,74	168,100;153,216;65,190	896	1436646894
50,230;454,95;53,165	160,342;198,294;109,399	882	1436646899
344,366;91,297;178,387	408,391;313,388;188,23	846	1436646903
426,423;260,418;118,450	223,393;291,283;177,148	892	1436646908
430,321;167,177;252,84	264,124;481,333;96,306	736	1436646912
348,115;438,274;26,142	13,279;241,153;168,172	852	1436646916
430,321;167,177;252,84	39,429;318,147;365,117	902	1436646920
347,119;193,213;98,56	70,245;489,285;126,489	354	1436646924
299,87;198,274;274,328	414,261;391,172;183,337	217	1436646930
56,423;154,113;147,154	69,364;445,234;19,218	922	1436646934
99,367;49,169;405,448	379,466;97,268;358,274	399	1436646939
490,119;49,104;145,447	181,439;292,409;159,235	914	1436646943
398,474;21,332;153,380	398,474;21,332;153,380	15	1436646947
120,474;143,446;38,203	411,69;124,298;244,424	794	1436646951
198,48;410,471;54,117	177,101;182,173;402,162	814	1436646960
76,358;489,417;96,438	337,431;202,359;40,201	819	1436646964
467,195;355,150;391,413	470,189;147,249;314,160	417	1436646968
328,478;105,100;94,196	283,424;398,231;457,116	775	1436646972
264,426;482,179;18,329	130,86;440,186;292,319	370	1436646976
259,12;379,60;30,391	259,12;379,60;30,391	13	1436646980
76,49;124,56;58,377	12,45;22,477;378,211	940	1436646985
89,154;125,240;275,406	190,42;244,176;441,479	376	1436646998
346,301;20,369;393,394	96,280;403,274;366,389	404	1436647003
115,317;220,111;313,259	116,203;54,278;128,271	611	1436647007
299,440;289,210;181,414	426,395;271,396;263,219	435	1436647019
251,365;443,328;291,105	35,415;307,445;348,134	345	1436647022
67,215;473,407;217,122	134,144;301,475;373,116	341	1436647031
158,71;477,84;21,80	69,317;14,310;484,183	661	1436647037
151,295;210,145;368,211	19,111;330,285;368,465	802	1436647041
344,202;190,90;239,342	361,168;45,341;281,430	430	1436647045
52,49;59,407;345,63	463,49;412,375;49,88	365	1436647051
149,207;426,247;34,439	366,119;403,248;378,490	837	1436647055
108,418;221,203;58,133	152,440;353,99;164,275	743	1436647059
36,20;439,77;128,404	366,325;63,246;344,411	881	1436647064
451,398;119,210;123,346	27,465;459,342;68,109	772	1436647070
94,322;203,172;357,266	261,488;333,161;445,213	836	1436647074
1E4z6R912