136	L	0.0.0.0	1436646022
86,169;120,216;436,399	144,391;208,137;457,168	840	1436646106
86,78;211,107;147,483	300,72;222,477;113,110	174	1436646116
42,319;93,132;46,412	429,92;312,197;119,197	937	1436646123
321,361;415,193;224,237	321,361;415,193;224,237	0	1436646131
213,263;455,213;370,59	177,372;447,44;475,193	459	1436646143
280,308;219,21;355,351	311,180;66,426;446,166	158	1436646149
143,253;192,483;17,377	205,466;392,63;67,64	765	1436646154
131,227;89,67;338,141	265,472;23,173;449,102	722	1436646192
165,353;21,269;375,230	477,388;415,145;154,60	380	1436646196
374,270;310,141;204,214	243,243;289,349;420,113	534	1436646203
374,108;448,344;303,130	277,149;173,168;244,300	588	1436646208
237,438;63,255;451,190	154,247;153,24;408,304	108	1436646213
67,215;473,407;217,122	381,312;488,427;488,198	690	1436646218
374,483;409,302;388,151	360,145;131,305;343,74	551	1436646223
215,192;480,472;474,272	53,481;373,486;18,327	74	1436646227
191,112;115,70;327,413	199,256;332,329;53,105	550	1436646247
437,319;434,366;263,222	369,433;450,47;441,334	632	1436646252
44,216;18,283;221,415	319,77;214,440;139,265	594	1436646257
281,293;134,442;28,68	383,39;417,149;417,484	732	1436646262
410,235;398,381;253,180	177,219;72,100;489,183	607	1436646274
302,153;253,50;22,320	312,96;67,311;453,89	170	1436646279
270,294;104,251;304,394	102,327;285,199;153,118	430	1436646284
489,281;186,280;247,51	225,400;117,429;147,307	616	1436646293
358,176;450,27;11,430	181,171;484,489;31,125	48	1436646298
328,478;105,100;94,196	398,431;365,487;295,163	131	1436646303
115,72;67,147;76,253	304,333;20,425;39,253	713	1436646308
210,360;436,33;381,23	206,113;177,362;187,165	796	1436646314
76,358;489,417;96,438	387,477;204,486;350,166	382	1436646319
430,384;413,207;234,269	124,334;53,322;322,445	888	1436646324
328,478;105,100;94,196	195,291;177,323;439,28	810	1436646329
197,303;405,437;384,36	119,399;113,49;300,263	91	1436646333
54,357;250,374;174,378	417,450;446,472;95,69	851	1436646339
456,187;250,94;44,448	284,372;56,123;190,36	325	1436646344
17,46;151,56;365,187	285,208;341,357;321,400	345	1436646349
141,246;247,257;220,364	198,48;62,188;311,116	197	1436646354
35,425;89,233;175,236	221,250;461,218;60,395	518	1436646360
207,45;91,245;66,317	114,97;388,61;326,215	892	1436646365
114,257;265,302;299,378	80,93;86,460;240,120	770	1436646369
133,101;295,433;131,252	378,96;282,317;21,404	252	1436646381
301,422;223,445;424,87	299,359;279,487;149,433	782	1436646385
19,24;54,122;446,484	329,108;99,182;215,100	959	1436646390
381,82;274,376;422,221	95,414;393,291;466,155	320	1436646395
199,81;71,33;391,363	66,405;400,460;443,346	442	1436646400
99,276;44,352;63,461	124,230;180,247;47,449	686	1436646406
168,131;359,372;118,236	39,373;376,27;481,125	304	1436646411
67,215;473,407;217,122	264,332;431,58;46,44	421	1436646416
117,234;296,410;462,435	22,179;13,319;15,166	1000	1436646421
214,314;416,159;480,443	36,192;329,129;318,229	638	1436646426
486,420;466,135;48,26	346,315;34,470;51,91	386	1436646431
165,353;21,269;375,230	15,297;329,167;490,51	1000	1436646436
266,303;97,49;394,346	293,155;325,124;421,278	612	1436646441
149,207;426,247;34,439	106,316;429,105;350,477	57	1436646449
398,474;21,332;153,380	398,474;21,332;153,380	0	1436646461
142,260;289,357;483,200	89,238;43,180;236,221	669	1436646465
297,51;196,220;245,320	429,456;388,26;318,49	642	1436646471
154,238;467,70;310,310	340,139;245,145;422,344	270	1436646476
83,486;84,230;32,399	475,280;459,119;276,172	367	1436646481
163,62;52,204;431,228	220,266;335,228;87,247	726	1436646487
13,429;403,265;260,443	54,12;445,145;324,375	574	1436646493
23,28;369,459;24,30	383,212;438,362;300,233	1000	1436646499
89,154;125,240;275,406	94,208;237,460;136,227	237	1436646504
437,74;199,417;94,277	211,386;455,481;50,40	555	1436646509
12,92;144,142;40,183	275,98;41,196;206,466	820	1436646514
43,236;379,412;248,230	252,227;317,435;149,360	363	1436646519
184,300;303,379;133,368	172,223;156,108;200,424	1000	1436646526
115,488;86,383;379,72	97,92;373,436;370,291	37	1436646531
215,192;480,472;474,272	111,330;18,164;120,232	661	1436646548
89,154;125,240;275,406	382,268;464,29;226,430	646	1436646553
485,183;350,205;317,228	314,360;259,150;232,297	837	1436646750
40,325;29,222;83,120	162,325;429,416;132,419	597	1436646824
437,319;434,366;263,222	397,202;110,354;464,98	454	1436646834
165,353;21,269;375,230	426,34;181,163;371,106	394	1436646839
89,154;125,240;275,406	392,49;15,78;466,120	646	1436646844
285,39;12,228;398,459	307,33;65,401;398,363	178	1436646849
50,312;460,337;35,192	50,312;460,337;35,192	0	1436646853
483,251;389,374;334,233	324,473;33,443;102,193	626	1436646859
430,321;167,177;252,84	217,193;358,104;254,49	564	1436646864
254,421;291,307;450,150	400,187;99,90;188,171	286	1436646869
480,200;18,58;163,93	109,186;388,295;300,248	418	1436646874
95,62;424,16;22,167	383,41;124,296;297,65	402	1436646879
411,385;75,466;242,191	202,344;106,95;13,283	356	1436646884
121,381;321,89;390,224	94,245;303,334;143,100	283	1436646889
150,440;434,194;117,390	225,26;135,153;200,168	536	1436646895
328,478;105,100;94,196	180,276;488,476;43,29	700	1436646899
426,423;260,418;118,450	230,206;371,193;205,20	831	1436646904
259,12;379,60;30,391	259,12;379,60;30,391	0	1436646909
334,175;30,443;201,65	126,444;176,284;71,16	629	1436646913
196,412;444,339;304,208	210,295;357,401;244,242	568	1436646918
56,423;154,113;147,154	69,364;445,234;19,218	1000	1436646923
486,420;466,135;48,26	217,121;349,115;336,410	720	1436646927
149,207;426,247;34,439	263,382;25,351;357,211	329	1436646932
281,73;467,484;142,73	14,241;210,315;439,27	419	1436646937
23,28;369,459;24,30	479,97;465,95;79,92	235	1436646944
342,279;99,116;100,391	147,399;22,33;255,121	409	1436646949
454,425;184,321;428,216	404,205;257,87;114,358	164	1436646954
32,236;276,402;350,90	459,333;160,23;41,350	201	1436646959
262,392;437,481;20,90	311,340;228,409;355,391	858	1436646964
309,341;144,310;36,277	64,468;120,363;190,289	338	1436646968
302,153;253,50;22,320	476,417;228,133;242,261	347	1436646973
327,271;299,329;488,206	156,186;446,155;399,178	251	1436646978
188,334;164,100;333,161	399,486;122,356;86,237	757	1436646983
50,230;454,95;53,165	39,39;147,408;156,364	397	1436646989
89,154;125,240;275,406	138,250;35,437;289,18	684	1436646994
14,381;248,59;194,65	424,383;281,223;204,97	813	1436646998
144,140;310,173;282,24	78,319;266,312;261,202	157	1436647003
382,444;23,433;417,478	339,19;261,393;370,79	135	1436647009
89,154;125,240;275,406	269,133;387,345;341,466	627	1436647014
347,119;193,213;98,56	182,431;303,162;460,283	237	1436647019
27,166;224,232;336,184	318,342;122,301;240,300	616	1436647024
27,166;224,232;336,184	103,108;93,436;143,25	741	1436647028
347,486;436,94;124,465	65,109;444,99;440,235	312	1436647033
163,62;52,204;431,228	281,46;449,297;212,210	307	1436647040
106,64;466,431;23,193	391,131;207,25;293,282	720	1436647045
201,421;50,133;483,266	165,272;319,76;352,346	647	1436647050
340,30;42,217;206,132	146,161;448,295;338,85	751	1436647054
312,344;478,390;191,459	163,268;212,449;221,251	745	1436647059
90,423;62,361;169,336	443,345;272,229;181,265	715	1436647064
340,383;182,282;34,79	57,359;448,26;122,239	332	1436647071
123,16;245,433;427,46	202,483;15,268;44,271	1000	1436647075
83,486;84,230;32,399	265,19;124,421;163,171	743	1436647080
245,228;393,154;134,455	252,437;385,485;354,466	1000	1436647085
27,166;224,232;336,184	110,70;361,405;341,289	613	1436647089
76,358;489,417;96,438	125,213;356,409;484,58	658	1436647094
163,216;333,451;54,330	134,13;140,144;415,334	647	1436647099
436,397;257,297;167,38	338,107;374,277;449,383	581	1436647105
89,154;125,240;275,406	211,252;214,228;381,485	589	1436647109
300,240;369,472;450,287	105,285;43,459;59,272	592	1436647114
301,316;342,14;32,89	300,205;438,178;78,109	660	1436647119
115,407;173,452;259,205	286,168;377,162;458,324	464	1436647123
76,347;113,369;99,460	107,360;310,258;434,249	797	1436647128
45,270;333,304;180,445	15,163;34,28;264,76	174	1436647132
27,166;224,232;336,184	179,390;175,169;463,456	579	1436647137
264,426;482,179;18,329	55,173;326,187;139,358	555	1436647143
43,236;379,412;248,230	95,359;295,255;39,154	654	1436647148
469,55;136,66;89,152	156,312;160,18;331,274	582	1436647154
2B4y5K193