137	R	0.0.0.0	1436646984
86,169;120,216;436,399	144,391;208,137;457,168	957	1436647079
86,78;211,107;147,483	300,72;222,477;113,110	150	1436647087
42,319;93,132;46,412	429,92;312,197;119,197	622	1436647093
321,361;415,193;224,237	321,361;415,193;224,237	0	1436647103
213,263;455,213;370,59	177,372;447,44;475,193	264	1436647109
280,308;219,21;355,351	311,180;66,426;446,166	53	1436647116
367,14;142,80;418,272	474,455;87,130;302,308	994	1436647122
24,184;317,127;169,197	348,383;266,331;84,85	433	1436647129
254,421;291,307;450,150	397,188;262,403;452,446	946	1436647138
436,397;257,297;167,38	317,370;182,278;338,113	466	1436647146
94,322;203,172;357,266	365,409;158,221;447,80	297	1436647152
35,425;89,233;175,236	333,478;197,383;447,120	0	1436647162
281,214;418,373;400,139	93,476;363,460;361,132	71	1436647167
116,433;141,31;68,124	193,435;288,70;276,184	354	1436647172
266,303;97,49;394,346	293,155;325,124;421,278	292	1436647180
47,391;148,373;38,126	81,208;204,384;279,25	212	1436647191
217,369;224,465;358,28	234,428;327,246;383,66	293	1436647199
237,152;242,200;252,74	320,447;228,74;330,414	361	1436647223
278,130;18,481;486,49	222,21;141,194;27,399	905	1436647228
274,362;48,252;360,126	258,208;404,168;130,257	586	1436647236
23,28;369,459;24,30	307,393;440,442;63,340	986	1436647242
204,121;86,145;361,323	377,60;40,26;303,280	357	1436647248
297,51;196,220;245,320	429,456;388,26;318,49	425	1436647255
336,164;338,255;166,164	190,35;59,294;396,294	587	1436647263
397,213;185,403;329,102	473,341;420,477;451,190	425	1436647268
83,486;84,230;32,399	108,74;74,435;54,374	795	1436647274
77,378;218,284;101,337	185,164;120,443;356,289	626	1436647284
47,391;148,373;38,126	339,253;104,80;97,314	470	1436647291
128,134;191,366;483,63	183,349;92,137;435,32	0	1436647298
196,412;444,339;304,208	114,146;47,299;333,219	133	1436647306
309,341;144,310;36,277	313,14;197,173;37,460	0	1436647315
437,184;178,47;327,275	465,38;272,65;289,38	691	1436647323
480,200;18,58;163,93	20,475;302,57;284,144	361	1436647332
451,398;119,210;123,346	270,459;134,441;342,280	229	1436647343
237,152;242,200;252,74	168,100;153,216;65,190	734	1436647349
215,192;480,472;474,272	220,379;309,86;253,193	824	1436647360
398,474;21,332;153,380	398,474;21,332;153,380	0	1436647366
198,161;13,242;92,45	350,151;476,27;363,390	255	1436647373
425,365;119,36;45,208	454,310;84,182;484,437	391	1436647384
270,294;104,251;304,394	102,327;285,199;153,118	371	1436647392
43,236;379,412;248,230	146,134;221,450;316,258	283	1436647401
400,449;374,428;121,463	477,219;285,475;454,201	58	1436647406
443,470;306,312;381,341	352,80;276,205;370,387	230	1436647412
43,236;379,412;248,230	177,369;292,477;139,124	393	1436647417
115,72;67,147;76,253	375,25;475,91;343,137	241	1436647426
14,381;248,59;194,65	383,438;295,418;19,411	166	1436647435
145,40;448,381;312,31	402,84;89,451;307,229	387	1436647443
347,119;193,213;98,56	338,440;153,379;411,87	661	1436647453
328,478;105,100;94,196	337,413;169,110;114,153	449	1436647459
446,303;134,198;474,105	83,307;420,322;362,466	379	1436647469
67,215;473,407;217,122	264,332;431,58;46,44	692	1436647479
17,46;151,56;365,187	451,124;337,117;257,193	566	1436647485
82,394;410,339;182,156	487,138;260,446;116,137	188	1436647489
36,339;189,422;52,125	215,211;354,473;474,203	602	1436647496
471,40;408,28;258,76	476,202;244,421;118,445	105	1436647502
264,426;482,179;18,329	149,117;367,288;23,246	33	1436647510
259,12;379,60;30,391	259,12;379,60;30,391	0	1436647518
150,440;434,194;117,390	225,26;135,153;200,168	585	1436647526
426,423;260,418;118,450	28,194;110,340;284,188	763	1436647532
392,219;282,229;231,459	84,300;273,150;280,387	648	1436647539
328,478;105,100;94,196	452,458;390,421;230,269	663	1436647544
391,41;216,359;395,193	276,22;134,384;292,152	84	1436647549
389,436;316,101;284,115	96,334;263,102;85,398	815	1436647554
56,165;350,184;51,232	306,413;200,148;41,329	706	1436647561
114,92;60,216;67,43	105,186;212,181;123,204	674	1436647571
160,405;214,119;331,69	293,324;261,351;356,143	685	1436647576
93,330;388,328;200,239	54,279;135,203;456,389	399	1436647582
348,115;438,274;26,142	121,288;237,434;356,435	660	1436647587
134,19;328,214;253,384	257,356;112,231;227,350	417	1436647593
486,420;466,135;48,26	346,315;34,470;51,91	404	1436647600
367,14;142,80;418,272	276,63;21,92;419,365	441	1436647606
21,405;209,205;68,213	171,346;112,327;449,130	763	1436647614
138,309;464,283;381,12	191,101;348,229;76,161	654	1436647629
380,127;372,382;383,156	251,180;321,388;223,259	721	1436647640
67,215;473,407;217,122	381,312;488,427;488,198	626	1436647647
461,237;147,359;325,221	143,18;67,231;64,384	694	1436647652
54,476;207,232;319,143	197,57;433,264;306,456	565	1436647660
215,216;217,203;132,97	115,257;351,47;173,111	803	1436647667
353,41;139,130;431,269	156,352;390,158;44,116	0	1436647696
76,358;489,417;96,438	337,431;202,359;40,201	777	1436647701
155,176;250,220;156,394	472,350;99,84;101,402	610	1436647708
319,226;148,146;22,205	451,414;108,359;273,329	232	1436647713
264,426;482,179;18,329	132,25;44,330;261,229	622	1436647719
134,15;380,375;383,339	294,88;143,454;265,180	659	1436647724
215,173;72,323;147,336	359,456;489,42;310,466	575	1436647730
44,216;18,283;221,415	429,50;88,288;197,125	682	1436647735
347,465;436,31;226,388	152,280;176,363;218,447	648	1436647759
347,119;193,213;98,56	482,237;484,385;84,336	630	1436647765
347,119;193,213;98,56	172,386;26,90;417,53	285	1436647774
215,192;480,472;474,272	33,211;329,149;316,463	415	1436647779
420,439;433,13;230,448	215,337;68,40;286,250	35	1436647785
256,408;314,170;433,38	344,54;315,348;147,297	637	1436647791
281,293;134,442;28,68	132,317;289,123;402,288	436	1436647796
394,468;235,307;343,48	209,471;173,400;112,286	1000	1436647801
106,64;466,431;23,193	296,37;454,490;200,440	366	1436647806
228,327;256,477;269,351	143,219;277,325;480,60	117	1436647813
304,210;89,337;471,72	174,401;205,11;218,97	790	1436647821
351,277;16,62;172,298	432,89;54,67;213,459	614	1436647827
214,348;103,241;313,155	237,432;137,280;472,87	455	1436647833
50,312;460,337;35,192	50,312;460,337;35,192	0	1436647838
133,325;443,196;463,109	290,442;190,164;311,376	676	1436647844
39,16;84,400;37,182	469,197;252,187;31,52	332	1436647849
94,322;203,172;357,266	188,24;233,424;85,475	604	1436647858
328,478;105,100;94,196	149,155;396,486;378,79	665	1436647863
106,64;466,431;23,193	401,365;188,320;286,300	666	1436647869
264,310;469,115;174,230	359,93;483,418;329,425	659	1436647875
163,62;52,204;431,228	281,331;241,489;389,137	644	1436647880
35,425;89,233;175,236	257,382;66,426;23,48	132	1436647886
35,425;89,233;175,236	477,446;300,278;346,173	1	1436647893
123,16;245,433;427,46	202,483;15,268;44,271	886	1436647898
261,284;233,194;270,246	289,179;448,248;81,41	815	1436647903
281,293;134,442;28,68	287,302;244,127;475,260	349	1436647909
389,105;450,303;268,357	37,324;358,119;142,31	215	1436647914
486,420;466,135;48,26	455,469;460,354;203,249	123	1436647920
426,423;260,418;118,450	469,211;229,81;453,232	703	1436647927
52,49;59,407;345,63	463,49;412,375;49,88	342	1436647933
328,478;105,100;94,196	428,367;211,50;333,350	275	1436647941
76,347;113,369;99,460	394,377;403,18;414,345	817	1436647946
163,62;52,204;431,228	403,353;467,425;343,485	397	1436648007
149,207;426,247;34,439	289,142;128,288;481,453	415	1436648034
35,425;89,233;175,236	414,118;466,27;51,210	308	1436648041
133,101;295,433;131,252	378,96;282,317;21,404	187	1436648047
472,215;100,255;419,377	21,251;167,161;461,391	95	1436648053
189,486;452,106;105,180	349,459;392,198;52,480	316	1436648058
468,284;463,177;198,227	174,370;320,35;119,159	636	1436648064
349,180;55,212;387,436	167,454;16,239;470,109	634	1436648070
20,476;320,470;204,281	26,139;320,109;241,312	0	1436648076
356,261;479,71;183,330	357,145;288,23;292,317	385	1436648082
447,232;88,373;441,389	395,299;301,98;309,73	892	1436648087
291,115;371,443;379,409	326,309;66,394;76,366	386	1436648092
234,403;315,431;187,103	300,310;361,204;269,336	621	1436648097
106,64;466,431;23,193	140,268;478,113;83,61	343	1436648103
417,137;308,231;475,150	239,318;368,294;124,127	59	1436648108
436,397;257,297;167,38	63,200;473,327;269,349	147	1436648115
464,132;401,378;411,298	275,435;180,413;460,149	653	1436648120
281,293;134,442;28,68	232,360;125,310;279,86	322	1436648126
2F4x8P431