136	L	0.0.0.0	1436646144
86,169;120,216;436,399	144,391;208,137;457,168	924	1436646290
86,78;211,107;147,483	300,72;222,477;113,110	225	1436646300
42,319;93,132;46,412	429,92;312,197;119,197	274	1436646320
321,361;415,193;224,237	321,361;415,193;224,237	4	1436646333
213,263;455,213;370,59	177,372;447,44;475,193	764	1436646358
280,308;219,21;355,351	311,180;66,426;446,166	18	1436646373
76,347;113,369;99,460	451,229;435,457;483,48	956	1436646387
32,329;81,158;291,269	416,443;382,201;247,314	307	1436646397
345,173;33,132;159,283	395,356;201,141;317,29	324	1436646405
430,321;167,177;252,84	89,296;446,102;482,393	291	1436646412
115,72;67,147;76,253	362,259;333,241;426,113	355	1436646420
31,293;346,471;175,27	129,77;87,437;30,16	245	1436646426
345,110;291,416;469,78	285,361;267,457;186,164	0	1436646446
391,41;216,359;395,193	178,256;190,464;316,57	0	1436646459
50,312;460,337;35,192	50,312;460,337;35,192	0	1436646465
434,475;158,34;233,328	347,426;360,395;256,86	670	1436646472
287,410;266,468;285,258	467,40;405,91;144,434	579	1436646479
76,358;489,417;96,438	104,124;239,478;56,356	731	1436646491
419,201;261,83;299,184	34,355;488,402;324,447	579	1436646497
430,321;167,177;252,84	35,263;118,73;281,484	651	1436646505
396,142;141,438;50,294	102,372;461,237;154,452	425	1436646511
350,428;81,399;260,182	171,443;337,465;436,378	29	1436646526
361,351;363,67;427,305	389,238;269,191;223,355	604	1436646534
480,200;18,58;163,93	20,475;302,57;284,144	946	1436646548
430,321;167,177;252,84	308,37;283,127;452,267	294	1436646557
23,28;369,459;24,30	337,358;396,296;200,456	989	1436646571
89,154;125,240;275,406	392,49;15,78;466,120	285	1436646577
319,282;233,136;160,191	191,31;39,169;90,144	252	1436646584
288,255;363,115;201,424	101,285;64,310;319,15	587	1436646593
430,321;167,177;252,84	443,92;277,481;345,165	594	1436646600
242,12;127,31;373,156	91,34;248,260;460,393	339	1436646606
27,166;224,232;336,184	300,241;299,287;88,91	624	1436646611
47,391;148,373;38,126	423,21;317,412;186,336	238	1436646622
486,420;466,135;48,26	362,353;269,84;202,249	117	1436646631
211,46;114,86;343,332	301,218;469,450;231,20	647	1436646637
472,215;100,255;419,377	394,61;291,230;96,221	268	1436646643
365,159;43,490;215,122	471,333;185,415;194,74	183	1436646649
361,351;363,67;427,305	402,250;181,262;352,207	17	1436646656
307,19;466,113;431,378	382,34;278,420;275,148	56	1436646662
67,215;473,407;217,122	472,145;278,355;454,484	274	1436646667
391,333;115,44;465,145	172,389;403,152;60,146	568	1436646673
275,171;196,254;427,390	275,45;322,438;309,179	673	1436646680
140,364;396,396;270,149	226,362;39,57;390,14	181	1436646686
340,30;42,217;206,132	475,327;463,284;461,273	984	1436646694
86,258;40,66;466,346	416,326;22,157;476,430	260	1436646701
385,164;279,192;104,441	300,44;212,307;385,442	631	1436646710
17,46;151,56;365,187	348,104;106,417;225,166	44	1436646716
146,184;338,246;322,384	217,283;347,471;431,112	154	1436646723
134,410;95,29;379,475	232,49;179,328;95,51	757	1436646730
264,426;482,179;18,329	386,407;448,165;120,424	15	1436646738
325,147;483,209;178,231	252,56;286,395;400,316	967	1436646745
349,151;208,317;95,172	413,109;303,355;207,84	64	1436646753
289,275;124,139;404,132	64,350;300,209;209,225	875	1436646763
17,46;151,56;365,187	259,22;438,165;405,108	301	1436646769
328,478;105,100;94,196	108,333;438,95;190,428	234	1436646775
309,341;144,310;36,277	232,184;249,59;287,19	946	1436646780
106,64;466,431;23,193	125,171;356,169;387,459	685	1436646787
374,483;409,302;388,151	360,145;131,305;343,74	305	1436646792
87,22;183,211;222,311	196,441;92,490;489,400	879	1436646801
281,73;467,484;142,73	14,241;210,315;439,27	11	1436646807
51,78;78,214;266,179	361,389;374,241;119,138	627	1436646813
339,139;437,263;235,235	72,96;473,45;477,208	764	1436646826
204,489;143,109;260,195	327,433;110,426;43,282	713	1436646831
27,166;224,232;336,184	318,342;122,301;240,300	344	1436646841
43,236;379,412;248,230	103,45;170,129;199,138	837	1436646853
399,284;233,305;41,450	210,476;32,167;237,287	114	1436646861
107,77;32,329;418,19	147,402;388,153;18,179	168	1436646868
213,383;98,57;304,200	396,146;200,298;380,69	557	1436646876
148,244;350,105;386,184	146,337;390,410;223,322	121	1436646883
451,398;119,210;123,346	228,177;451,61;83,481	768	1436646889
486,420;466,135;48,26	328,162;306,433;195,280	723	1436646905
165,353;21,269;375,230	365,141;163,185;37,95	34	1436646911
405,247;176,348;249,396	208,187;183,258;284,200	936	1436646921
98,206;379,52;379,157	479,169;338,341;58,46	600	1436646928
472,215;100,255;419,377	200,68;149,406;80,234	109	1436646938
339,393;429,169;235,235	490,350;197,247;173,472	329	1436646943
377,193;395,27;213,453	384,374;246,277;434,386	804	1436646948
322,368;283,266;403,161	264,218;145,276;429,171	892	1436646955
165,353;21,269;375,230	353,486;174,307;246,11	49	1436646964
434,46;256,333;263,59	117,94;365,315;237,13	22	1436646972
358,176;450,27;11,430	181,171;484,489;31,125	40	1436646980
255,298;155,364;311,134	422,340;96,359;292,75	36	1436646988
430,321;167,177;252,84	28,285;195,31;394,204	611	1436646995
437,319;434,366;263,222	463,141;46,280;440,199	7	1436647004
444,229;78,300;362,51	232,209;73,73;93,135	655	1436647010
434,46;256,333;263,59	180,383;309,426;474,70	889	1436647024
428,425;425,339;146,102	27,401;150,220;396,472	180	1436647031
14,381;248,59;194,65	424,383;281,223;204,97	209	1436647040
131,485;147,168;29,201	216,467;165,365;390,81	698	1436647046
44,216;18,283;221,415	266,367;337,405;306,62	22	1436647051
340,30;42,217;206,132	381,48;470,151;309,420	905	1436647058
288,255;363,115;201,424	191,30;485,236;191,31	75	1436647065
428,58;228,125;188,159	427,313;380,250;251,21	181	1436647073
153,76;47,35;65,273	72,153;395,129;394,32	697	1436647084
430,321;167,177;252,84	460,453;28,249;484,176	607	1436647091
213,400;281,121;409,301	283,232;430,448;403,170	212	1436647099
437,92;119,438;398,282	228,303;339,291;346,67	148	1436647106
302,153;253,50;22,320	203,86;63,40;125,404	0	1436647114
36,169;217,145;145,393	46,418;331,448;176,92	47	1436647121
111,38;364,327;344,278	168,140;60,485;310,483	305	1436647127
77,378;218,284;101,337	248,310;217,325;107,404	708	1436647135
83,486;84,230;32,399	41,169;129,186;376,108	327	1436647141
149,207;426,247;34,439	161,285;404,363;448,288	948	1436647147
276,47;212,373;185,261	472,192;213,388;413,106	812	1436647152
50,230;454,95;53,165	68,101;283,61;213,378	284	1436647157
244,336;22,332;348,265	128,197;35,206;78,51	815	1436647163
289,438;28,139;41,283	278,306;45,295;191,355	710	1436647169
196,185;272,86;44,308	72,175;477,123;216,227	732	1436647173
17,46;151,56;365,187	32,130;265,155;80,116	132	1436647178
430,321;167,177;252,84	29,170;11,345;247,32	880	1436647184
474,322;242,110;51,279	403,346;159,17;422,328	911	1436647192
196,412;444,339;304,208	104,202;134,48;346,172	29	1436647198
83,486;84,230;32,399	83,359;370,412;268,322	728	1436647203
230,109;490,407;42,65	403,134;312,109;401,419	92	1436647214
281,293;134,442;28,68	84,129;395,300;307,43	289	1436647223
436,397;257,297;167,38	466,411;136,45;233,46	856	1436647234
329,401;253,227;31,373	247,230;183,286;100,127	759	1436647239
428,58;228,125;188,159	382,395;54,111;396,417	869	1436647245
437,319;434,366;263,222	325,176;286,308;400,52	664	1436647251
398,474;21,332;153,380	398,474;21,332;153,380	5	1436647257
434,46;256,333;263,59	315,340;23,406;88,256	665	1436647262
472,215;100,255;419,377	457,474;33,378;488,411	768	1436647266
257,468;429,144;181,111	255,412;252,348;405,55	839	1436647273
165,353;21,269;375,230	435,283;381,287;352,256	919	1436647279
434,46;256,333;263,59	296,331;252,318;305,191	100	1436647288
194,85;468,488;88,105	279,24;262,324;282,42	998	1436647296
41,291;277,476;147,331	381,110;251,40;107,46	138	1436647301
472,215;100,255;419,377	363,112;143,353;198,166	39	1436647310
30,231;131,192;281,449	189,108;90,242;244,233	767	1436647315
50,230;454,95;53,165	441,212;277,278;20,462	898	1436647323
428,58;228,125;188,159	339,115;68,325;454,126	838	1436647331
259,12;379,60;30,391	259,12;379,60;30,391	0	1436647340
84,411;347,471;487,416	238,57;391,391;172,280	151	1436647348
472,215;100,255;419,377	41,190;181,113;311,263	98	1436647355
403,398;260,464;121,125	412,400;85,401;402,33	736	1436647361
3B6y9M645