136	L	0.0.0.0	1436646676
86,169;120,216;436,399	144,391;208,137;457,168	1000	1436646762
86,78;211,107;147,483	300,72;222,477;113,110	593	1436646781
42,319;93,132;46,412	429,92;312,197;119,197	908	1436646790
321,361;415,193;224,237	321,361;415,193;224,237	0	1436646801
213,263;455,213;370,59	177,372;447,44;475,193	890	1436646810
280,308;219,21;355,351	311,180;66,426;446,166	103	1436646823
367,14;142,80;418,272	211,344;325,53;47,201	565	1436646833
196,412;444,339;304,208	484,52;138,284;425,266	904	1436646847
309,341;144,310;36,277	232,184;249,59;287,19	869	1436646855
331,363;167,84;478,185	290,437;88,191;427,114	744	1436646875
448,116;148,189;248,384	81,172;41,199;214,297	1000	1436646882
340,30;42,217;206,132	144,363;86,208;164,404	1000	1436646889
469,55;136,66;89,152	156,312;160,18;331,274	1000	1436646897
118,74;160,342;370,12	264,65;32,209;273,412	853	1436646908
67,215;473,407;217,122	360,196;335,421;84,286	963	1436646916
67,120;165,428;37,437	460,113;441,277;282,490	1000	1436646922
67,366;311,260;387,85	156,29;264,450;242,114	1000	1436646933
395,272;180,447;156,165	417,452;240,24;144,359	1000	1436646943
12,282;451,375;298,438	61,101;145,161;289,429	963	1436646953
367,14;142,80;418,272	354,423;124,432;71,95	1000	1436646961
50,230;454,95;53,165	68,101;283,61;213,378	1000	1436646968
118,376;303,484;454,445	134,461;449,483;296,321	869	1436646984
27,166;224,232;336,184	238,51;297,431;479,228	879	1436646997
486,315;321,423;129,435	230,92;273,114;63,215	1000	1436647003
428,58;228,125;188,159	117,368;38,179;103,251	1000	1436647011
105,141;402,394;353,201	270,460;12,459;476,110	1000	1436647019
59,41;257,470;389,223	394,259;323,453;84,195	1000	1436647026
77,378;218,284;101,337	232,141;347,333;429,369	925	1436647035
295,470;432,74;243,122	79,437;431,353;56,244	1000	1436647042
163,62;52,204;431,228	18,370;463,22;474,179	1000	1436647048
123,16;245,433;427,46	202,483;15,268;44,271	1000	1436647054
437,319;434,366;263,222	352,295;346,255;157,407	0	1436647063
89,154;125,240;275,406	116,412;475,159;104,366	1000	1436647069
304,210;89,337;471,72	174,401;205,11;218,97	1000	1436647076
237,486;262,211;20,408	411,451;19,271;95,418	1000	1436647084
12,445;370,373;309,478	112,277;23,349;352,193	1000	1436647089
361,351;363,67;427,305	217,346;367,361;22,441	1000	1436647099
309,341;144,310;36,277	311,110;331,136;374,82	1000	1436647106
391,41;216,359;395,193	169,450;360,356;133,284	1000	1436647113
322,368;283,266;403,161	264,218;145,276;429,171	1000	1436647120
154,238;467,70;310,310	363,185;423,388;85,216	1000	1436647127
367,14;142,80;418,272	163,269;121,128;283,26	814	1436647133
35,425;89,233;175,236	192,206;160,224;345,388	1000	1436647138
426,423;260,418;118,450	174,107;256,175;422,161	343	1436647148
288,255;363,115;201,424	191,30;485,236;191,31	1000	1436647156
367,14;142,80;418,272	321,312;62,209;309,375	1000	1436647162
302,153;253,50;22,320	200,47;455,62;273,304	1000	1436647167
486,420;466,135;48,26	267,99;487,317;206,98	1000	1436647173
302,153;253,50;22,320	423,391;373,176;117,317	1000	1436647178
291,336;119,466;244,123	444,131;295,69;130,263	1000	1436647184
243,191;373,142;16,199	191,377;337,179;475,241	1000	1436647192
300,240;369,472;450,287	105,285;43,459;59,272	872	1436647197
430,321;167,177;252,84	209,252;147,279;486,355	1000	1436647203
472,215;100,255;419,377	93,220;445,36;21,396	1000	1436647216
240,160;110,11;375,181	195,152;446,11;259,89	1000	1436647222
309,341;144,310;36,277	121,167;281,440;136,165	1000	1436647228
288,255;363,115;201,424	389,285;367,194;439,431	982	1436647239
469,183;233,465;46,183	34,108;196,458;487,78	703	1436647250
347,119;193,213;98,56	333,345;143,109;212,31	887	1436647255
219,444;284,74;293,226	464,468;262,354;113,443	669	1436647263
134,19;328,214;253,384	257,356;112,231;227,350	1000	1436647269
149,448;192,326;127,303	79,470;106,336;137,444	1000	1436647275
437,319;434,366;263,222	450,159;169,324;451,128	1000	1436647282
78,266;16,264;145,269	412,169;296,133;362,152	1000	1436647287
236,141;360,287;97,263	180,440;464,397;23,395	851	1436647292
76,358;489,417;96,438	94,53;484,222;281,202	1000	1436647300
323,49;351,327;93,154	447,297;290,60;33,292	136	1436647310
94,322;203,172;357,266	269,366;50,160;368,230	885	1436647321
149,207;426,247;34,439	161,285;404,363;448,288	995	1436647326
281,293;134,442;28,68	28,410;71,165;345,120	1000	1436647335
196,412;444,339;304,208	237,314;168,165;482,450	868	1436647340
436,397;257,297;167,38	238,58;277,277;487,45	1000	1436647347
145,443;100,283;481,341	305,426;477,158;276,106	1000	1436647356
362,41;51,173;393,50	166,431;401,81;407,16	932	1436647362
156,450;165,402;437,423	378,260;308,149;308,114	1000	1436647368
398,474;21,332;153,380	398,474;21,332;153,380	0	1436647373
17,46;151,56;365,187	398,321;480,469;36,146	689	1436647387
163,62;52,204;431,228	472,357;100,166;434,405	1000	1436647392
149,207;426,247;34,439	416,110;246,196;124,25	496	1436647400
430,321;167,177;252,84	264,124;481,333;96,306	889	1436647406
319,130;223,482;312,429	377,296;367,159;362,459	1000	1436647414
89,154;125,240;275,406	249,388;397,141;267,361	868	1436647420
407,271;401,270;178,105	244,267;401,160;11,314	1000	1436647425
481,117;337,115;262,351	221,487;465,152;65,70	1000	1436647435
43,236;379,412;248,230	47,37;455,30;81,279	662	1436647442
61,109;258,190;228,198	452,149;204,239;14,338	1000	1436647448
361,351;363,67;427,305	22,203;14,22;132,473	1000	1436647453
76,347;113,369;99,460	211,426;484,161;386,345	881	1436647462
50,312;460,337;35,192	50,312;460,337;35,192	0	1436647468
367,71;96,237;210,74	475,117;255,194;73,388	112	1436647480
328,478;105,100;94,196	309,397;125,137;162,201	818	1436647488
27,166;224,232;336,184	318,342;122,301;240,300	906	1436647499
115,72;67,147;76,253	123,424;36,334;263,456	871	1436647505
157,361;169,91;49,447	309,437;364,384;156,363	343	1436647512
465,384;275,345;281,246	35,320;468,130;344,288	782	1436647518
317,257;169,276;69,427	178,402;219,372;160,180	1000	1436647523
259,12;379,60;30,391	259,12;379,60;30,391	0	1436647529
44,216;18,283;221,415	429,50;88,288;197,125	1000	1436647534
215,192;480,472;474,272	20,442;74,338;67,16	1000	1436647539
141,246;247,257;220,364	198,48;62,188;311,116	975	1436647545
200,56;252,93;105,169	47,119;408,238;285,176	999	1436647550
149,472;373,24;339,29	97,321;57,276;126,36	1000	1436647554
446,208;367,447;349,267	280,374;426,470;428,164	888	1436647560
436,397;257,297;167,38	195,216;187,173;113,361	1000	1436647565
83,486;84,230;32,399	364,354;379,176;267,77	790	1436647572
237,152;242,200;252,74	205,207;357,71;115,244	301	1436647579
467,195;355,150;391,413	470,189;147,249;314,160	1000	1436647584
377,461;330,21;102,90	26,121;392,308;320,38	1000	1436647591
352,130;236,484;85,263	332,304;182,55;284,85	1000	1436647602
485,255;389,269;456,207	378,427;368,309;47,44	915	1436647608
14,381;248,59;194,65	301,128;176,120;343,66	1000	1436647614
309,341;144,310;36,277	93,123;435,70;454,237	1000	1436647619
391,41;216,359;395,193	448,286;362,347;456,54	642	1436647624
67,215;473,407;217,122	472,152;49,345;224,100	949	1436647635
387,167;426,231;259,253	331,258;372,387;250,84	1000	1436647640
242,113;191,118;265,35	368,482;347,61;398,24	1000	1436647644
153,76;47,35;65,273	72,153;395,129;394,32	914	1436647650
215,192;480,472;474,272	484,161;486,416;79,25	889	1436647659
382,294;207,333;280,232	460,125;258,112;100,214	681	1436647665
132,173;72,359;17,327	359,401;198,198;149,341	1000	1436647671
264,426;482,179;18,329	251,124;295,348;58,204	768	1436647676
237,152;242,200;252,74	110,73;321,127;375,162	1000	1436647681
90,71;365,199;160,258	51,266;15,105;170,182	748	1436647689
436,397;257,297;167,38	262,481;25,111;379,470	1000	1436647694
154,238;467,70;310,310	373,352;411,206;80,47	0	1436647708
218,279;290,470;372,91	69,232;354,76;62,471	0	1436647717
154,238;467,70;310,310	70,446;199,181;30,135	1000	1436647724
411,385;75,466;242,191	202,344;106,95;13,283	276	1436647734
321,317;146,171;312,218	307,325;104,412;338,281	1000	1436647739
67,215;473,407;217,122	236,474;411,292;398,434	965	1436647744
214,461;452,229;11,436	41,383;185,25;293,12	937	1436647749
466,106;19,393;33,149	112,242;146,287;475,378	991	1436647757
486,420;466,135;48,26	344,275;342,88;135,357	1000	1436647765
130,163;253,239;399,287	421,419;133,478;398,242	1000	1436647771
115,407;173,452;259,205	286,168;377,162;458,324	931	1436647778
4C3u7L691