137	R	0.0.0.0	1436646067
86,169;120,216;436,399	144,391;208,137;457,168	1000	1436646160
86,78;211,107;147,483	300,72;222,477;113,110	170	1436646172
42,319;93,132;46,412	429,92;312,197;119,197	902	1436646180
321,361;415,193;224,237	321,361;415,193;224,237	0	1436646188
213,263;455,213;370,59	177,372;447,44;475,193	869	1436646195
280,308;219,21;355,351	311,180;66,426;446,166	105	1436646203
437,319;434,366;263,222	369,433;450,47;441,334	759	1436646218
365,285;164,362;318,39	247,214;304,143;26,243	743	1436646225
94,322;203,172;357,266	339,326;155,417;20,222	409	1436646233
292,416;350,79;155,60	135,387;449,95;270,413	756	1436646239
53,120;250,58;258,141	78,200;389,38;129,336	799	1436646245
41,127;285,139;352,176	61,201;125,230;220,234	710	1436646251
106,64;466,431;23,193	140,268;478,113;83,61	931	1436646258
54,78;409,217;107,98	345,482;224,154;276,273	749	1436646265
201,421;50,133;483,266	165,272;319,76;352,346	334	1436646270
79,331;36,48;173,216	301,93;164,406;273,195	1000	1436646275
175,203;277,140;251,452	223,340;420,30;153,317	802	1436646281
391,41;216,359;395,193	169,450;360,356;133,284	753	1436646287
391,41;216,359;395,193	490,398;304,118;414,354	746	1436646293
428,58;228,125;188,159	380,244;236,244;384,216	771	1436646299
425,365;119,36;45,208	454,310;84,182;484,437	804	1436646305
281,293;134,442;28,68	95,414;81,112;248,434	328	1436646310
288,255;363,115;201,424	384,290;136,414;17,440	1000	1436646316
90,349;86,272;60,159	328,34;320,454;294,213	684	1436646322
332,231;247,283;74,485	79,324;255,360;107,332	998	1436646329
149,207;426,247;34,439	106,316;429,105;350,477	136	1436646335
447,83;485,459;160,469	145,292;204,47;480,245	288	1436646340
14,381;248,59;194,65	312,291;24,179;457,250	880	1436646345
143,60;371,32;108,276	219,21;324,129;305,278	621	1436646351
352,130;236,484;85,263	332,304;182,55;284,85	717	1436646356
35,425;89,233;175,236	233,91;119,246;44,356	1000	1436646363
98,26;446,333;364,178	243,149;79,437;122,86	760	1436646369
75,214;33,260;449,416	369,17;404,392;481,289	421	1436646375
472,215;100,255;419,377	448,73;99,421;18,19	373	1436646381
122,324;39,350;211,207	159,393;260,285;184,478	397	1436646386
145,443;100,283;481,341	305,426;477,158;276,106	262	1436646392
154,238;467,70;310,310	38,109;69,304;222,32	318	1436646398
348,436;44,123;313,151	128,169;430,380;475,197	277	1436646403
154,238;467,70;310,310	399,150;288,289;27,353	635	1436646408
76,358;489,417;96,438	192,462;415,144;228,367	1000	1436646414
347,119;193,213;98,56	50,326;66,32;358,431	456	1436646420
468,41;217,339;270,345	269,205;117,169;482,321	1000	1436646426
381,205;308,167;191,444	263,15;311,126;241,47	874	1436646432
347,402;64,223;358,402	371,253;224,176;317,233	322	1436646438
288,255;363,115;201,424	350,433;108,408;312,387	1000	1436646459
335,49;222,158;461,361	428,477;354,386;94,266	1000	1436646465
34,194;35,103;306,433	262,92;49,296;259,357	1000	1436646472
283,485;226,233;402,139	206,223;296,375;387,185	346	1436646477
391,41;216,359;395,193	39,288;150,443;150,125	430	1436646482
430,321;167,177;252,84	144,420;194,311;223,357	654	1436646489
288,255;363,115;201,424	38,438;474,40;150,427	1000	1436646495
44,216;18,283;221,415	54,472;372,422;286,89	697	1436646500
367,14;142,80;418,272	321,312;62,209;309,375	855	1436646505
391,41;216,359;395,193	448,286;362,347;456,54	370	1436646510
157,361;169,91;49,447	309,437;364,384;156,363	427	1436646515
12,378;139,383;89,376	331,164;342,51;46,258	1000	1436646520
118,376;303,484;454,445	134,461;449,483;296,321	592	1436646525
426,423;260,418;118,450	240,122;239,188;340,381	410	1436646530
77,378;218,284;101,337	185,164;120,443;356,289	816	1436646536
458,361;397,354;377,487	336,179;418,429;153,293	699	1436646543
130,399;227,341;111,275	230,26;76,313;325,229	358	1436646548
196,412;444,339;304,208	361,369;180,243;300,455	394	1436646553
106,64;466,431;23,193	226,166;15,19;283,456	710	1436646558
423,315;45,250;19,53	199,488;39,87;424,187	722	1436646564
115,72;67,147;76,253	363,150;175,370;297,483	790	1436646570
34,452;349,466;330,246	248,95;361,371;484,24	165	1436646576
215,192;480,472;474,272	38,131;115,358;248,480	902	1436646582
483,251;389,374;334,233	324,473;33,443;102,193	345	1436646587
308,141;121,362;28,113	487,81;108,461;153,281	874	1436646595
214,167;113,177;217,211	273,136;304,183;38,162	321	1436646600
481,262;121,394;319,431	146,449;143,374;443,238	860	1436646606
298,423;414,472;26,249	34,233;336,474;90,440	1000	1436646611
288,255;363,115;201,424	361,328;456,371;192,254	288	1436646617
259,12;379,60;30,391	259,12;379,60;30,391	0	1436646622
163,62;52,204;431,228	351,144;51,462;425,394	398	1436646628
426,423;260,418;118,450	403,183;427,238;210,458	781	1436646633
476,208;333,23;409,454	40,321;332,142;71,144	725	1436646638
437,319;434,366;263,222	188,249;297,73;407,19	772	1436646643
17,46;151,56;365,187	451,124;337,117;257,193	801	1436646648
429,94;483,45;395,191	389,476;416,356;413,300	996	1436646654
472,473;177,324;281,143	247,106;418,223;346,377	300	1436646659
116,433;141,31;68,124	193,435;288,70;276,184	1000	1436646663
196,467;426,393;357,285	380,153;375,433;488,258	271	1436646669
231,424;126,490;261,36	133,165;334,56;300,140	792	1436646674
437,319;434,366;263,222	195,195;63,471;200,101	920	1436646681
391,41;216,359;395,193	373,452;242,84;321,271	1000	1436646686
451,398;119,210;123,346	469,36;54,145;220,485	892	1436646691
115,72;67,147;76,253	185,132;202,292;195,472	1000	1436646696
436,397;257,297;167,38	411,67;428,200;296,189	1000	1436646702
77,378;218,284;101,337	62,51;159,440;384,489	1000	1436646707
423,196;148,161;315,389	475,428;270,398;327,460	740	1436646714
471,346;404,135;459,119	167,232;323,195;414,201	734	1436646719
17,46;151,56;365,187	243,79;240,420;103,299	1000	1436646724
184,300;303,379;133,368	172,223;156,108;200,424	1000	1436646736
35,425;89,233;175,236	378,327;244,378;31,189	838	1436646741
89,154;125,240;275,406	447,302;78,387;441,374	1000	1436646747
369,11;470,267;204,71	248,161;392,315;65,307	279	1436646752
14,381;248,59;194,65	233,332;461,68;325,487	1000	1436646758
398,474;21,332;153,380	398,474;21,332;153,380	0	1436646763
426,423;260,418;118,450	289,164;416,251;183,103	294	1436646769
137,241;345,60;452,337	308,12;44,443;404,115	895	1436646774
338,328;155,125;160,228	267,410;261,204;81,187	792	1436646779
239,29;273,395;53,470	135,388;176,420;412,363	784	1436646784
452,73;249,298;142,362	253,211;133,155;11,109	1000	1436646789
62,289;23,41;282,340	470,117;350,108;418,357	365	1436646794
361,351;363,67;427,305	43,60;57,28;392,440	982	1436646800
373,324;291,141;337,474	273,366;342,231;285,43	301	1436646805
255,282;399,416;61,325	455,136;165,84;152,407	309	1436646810
328,478;105,100;94,196	80,427;321,274;162,486	907	1436646815
47,235;395,273;181,369	137,133;168,422;334,209	239	1436646820
35,425;89,233;175,236	157,55;285,20;335,469	371	1436646831
402,345;451,373;171,400	161,276;426,73;94,295	1000	1436646836
170,282;19,150;172,192	443,459;144,338;326,91	1000	1436646842
427,366;117,188;73,75	320,339;40,425;73,385	294	1436646846
50,312;460,337;35,192	50,312;460,337;35,192	0	1436646851
270,124;168,394;223,81	366,401;288,341;224,44	113	1436646856
434,46;256,333;263,59	328,78;358,397;455,363	443	1436646861
367,14;142,80;418,272	157,460;102,74;394,454	170	1436646866
82,149;59,68;456,270	15,289;200,130;372,221	894	1436646874
163,62;52,204;431,228	403,353;467,425;343,485	320	1436646879
295,470;432,74;243,122	79,437;431,353;56,244	336	1436646884
44,216;18,283;221,415	224,384;268,350;138,244	224	1436646889
254,421;291,307;450,150	326,141;326,366;291,203	273	1436646894
426,423;260,418;118,450	277,431;48,272;464,88	1000	1436646898
338,231;61,51;240,147	13,109;29,200;272,337	974	1436646903
76,399;70,277;410,190	484,213;244,59;361,417	895	1436646908
309,341;144,310;36,277	254,198;138,388;303,117	1000	1436646913
351,245;464,25;157,411	296,369;453,284;419,429	1000	1436646919
286,231;110,81;295,60	243,23;164,228;258,314	983	1436646924
76,358;489,417;96,438	164,163;249,12;210,280	968	1436646929
348,115;438,274;26,142	452,276;177,463;171,118	922	1436646934
154,238;467,70;310,310	39,347;470,193;325,48	418	1436646939
436,241;346,162;209,334	302,146;240,429;419,174	379	1436646945
43,236;379,412;248,230	146,134;221,450;316,258	228	1436646950
317,257;169,276;69,427	178,402;219,372;160,180	671	1436646955
285,76;399,27;79,194	51,147;464,280;363,373	1000	1436646960
3H5x9R168