137	L	0.0.0.0	1436646509
86,169;120,216;436,399	144,391;208,137;457,168	1000	1436646624
86,78;211,107;147,483	300,72;222,477;113,110	694	1436646639
42,319;93,132;46,412	429,92;312,197;119,197	1000	1436646647
321,361;415,193;224,237	321,361;415,193;224,237	0	1436646655
213,263;455,213;370,59	177,372;447,44;475,193	1000	1436646661
280,308;219,21;355,351	311,180;66,426;446,166	97	1436646674
12,445;370,373;309,478	112,277;23,349;352,193	1000	1436646680
47,391;148,373;38,126	43,281;15,219;315,212	1000	1436646690
215,192;480,472;474,272	402,188;311,380;51,83	1000	1436646699
153,59;299,332;405,355	311,259;487,28;79,424	1000	1436646704
361,351;363,67;427,305	232,36;244,314;208,45	1000	1436646711
77,378;218,284;101,337	236,153;377,446;284,152	1000	1436646717
146,184;338,246;322,384	217,283;347,471;431,112	1000	1436646732
457,357;145,382;487,279	264,171;304,401;261,264	1000	1436646737
328,478;105,100;94,196	23,311;125,208;346,26	1000	1436646742
35,425;89,233;175,236	59,333;181,319;369,380	1000	1436646749
47,391;148,373;38,126	433,285;250,394;174,229	1000	1436646758
289,275;124,139;404,132	64,350;300,209;209,225	1000	1436646767
288,255;363,115;201,424	38,438;474,40;150,427	1000	1436646772
165,353;21,269;375,230	295,60;228,396;215,306	1000	1436646778
161,71;269,131;478,482	136,364;296,85;430,413	1000	1436646783
302,267;488,260;93,133	65,303;198,385;16,229	1000	1436646789
154,238;467,70;310,310	54,20;312,481;275,70	1000	1436646841
438,408;105,179;31,56	286,472;286,382;188,250	1000	1436646846
14,381;248,59;194,65	281,22;334,21;231,143	1000	1436646854
488,390;488,290;464,206	155,214;228,323;126,102	1000	1436646861
229,300;342,199;166,104	251,113;50,453;135,125	1000	1436646866
87,328;263,384;438,283	450,89;340,313;139,195	1000	1436646872
482,474;66,126;358,173	303,182;130,226;425,352	1000	1436646878
76,347;113,369;99,460	211,426;484,161;386,345	1000	1436646882
355,328;11,267;416,106	224,356;478,467;280,332	1000	1436646887
429,66;147,290;434,56	267,299;264,61;102,278	1000	1436646892
348,115;438,274;26,142	148,60;277,120;351,470	1000	1436646898
198,254;298,311;401,489	450,168;65,380;450,239	1000	1436646903
486,420;466,135;48,26	344,275;342,88;135,357	1000	1436646910
281,293;134,442;28,68	132,317;289,123;402,288	1000	1436646923
236,34;374,64;36,389	283,314;102,401;291,79	1000	1436646928
106,64;466,431;23,193	329,218;402,235;373,188	1000	1436646933
163,62;52,204;431,228	281,331;241,489;389,137	1000	1436646938
35,425;89,233;175,236	429,145;187,116;74,336	1000	1436646943
467,325;395,451;455,277	438,337;192,213;234,57	1000	1436646952
149,207;426,247;34,439	38,89;214,163;123,436	1000	1436646958
83,486;84,230;32,399	177,319;379,214;244,226	1000	1436646979
285,39;12,228;398,459	307,33;65,401;398,363	1000	1436647003
436,397;257,297;167,38	107,70;311,122;359,458	1000	1436647010
189,486;452,106;105,180	349,459;392,198;52,480	1000	1436647016
391,41;216,359;395,193	16,202;154,478;226,464	1000	1436647021
39,110;252,187;142,166	203,326;52,480;98,249	1000	1436647025
398,474;21,332;153,380	398,474;21,332;153,380	0	1436647031
27,166;224,232;336,184	361,109;490,288;319,142	1000	1436647037
344,39;276,30;391,483	270,439;209,46;166,229	1000	1436647042
437,319;434,366;263,222	186,298;306,383;136,197	1000	1436647046
469,183;233,465;46,183	34,108;196,458;487,78	1000	1436647052
391,41;216,359;395,193	281,232;373,41;291,193	1000	1436647057
41,291;277,476;147,331	381,110;251,40;107,46	1000	1436647093
17,46;151,56;365,187	301,28;243,373;172,162	1000	1436647098
437,319;434,366;263,222	463,141;46,280;440,199	1000	1436647102
17,46;151,56;365,187	96,355;221,309;331,41	1000	1436647107
207,45;91,245;66,317	114,97;388,61;326,215	1000	1436647114
50,312;460,337;35,192	50,312;460,337;35,192	0	1436647122
253,392;213,333;459,469	378,413;144,317;367,460	1000	1436647126
209,299;277,32;180,145	75,60;145,29;422,318	1000	1436647132
340,30;42,217;206,132	433,98;479,239;373,159	1000	1436647137
367,14;142,80;418,272	354,423;124,432;71,95	1000	1436647142
196,412;444,339;304,208	231,393;218,80;193,459	1000	1436647147
154,238;467,70;310,310	395,118;129,111;101,388	1000	1436647159
478,198;170,269;16,170	77,279;403,253;456,145	1000	1436647163
437,93;387,370;47,32	82,96;144,152;331,15	1000	1436647169
254,421;291,307;450,150	133,332;183,468;179,477	1000	1436647174
328,478;105,100;94,196	325,411;121,52;246,217	1000	1436647179
144,409;41,15;104,154	24,392;267,148;307,112	1000	1436647184
286,231;110,81;295,60	243,23;164,228;258,314	1000	1436647189
167,362;278,382;477,271	100,413;181,157;188,93	1000	1436647194
138,309;464,283;381,12	191,101;348,229;76,161	1000	1436647210
193,479;168,135;358,222	88,363;399,336;189,383	1000	1436647214
106,64;466,431;23,193	246,413;284,121;170,473	1000	1436647219
259,12;379,60;30,391	259,12;379,60;30,391	0	1436647224
451,398;119,210;123,346	140,209;48,369;404,207	1000	1436647229
451,398;119,210;123,346	403,127;411,488;473,20	1000	1436647234
348,115;438,274;26,142	276,44;319,188;421,324	1000	1436647243
242,307;222,412;123,230	381,394;267,248;95,393	1000	1436647248
149,207;426,247;34,439	63,31;114,112;72,334	1000	1436647263
89,383;336,248;463,374	350,309;323,54;245,196	1000	1436647268
451,398;119,210;123,346	228,177;451,61;83,481	1000	1436647272
103,177;332,205;397,68	322,440;218,321;284,298	1000	1436647278
430,321;167,177;252,84	120,208;486,204;65,482	1000	1436647283
309,341;144,310;36,277	64,468;120,363;190,289	1000	1436647289
154,238;467,70;310,310	113,235;377,127;105,73	1000	1436647295
446,473;425,334;419,348	279,288;294,240;205,361	1000	1436647311
44,216;18,283;221,415	95,242;56,373;386,82	1000	1436647316
65,75;197,14;56,189	225,42;145,177;317,326	1000	1436647321
67,215;473,407;217,122	135,98;333,403;224,473	1000	1436647327
426,423;260,418;118,450	230,206;371,193;205,20	1000	1436647332
320,97;288,294;469,456	209,123;355,46;263,475	1000	1436647337
184,300;303,379;133,368	172,223;156,108;200,424	1000	1436647341
102,293;336,237;371,154	257,268;33,217;330,83	1000	1436647346
322,368;283,266;403,161	264,218;145,276;429,171	1000	1436647351
481,375;321,301;145,217	366,211;100,186;180,204	1000	1436647355
385,371;300,112;305,166	268,465;373,297;235,377	1000	1436647361
486,420;466,135;48,26	244,138;94,400;474,282	1000	1436647366
35,425;89,233;175,236	14,432;440,77;406,273	1000	1436647370
220,407;282,381;448,57	51,479;277,410;119,393	1000	1436647378
240,238;360,178;247,456	230,412;304,361;396,325	1000	1436647382
204,121;86,145;361,323	377,60;40,26;303,280	1000	1436647398
117,133;483,158;488,243	373,435;442,323;407,231	1000	1436647404
434,46;256,333;263,59	32,329;478,128;94,134	1000	1436647408
391,41;216,359;395,193	32,340;85,208;411,101	1000	1436647419
254,421;291,307;450,150	164,319;459,294;484,371	1000	1436647423
433,164;201,196;304,146	285,336;441,94;380,154	1000	1436647429
23,28;369,459;24,30	118,144;404,248;143,59	1000	1436647451
14,381;248,59;194,65	140,420;199,23;192,479	1000	1436647456
328,478;105,100;94,196	451,484;166,297;113,269	1000	1436647460
67,215;473,407;217,122	270,156;442,34;446,293	1000	1436647465
428,58;228,125;188,159	159,401;229,185;239,198	1000	1436647471
34,452;349,466;330,246	248,95;361,371;484,24	1000	1436647476
367,14;142,80;418,272	359,373;323,101;89,355	1000	1436647494
395,234;149,230;427,120	114,161;387,479;83,294	1000	1436647499
215,192;480,472;474,272	189,58;316,484;21,485	1000	1436647504
154,238;467,70;310,310	439,30;69,384;272,209	1000	1436647509
166,53;129,52;467,331	213,169;69,300;362,12	1000	1436647515
264,426;482,179;18,329	205,253;355,258;262,123	1000	1436647534
366,366;127,372;437,381	443,117;392,169;17,294	1000	1436647539
35,425;89,233;175,236	286,143;24,265;232,72	1000	1436647554
33,340;232,347;403,490	172,190;104,422;252,357	1000	1436647558
443,321;153,388;404,266	96,449;130,163;60,168	1000	1436647563
90,472;124,209;136,146	125,212;413,362;44,162	1000	1436647567
25,476;254,234;278,133	413,341;329,315;17,137	1000	1436647572
366,76;283,33;99,25	117,80;116,330;24,229	1000	1436647576
50,230;454,95;53,165	68,101;283,61;213,378	1000	1436647581
348,115;438,274;26,142	394,297;413,70;110,179	1000	1436647585
393,113;214,80;96,118	466,29;28,90;32,117	1000	1436647590
452,198;239,54;313,426	165,240;464,34;376,184	1000	1436647594
302,153;253,50;22,320	353,237;461,139;59,323	1000	1436647599
149,207;426,247;34,439	366,119;403,248;378,490	1000	1436647603
50,230;454,95;53,165	79,389;344,423;354,302	1000	1436647610
94,73;238,249;482,62	59,295;132,344;353,138	1000	1436647617
3H4y7R836