136	L	0.0.0.0	1436646364
86,169;120,216;436,399	144,391;208,137;457,168	903	1436646449
86,78;211,107;147,483	300,72;222,477;113,110	220	1436646458
42,319;93,132;46,412	429,92;312,197;119,197	478	1436646470
321,361;415,193;224,237	321,361;415,193;224,237	14	1436646480
213,263;455,213;370,59	177,372;447,44;475,193	633	1436646488
280,308;219,21;355,351	311,180;66,426;446,166	265	1436646496
76,314;471,20;263,186	395,41;46,381;61,415	571	1436646504
67,215;473,407;217,122	486,48;125,262;248,468	358	1436646514
404,224;383,110;172,484	471,46;434,11;79,370	533	1436646520
220,362;198,118;62,429	54,51;150,412;271,335	561	1436646525
233,113;152,390;483,36	40,202;485,483;299,331	383	1436646530
440,223;88,407;289,158	181,414;232,130;325,282	542	1436646535
14,479;283,431;291,279	198,120;348,275;86,134	623	1436646540
80,481;154,280;176,316	374,428;35,330;428,283	711	1436646549
202,377;108,149;59,131	421,113;473,101;488,30	711	1436646554
174,291;245,316;443,222	357,150;370,63;45,428	721	1436646559
83,257;454,269;464,300	91,98;93,367;102,277	327	1436646564
106,469;369,199;423,248	12,155;372,479;236,67	566	1436646584
50,230;454,95;53,165	361,116;292,465;126,349	612	1436646589
76,347;113,369;99,460	281,118;220,234;13,423	680	1436646604
89,154;125,240;275,406	358,166;433,103;32,239	321	1436646610
300,240;369,472;450,287	105,285;43,459;59,272	612	1436646616
95,62;424,16;22,167	383,41;124,296;297,65	596	1436646624
47,391;148,373;38,126	81,208;204,384;279,25	613	1436646628
83,486;84,230;32,399	251,142;384,335;442,278	143	1436646633
348,392;211,473;351,51	134,327;221,114;241,340	628	1436646639
475,147;145,246;348,155	390,29;146,392;471,459	389	1436646645
430,321;167,177;252,84	144,420;194,311;223,357	658	1436646650
348,115;438,274;26,142	121,288;237,434;356,435	366	1436646677
340,52;327,227;464,443	22,374;379,149;244,317	577	1436646684
21,405;209,205;68,213	171,346;112,327;449,130	547	1436646697
163,62;52,204;431,228	472,357;100,166;434,405	584	1436646704
142,418;126,219;48,213	450,394;443,448;425,262	571	1436646710
480,200;18,58;163,93	341,89;257,63;141,83	568	1436646715
76,358;489,417;96,438	337,431;202,359;40,201	580	1436646723
42,192;149,245;254,417	477,38;268,438;205,341	615	1436646728
490,171;176,107;107,269	150,22;417,16;374,391	439	1436646743
410,450;320,422;291,177	400,469;420,392;161,452	401	1436646751
440,73;266,296;53,430	488,237;436,297;207,45	576	1436646755
163,62;52,204;431,228	175,338;482,137;258,88	386	1436646790
86,112;183,208;96,166	107,403;258,148;479,49	559	1436646796
215,192;480,472;474,272	220,379;309,86;253,193	588	1436646802
157,134;260,433;105,251	341,172;45,346;266,205	355	1436646809
434,46;256,333;263,59	45,264;90,463;367,385	615	1436646814
196,177;214,413;138,216	386,213;380,390;314,73	539	1436646821
451,398;119,210;123,346	143,68;129,305;62,86	588	1436646825
430,321;167,177;252,84	157,280;261,174;50,217	538	1436646871
398,474;21,332;153,380	398,474;21,332;153,380	385	1436646877
14,381;248,59;194,65	381,263;306,204;268,123	565	1436646883
418,81;141,116;372,336	488,469;300,36;35,199	394	1436646893
149,207;426,247;34,439	106,316;429,105;350,477	429	1436646900
430,321;167,177;252,84	460,453;28,249;484,176	584	1436646905
106,64;466,431;23,193	343,108;282,371;387,181	557	1436646912
38,204;164,211;288,406	451,301;306,319;205,340	446	1436646923
418,212;397,247;228,452	265,375;440,86;250,393	369	1436646929
83,486;84,230;32,399	447,412;364,335;145,85	620	1436646938
434,46;256,333;263,59	306,487;124,463;57,109	362	1436646949
428,58;228,125;188,159	378,407;143,456;43,47	572	1436646956
178,99;11,313;378,48	468,200;186,433;485,423	573	1436646974
76,358;489,417;96,438	137,121;292,471;432,252	452	1436646979
302,153;253,50;22,320	163,419;335,419;181,394	588	1436647023
35,425;89,233;175,236	183,118;426,241;229,416	447	1436647030
356,261;479,71;183,330	357,145;288,23;292,317	567	1436647046
267,411;246,224;350,129	234,84;303,160;102,402	561	1436647081
157,330;383,123;233,46	280,391;58,440;302,204	435	1436647091
434,46;256,333;263,59	82,63;245,26;421,383	569	1436647098
259,12;379,60;30,391	259,12;379,60;30,391	228	1436647103
437,319;434,366;263,222	188,249;297,73;407,19	605	1436647109
16,42;318,315;118,80	236,169;446,463;30,471	698	1436647120
433,212;264,194;294,451	369,84;170,290;375,143	359	1436647127
365,159;43,490;215,122	471,333;185,415;194,74	631	1436647133
154,238;467,70;310,310	194,253;463,425;144,169	548	1436647162
154,238;467,70;310,310	270,191;374,437;354,220	589	1436647199
340,379;107,473;117,374	81,69;32,341;267,388	391	1436647206
182,111;442,395;269,211	381,351;240,131;342,405	597	1436647220
215,192;480,472;474,272	247,97;416,32;385,378	265	1436647226
44,216;18,283;221,415	476,244;440,227;278,275	676	1436647232
292,426;474,86;284,39	81,362;332,486;182,221	325	1436647239
23,28;369,459;24,30	307,393;440,442;63,340	454	1436647269
86,365;76,439;104,273	48,237;484,281;111,210	555	1436647302
63,306;109,408;252,381	258,197;124,95;53,171	139	1436647315
164,413;335,411;112,73	245,155;201,420;291,471	363	1436647320
428,58;228,125;188,159	339,115;68,325;454,126	633	1436647329
165,353;21,269;375,230	82,297;449,33;314,396	385	1436647334
221,111;162,59;392,422	428,367;234,298;328,366	632	1436647342
281,293;134,442;28,68	490,141;277,95;429,99	371	1436647352
426,423;260,418;118,450	277,431;48,272;464,88	782	1436647361
354,100;139,176;44,88	166,187;220,339;173,148	753	1436647374
385,52;218,391;129,166	70,22;96,342;383,25	288	1436647380
347,465;436,31;226,388	152,280;176,363;218,447	621	1436647386
472,215;100,255;419,377	461,214;477,318;221,146	442	1436647414
77,378;218,284;101,337	238,232;57,141;138,293	406	1436647488
14,351;59,413;239,433	321,278;333,461;380,30	414	1436647516
302,153;253,50;22,320	424,44;270,476;50,99	314	1436647521
426,423;260,418;118,450	240,122;239,188;340,381	273	1436647530
342,268;484,140;467,174	448,115;327,426;416,144	336	1436647538
17,46;151,56;365,187	259,22;438,165;405,108	375	1436647545
50,230;454,95;53,165	133,50;367,395;406,169	660	1436647551
467,195;355,150;391,413	470,189;147,249;314,160	366	1436647577
50,312;460,337;35,192	50,312;460,337;35,192	233	1436647616
405,247;176,348;249,396	208,187;183,258;284,200	632	1436647622
149,207;426,247;34,439	206,36;85,398;486,88	345	1436647633
281,293;134,442;28,68	252,339;30,299;211,153	405	1436647663
27,166;224,232;336,184	148,312;28,16;350,450	662	1436647670
347,119;193,213;98,56	50,326;66,32;358,431	704	1436647687
327,417;356,454;374,349	82,106;100,302;151,424	385	1436647693
472,215;100,255;419,377	395,450;252,102;71,26	320	1436647702
154,238;467,70;310,310	442,224;325,391;166,115	217	1436647707
89,154;125,240;275,406	116,412;475,159;104,366	730	1436647714
270,294;104,251;304,394	102,327;285,199;153,118	294	1436647720
55,368;85,403;371,269	325,86;208,348;234,16	627	1436647727
23,28;369,459;24,30	479,97;465,95;79,92	208	1436647737
49,32;361,67;69,157	62,148;255,128;268,323	286	1436647743
427,366;117,188;73,75	320,339;40,425;73,385	621	1436647755
182,372;476,438;302,165	145,435;381,350;410,231	612	1436647761
469,440;338,244;159,183	401,79;479,152;425,161	668	1436647780
169,174;201,74;213,342	448,154;300,272;415,474	349	1436647790
47,391;148,373;38,126	472,236;439,26;153,198	710	1436647799
341,109;458,76;80,283	399,349;488,121;468,173	716	1436647805
49,112;364,31;448,309	303,413;340,202;440,458	383	1436647816
426,423;260,418;118,450	403,183;427,238;210,458	716	1436647826
329,401;253,227;31,373	247,230;183,286;100,127	391	1436647836
328,478;105,100;94,196	339,97;22,18;422,112	657	1436647843
165,353;21,269;375,230	197,198;242,156;389,285	355	1436647849
480,38;252,384;356,117	334,457;74,299;485,465	346	1436647855
464,104;203,129;99,433	489,32;412,294;375,484	757	1436647864
436,397;257,297;167,38	107,260;44,466;179,202	583	1436647870
83,486;84,230;32,399	83,359;370,412;268,322	363	1436647875
458,57;56,330;118,107	484,424;164,277;341,47	232	1436647887
252,19;102,121;202,293	485,101;431,411;120,158	338	1436647894
391,41;216,359;395,193	425,326;390,357;31,311	718	1436647900
348,115;438,274;26,142	13,279;241,153;168,172	757	1436647907
402,169;85,444;140,467	232,213;47,20;172,327	378	1436647913
486,420;466,135;48,26	483,320;179,60;51,470	609	1436647922
412,340;245,260;95,76	329,186;251,20;411,208	588	1436647927
1G6t9P826