136	L	0.0.0.0	1436653592
86,169;120,216;436,399	144,391;208,137;457,168	1000	1436653684
86,78;211,107;147,483	300,72;222,477;113,110	199	1436653693
42,319;93,132;46,412	429,92;312,197;119,197	978	1436653707
321,361;415,193;224,237	321,361;415,193;224,237	0	1436653713
213,263;455,213;370,59	177,372;447,44;475,193	862	1436653720
280,308;219,21;355,351	311,180;66,426;446,166	387	1436653726
355,396;14,459;13,254	166,173;406,412;33,409	561	1436653733
14,381;248,59;194,65	320,142;108,266;213,315	955	1436653739
86,430;382,143;336,218	371,369;237,351;36,338	946	1436653745
34,452;349,466;330,246	248,95;361,371;484,24	379	1436653751
281,293;134,442;28,68	75,475;270,398;226,205	429	1436653757
94,485;32,200;406,243	332,381;269,125;217,368	651	1436653762
162,321;22,192;29,45	145,286;26,103;104,112	376	1436653768
472,215;100,255;419,377	448,73;99,421;18,19	559	1436653773
165,353;21,269;375,230	435,283;381,287;352,256	1000	1436653778
272,460;57,373;26,405	228,32;254,60;76,488	728	1436653783
171,249;16,74;392,139	12,174;381,187;462,49	481	1436653790
414,489;468,222;467,385	249,131;232,155;40,466	1000	1436653814
89,154;125,240;275,406	154,319;486,66;20,406	841	1436653819
86,258;40,66;466,346	416,326;22,157;476,430	576	1436653825
275,171;196,254;427,390	275,45;322,438;309,179	763	1436653832
53,411;332,107;275,161	203,379;338,130;158,478	396	1436653837
27,166;224,232;336,184	318,342;122,301;240,300	465	1436653843
228,346;404,478;320,21	76,470;230,161;361,330	457	1436653848
94,322;203,172;357,266	346,358;489,130;479,419	244	1436653855
157,361;169,91;49,447	309,437;364,384;156,363	440	1436653860
486,420;466,135;48,26	393,479;79,432;435,23	420	1436653874
83,486;84,230;32,399	251,142;384,335;442,278	432	1436653880
259,12;379,60;30,391	259,12;379,60;30,391	0	1436653891
358,362;104,35;155,195	210,386;451,178;84,446	697	1436653897
430,321;167,177;252,84	89,296;446,102;482,393	753	1436653905
43,236;379,412;248,230	95,359;295,255;39,154	628	1436653913
434,46;256,333;263,59	488,434;197,377;182,220	728	1436653918
437,319;434,366;263,222	19,269;217,103;403,416	1000	1436653923
281,293;134,442;28,68	180,234;321,47;358,419	106	1436653940
434,46;256,333;263,59	45,264;90,463;367,385	356	1436653945
392,275;82,167;259,63	266,135;198,301;406,109	547	1436653956
215,192;480,472;474,272	70,435;167,359;65,336	1000	1436653961
210,360;436,33;381,23	206,113;177,362;187,165	1000	1436653967
359,81;349,355;285,283	484,344;445,488;331,270	543	1436653972
35,425;89,233;175,236	429,145;187,116;74,336	1000	1436653977
440,73;266,296;53,430	488,237;436,297;207,45	912	1436653983
434,46;256,333;263,59	82,63;245,26;421,383	799	1436653989
76,347;113,369;99,460	75,306;31,71;34,452	1000	1436653995
272,210;70,139;335,222	395,276;179,240;244,11	1000	1436654001
94,322;203,172;357,266	188,24;233,424;85,475	918	1436654010
486,420;466,135;48,26	267,99;487,317;206,98	878	1436654017
38,239;100,347;184,173	330,368;424,476;23,430	696	1436654027
386,314;64,242;41,146	472,434;111,396;27,416	368	1436654042
469,99;241,464;423,183	252,375;404,40;104,58	1000	1436654048
78,439;155,20;227,146	326,309;319,13;25,294	883	1436654053
76,358;489,417;96,438	125,213;356,409;484,58	646	1436654058
35,425;89,233;175,236	414,118;466,27;51,210	901	1436654066
367,14;142,80;418,272	121,214;488,205;306,352	50	1436654072
51,406;294,62;250,133	96,29;73,103;196,153	1000	1436654077
115,72;67,147;76,253	362,259;333,241;426,113	146	1436654083
163,62;52,204;431,228	18,370;463,22;474,179	814	1436654088
115,72;67,147;76,253	76,399;192,295;140,354	474	1436654093
279,62;109,340;350,198	162,337;25,24;114,127	332	1436654099
169,489;162,280;360,180	322,453;14,413;369,286	122	1436654105
94,322;203,172;357,266	333,465;436,215;467,250	683	1436654111
50,312;460,337;35,192	50,312;460,337;35,192	0	1436654123
391,41;216,359;395,193	189,480;206,42;188,183	627	1436654128
120,421;472,311;267,13	477,266;313,294;267,467	1000	1436654133
430,321;167,177;252,84	180,416;246,354;433,23	866	1436654139
264,426;482,179;18,329	113,183;216,375;109,402	797	1436654144
385,371;300,112;305,166	268,465;373,297;235,377	1000	1436654150
184,300;303,379;133,368	172,223;156,108;200,424	1000	1436654158
43,236;379,412;248,230	146,134;221,450;316,258	214	1436654164
149,207;426,247;34,439	263,382;25,351;357,211	63	1436654170
367,14;142,80;418,272	432,332;86,278;351,146	176	1436654175
36,339;189,422;52,125	215,211;354,473;474,203	319	1436654180
347,119;193,213;98,56	372,385;331,413;106,131	955	1436654197
119,484;412,308;426,104	60,184;124,51;442,382	91	1436654203
361,351;363,67;427,305	404,337;419,464;157,189	320	1436654210
391,41;216,359;395,193	28,108;59,261;380,311	256	1436654216
232,450;479,56;58,230	477,184;305,142;463,309	745	1436654223
214,58;329,67;163,421	376,41;382,90;35,413	926	1436654229
351,245;464,25;157,411	296,369;453,284;419,429	949	1436654235
331,363;167,84;478,185	290,437;88,191;427,114	182	1436654243
430,321;167,177;252,84	82,381;231,84;221,198	389	1436654248
242,12;127,31;373,156	91,34;248,260;460,393	969	1436654253
115,72;67,147;76,253	15,393;87,394;237,116	966	1436654260
338,343;360,446;54,234	175,370;271,397;277,409	1000	1436654265
40,488;398,229;233,412	285,384;291,90;268,187	847	1436654273
441,332;428,46;346,180	102,263;31,302;447,192	970	1436654279
444,229;78,300;362,51	232,209;73,73;93,135	1000	1436654286
231,424;126,490;261,36	133,165;334,56;300,140	874	1436654291
194,85;468,488;88,105	279,24;262,324;282,42	1000	1436654297
374,108;448,344;303,130	277,149;173,168;244,300	885	1436654303
44,216;18,283;221,415	429,50;88,288;197,125	582	1436654309
295,470;432,74;243,122	79,437;431,353;56,244	92	1436654315
105,262;485,344;146,168	11,428;19,271;101,471	751	1436654322
480,34;163,141;419,170	421,355;242,45;403,276	960	1436654328
76,49;124,56;58,377	12,45;22,477;378,211	1000	1436654334
328,478;105,100;94,196	294,65;231,404;341,38	104	1436654340
415,283;266,420;180,301	16,171;442,186;377,23	748	1436654346
304,434;392,286;255,168	479,112;134,192;84,326	863	1436654352
187,192;263,30;40,425	71,279;49,278;302,173	425	1436654359
25,128;204,20;96,353	219,175;303,139;370,372	498	1436654364
145,443;100,283;481,341	305,426;477,158;276,106	333	1436654369
11,265;292,192;100,482	449,409;426,389;325,372	1000	1436654375
274,463;261,209;434,410	296,419;100,277;245,25	364	1436654380
76,347;113,369;99,460	55,165;46,94;362,485	1000	1436654385
44,216;18,283;221,415	95,242;56,373;386,82	453	1436654390
348,115;438,274;26,142	17,391;471,168;308,252	1000	1436654395
214,314;416,159;480,443	36,192;329,129;318,229	554	1436654400
115,203;397,433;47,250	361,263;179,58;207,234	835	1436654405
281,293;134,442;28,68	84,129;395,300;307,43	137	1436654410
50,230;454,95;53,165	37,75;20,83;438,395	813	1436654417
100,341;330,312;357,345	215,317;85,336;73,299	410	1436654423
78,40;272,210;187,12	261,371;107,156;265,118	297	1436654428
255,259;442,368;388,356	344,67;373,293;393,324	319	1436654436
122,281;39,151;209,490	44,427;383,241;389,202	599	1436654444
436,397;257,297;167,38	238,58;277,277;487,45	933	1436654450
23,28;369,459;24,30	337,358;396,296;200,456	758	1436654459
196,412;444,339;304,208	114,146;47,299;333,219	156	1436654465
149,207;426,247;34,439	24,229;429,31;372,486	446	1436654470
470,261;227,200;420,313	330,250;54,343;466,240	543	1436654476
437,319;434,366;263,222	106,88;69,114;473,194	591	1436654480
288,255;363,115;201,424	38,438;474,40;150,427	1000	1436654486
436,397;257,297;167,38	256,191;268,278;260,158	1000	1436654491
398,474;21,332;153,380	398,474;21,332;153,380	0	1436654505
163,62;52,204;431,228	413,43;155,136;216,415	163	1436654511
434,46;256,333;263,59	179,51;166,202;171,61	1000	1436654516
85,41;159,135;381,82	110,114;175,252;442,242	367	1436654521
288,255;363,115;201,424	317,159;360,82;324,291	1000	1436654527
426,423;260,418;118,450	95,286;21,28;45,88	474	1436654532
430,321;167,177;252,84	168,409;241,184;248,99	883	1436654538
303,35;184,94;253,404	448,108;49,103;317,466	538	1436654543
50,230;454,95;53,165	31,129;166,247;441,128	610	1436654549
163,62;52,204;431,228	94,41;480,103;440,219	781	1436654554
297,51;196,220;245,320	429,456;388,26;318,49	851	1436654559
148,244;350,105;386,184	146,337;390,410;223,322	455	1436654564
454,425;184,321;428,216	404,205;257,87;114,358	478	1436654569
1C7x6K797