137	L	0.0.0.0	1436646231
86,169;120,216;436,399	144,391;208,137;457,168	991	1436646723
86,78;211,107;147,483	300,72;222,477;113,110	567	1436646736
42,319;93,132;46,412	429,92;312,197;119,197	638	1436646750
321,361;415,193;224,237	321,361;415,193;224,237	0	1436646769
213,263;455,213;370,59	177,372;447,44;475,193	687	1436646779
280,308;219,21;355,351	311,180;66,426;446,166	411	1436646788
391,344;151,416;294,374	269,233;475,416;460,456	1000	1436646794
375,229;57,169;334,138	129,104;69,488;224,359	432	1436646803
433,212;264,194;294,451	369,84;170,290;375,143	708	1436646808
35,425;89,233;175,236	477,446;300,278;346,173	389	1436646814
287,439;74,262;126,204	20,333;89,156;214,194	577	1436646824
77,378;218,284;101,337	367,347;275,14;199,42	926	1436646829
215,192;480,472;474,272	247,97;416,32;385,378	663	1436646835
27,166;224,232;336,184	68,107;341,394;213,107	584	1436646848
265,303;366,364;342,44	133,127;421,411;270,205	699	1436646854
346,138;317,230;462,341	100,208;317,267;483,250	602	1436646863
94,322;203,172;357,266	426,230;53,87;347,258	366	1436646869
165,353;21,269;375,230	98,442;490,217;38,336	668	1436646878
106,137;323,65;435,312	46,39;463,80;363,233	630	1436646884
94,322;203,172;357,266	188,24;233,424;85,475	413	1436646891
94,322;203,172;357,266	111,478;473,477;433,267	638	1436646900
126,31;483,122;431,175	39,11;337,456;419,326	303	1436646905
27,166;224,232;336,184	36,112;363,144;421,289	379	1436646912
89,154;125,240;275,406	490,448;412,148;483,131	1000	1436646918
83,486;84,230;32,399	185,93;78,178;241,75	755	1436646924
439,365;425,63;231,182	215,151;445,373;184,459	107	1436646932
207,266;78,196;470,326	323,56;341,235;343,70	826	1436646937
328,478;105,100;94,196	149,155;396,486;378,79	768	1436646941
474,322;242,110;51,279	403,346;159,17;422,328	965	1436646947
389,292;309,338;307,451	435,13;169,335;175,342	1000	1436646952
236,141;360,287;97,263	180,440;464,397;23,395	626	1436646959
73,428;373,473;471,190	238,256;399,87;388,75	1000	1436646966
398,474;21,332;153,380	398,474;21,332;153,380	0	1436646970
426,309;167,290;292,151	146,440;361,444;26,436	1000	1436646974
257,435;197,77;148,186	111,239;177,162;386,54	710	1436646979
348,115;438,274;26,142	30,383;409,131;142,124	260	1436646989
436,397;257,297;167,38	338,107;374,277;449,383	608	1436646998
456,223;140,201;442,74	439,308;311,84;190,258	663	1436647004
163,62;52,204;431,228	390,263;97,122;362,97	337	1436647008
25,476;254,234;278,133	413,341;329,315;17,137	818	1436647013
381,435;363,360;239,70	237,387;453,53;411,363	1000	1436647018
63,441;208,274;278,164	216,200;335,399;158,29	365	1436647024
14,295;274,190;417,65	64,18;430,190;162,216	754	1436647029
428,58;228,125;188,159	394,444;260,383;184,211	690	1436647033
17,46;151,56;365,187	37,117;95,440;38,338	0	1436647038
106,64;466,431;23,193	401,365;188,320;286,300	802	1436647042
472,215;100,255;419,377	457,474;33,378;488,411	377	1436647048
174,348;132,205;398,270	47,209;392,209;480,385	765	1436647054
434,46;256,333;263,59	488,434;197,377;182,220	593	1436647061
14,191;415,145;186,367	436,448;402,59;470,338	802	1436647065
259,12;379,60;30,391	259,12;379,60;30,391	0	1436647069
248,165;38,456;63,106	42,24;479,66;394,186	123	1436647077
83,486;84,230;32,399	251,47;44,52;85,256	719	1436647082
374,108;448,344;303,130	277,149;173,168;244,300	308	1436647088
236,139;206,63;253,319	293,271;293,222;286,198	388	1436647093
165,353;21,269;375,230	435,283;381,287;352,256	740	1436647097
361,351;363,67;427,305	296,62;186,281;168,438	716	1436647102
89,154;125,240;275,406	382,268;464,29;226,430	364	1436647107
154,238;467,70;310,310	373,352;411,206;80,47	0	1436647112
434,46;256,333;263,59	195,481;116,249;287,17	605	1436647118
50,312;460,337;35,192	50,312;460,337;35,192	0	1436647124
340,383;182,282;34,79	57,359;448,26;122,239	157	1436647131
154,238;467,70;310,310	230,41;246,29;257,355	349	1436647139
276,93;382,365;62,19	489,418;490,65;158,17	318	1436647145
32,329;81,158;291,269	416,443;382,201;247,314	256	1436647150
281,293;134,442;28,68	28,410;71,165;345,120	703	1436647155
168,198;60,342;459,39	128,368;36,103;14,422	782	1436647160
67,215;473,407;217,122	472,145;278,355;454,484	659	1436647165
145,357;308,455;337,22	87,29;411,177;460,47	626	1436647173
196,412;444,339;304,208	449,163;218,413;402,77	781	1436647178
90,472;124,209;136,146	125,212;413,362;44,162	0	1436647183
470,451;231,357;446,322	285,307;104,25;74,278	28	1436647188
76,347;113,369;99,460	111,121;187,42;247,123	329	1436647193
57,110;252,318;284,70	104,252;33,341;204,102	945	1436647198
27,166;224,232;336,184	396,329;173,243;458,82	659	1436647203
67,215;473,407;217,122	441,355;430,431;234,213	289	1436647211
255,480;44,39;335,314	320,453;55,45;140,224	655	1436647219
480,412;455,122;425,314	11,187;474,330;332,416	198	1436647227
444,229;78,300;362,51	232,209;73,73;93,135	167	1436647233
374,277;427,307;249,208	156,358;138,342;326,134	1000	1436647238
44,216;18,283;221,415	384,133;421,403;61,150	877	1436647243
17,30;288,209;313,126	136,321;421,423;327,472	0	1436647247
294,255;46,185;278,176	295,313;93,288;67,188	0	1436647252
70,269;193,221;253,338	241,405;13,288;114,399	840	1436647256
295,183;487,411;182,258	193,284;165,278;189,126	169	1436647261
209,383;61,43;158,83	186,34;366,308;229,26	795	1436647266
366,366;127,372;437,381	443,117;392,169;17,294	291	1436647271
78,40;272,210;187,12	261,371;107,156;265,118	738	1436647276
199,300;62,129;239,115	475,58;277,326;483,447	94	1436647280
436,397;257,297;167,38	203,94;471,37;286,58	230	1436647284
83,486;84,230;32,399	411,59;15,269;49,27	340	1436647291
436,397;257,297;167,38	25,174;34,303;393,225	568	1436647297
302,153;253,50;22,320	114,201;361,349;26,467	723	1436647301
486,420;466,135;48,26	344,275;342,88;135,357	112	1436647306
215,192;480,472;474,272	220,379;309,86;253,193	640	1436647310
451,363;160,306;379,308	489,302;292,124;182,411	441	1436647317
278,223;14,348;367,271	296,350;383,15;223,156	568	1436647325
378,189;225,250;52,217	291,16;317,324;464,366	714	1436647330
94,322;203,172;357,266	266,46;326,351;215,285	369	1436647339
328,478;105,100;94,196	337,413;169,110;114,153	587	1436647344
434,46;256,333;263,59	45,264;90,463;367,385	262	1436647348
213,383;98,57;304,200	396,146;200,298;380,69	300	1436647352
339,235;184,364;211,25	446,128;357,226;35,193	367	1436647356
17,46;151,56;365,187	274,158;266,436;245,144	622	1436647360
196,467;426,393;357,285	380,153;375,433;488,258	753	1436647367
302,153;253,50;22,320	158,178;361,425;473,157	428	1436647373
326,263;82,340;352,362	342,421;60,488;182,292	696	1436647377
14,381;248,59;194,65	271,335;36,87;475,470	787	1436647382
280,387;159,457;316,121	179,469;58,70;428,120	765	1436647386
328,478;105,100;94,196	309,397;125,137;162,201	980	1436647391
47,391;148,373;38,126	101,373;133,338;336,417	174	1436647395
434,46;256,333;263,59	447,300;225,129;103,99	754	1436647400
30,271;265,383;363,184	18,258;411,67;13,319	641	1436647405
47,391;148,373;38,126	81,208;204,384;279,25	688	1436647410
288,255;363,115;201,424	299,20;461,169;234,38	1000	1436647414
240,238;360,178;247,456	230,412;304,361;396,325	678	1436647419
432,435;21,51;26,305	438,477;305,29;86,385	696	1436647424
367,14;142,80;418,272	276,63;21,92;419,365	278	1436647430
397,213;185,403;329,102	473,341;420,477;451,190	689	1436647435
428,58;228,125;188,159	380,244;236,244;384,216	673	1436647440
154,238;467,70;310,310	38,109;69,304;222,32	455	1436647446
134,410;95,29;379,475	232,49;179,328;95,51	720	1436647450
12,378;139,383;89,376	331,164;342,51;46,258	851	1436647454
264,426;482,179;18,329	410,90;193,123;327,238	342	1436647459
215,192;480,472;474,272	379,179;178,18;238,296	433	1436647463
253,29;278,316;281,393	206,467;208,358;237,87	57	1436647469
423,196;148,161;315,389	475,428;270,398;327,460	676	1436647473
13,192;425,270;319,446	394,262;208,481;137,199	262	1436647477
92,280;287,461;482,97	366,224;301,229;398,157	634	1436647482
106,64;466,431;23,193	78,463;33,465;429,236	216	1436647487
185,130;303,432;425,447	327,157;310,16;166,401	39	1436647492
313,307;42,303;158,240	238,460;48,341;465,272	283	1436647495
437,319;434,366;263,222	352,295;346,255;157,407	0	1436647500
77,378;218,284;101,337	232,141;347,333;429,369	175	1436647505
27,166;224,232;336,184	24,196;310,192;133,487	374	1436647510
434,46;256,333;263,59	296,331;252,318;305,191	739	1436647517
1C5u7K101