136	R	0.0.0.0	1436647071
86,169;120,216;436,399	144,391;208,137;457,168	853	1436647151
86,78;211,107;147,483	300,72;222,477;113,110	473	1436647162
42,319;93,132;46,412	429,92;312,197;119,197	563	1436647170
321,361;415,193;224,237	321,361;415,193;224,237	0	1436647178
213,263;455,213;370,59	177,372;447,44;475,193	209	1436647186
280,308;219,21;355,351	311,180;66,426;446,166	49	1436647195
436,397;257,297;167,38	262,481;25,111;379,470	539	1436647203
89,154;125,240;275,406	358,166;433,103;32,239	230	1436647209
350,428;81,399;260,182	171,443;337,465;436,378	552	1436647216
94,322;203,172;357,266	58,219;257,93;165,336	436	1436647223
160,412;391,17;363,256	450,208;191,216;431,52	705	1436647230
83,486;84,230;32,399	83,359;370,412;268,322	156	1436647237
83,486;84,230;32,399	458,175;256,69;432,66	267	1436647244
259,224;47,487;283,155	306,353;284,315;155,223	369	1436647253
27,166;224,232;336,184	489,414;127,480;143,123	1000	1436647260
437,319;434,366;263,222	450,159;169,324;451,128	185	1436647267
447,83;485,459;160,469	145,292;204,47;480,245	317	1436647272
152,382;108,173;343,487	376,139;108,70;64,292	570	1436647278
451,398;119,210;123,346	451,86;463,384;148,195	818	1436647284
277,263;170,246;177,390	277,410;424,472;225,190	756	1436647292
302,153;253,50;22,320	354,325;148,342;73,31	461	1436647298
89,154;125,240;275,406	211,252;214,228;381,485	397	1436647307
163,62;52,204;431,228	337,290;479,52;342,482	880	1436647314
23,28;369,459;24,30	308,67;300,94;261,179	142	1436647321
472,215;100,255;419,377	394,61;291,230;96,221	239	1436647327
240,160;110,11;375,181	195,152;446,11;259,89	156	1436647332
288,255;363,115;201,424	350,433;108,408;312,387	1000	1436647338
215,192;480,472;474,272	488,404;123,48;53,440	972	1436647344
23,28;369,459;24,30	118,144;404,248;143,59	953	1436647350
251,481;380,487;314,153	281,409;98,311;423,378	865	1436647356
389,292;309,338;307,451	435,13;169,335;175,342	647	1436647364
464,159;186,133;282,409	471,323;76,488;345,147	545	1436647371
331,330;347,213;57,141	140,408;426,465;166,159	451	1436647382
196,412;444,339;304,208	104,202;134,48;346,172	136	1436647390
428,58;228,125;188,159	339,115;68,325;454,126	311	1436647400
215,192;480,472;474,272	414,234;223,431;78,190	412	1436647405
374,59;242,356;173,349	459,388;378,413;290,230	410	1436647411
67,215;473,407;217,122	472,152;49,345;224,100	60	1436647419
152,223;50,447;435,158	483,212;372,464;38,419	466	1436647425
94,322;203,172;357,266	289,12;92,182;291,341	130	1436647430
218,404;171,270;416,289	438,201;218,487;89,330	600	1436647435
149,207;426,247;34,439	69,384;460,447;148,277	559	1436647441
149,390;100,177;399,387	224,452;77,225;420,63	443	1436647448
69,196;136,162;276,240	122,216;143,226;403,171	310	1436647453
451,398;119,210;123,346	143,68;129,305;62,86	112	1436647461
461,159;403,470;38,306	460,26;300,384;305,185	709	1436647466
320,418;228,280;13,41	153,373;477,330;289,71	815	1436647473
103,415;388,475;88,354	288,109;416,132;460,198	507	1436647481
343,382;307,38;171,63	433,69;190,327;77,422	870	1436647487
24,60;486,339;244,389	134,32;202,140;364,443	449	1436647495
50,312;460,337;35,192	50,312;460,337;35,192	0	1436647509
34,452;349,466;330,246	248,95;361,371;484,24	0	1436647515
44,216;18,283;221,415	65,32;45,186;217,236	562	1436647521
58,428;333,111;252,234	220,315;117,416;158,387	336	1436647528
281,293;134,442;28,68	287,230;50,313;55,138	597	1436647533
175,203;277,140;251,452	223,340;420,30;153,317	574	1436647540
140,140;43,80;177,404	174,252;20,363;267,50	183	1436647548
436,397;257,297;167,38	421,307;209,295;138,376	329	1436647557
281,293;134,442;28,68	465,65;460,417;54,188	605	1436647563
106,64;466,431;23,193	226,166;15,19;283,456	911	1436647573
196,185;272,86;44,308	72,175;477,123;216,227	496	1436647579
109,330;82,457;356,328	369,244;122,373;294,112	10	1436647584
35,425;89,233;175,236	221,250;461,218;60,395	915	1436647589
164,413;335,411;112,73	245,155;201,420;291,471	471	1436647596
215,74;161,202;355,181	234,272;48,228;83,76	402	1436647603
35,425;89,233;175,236	348,377;199,334;14,41	530	1436647610
220,407;282,381;448,57	51,479;277,410;119,393	636	1436647615
214,167;113,177;217,211	273,136;304,183;38,162	433	1436647620
364,292;84,412;177,324	386,485;446,419;400,459	104	1436647630
451,398;119,210;123,346	453,350;411,73;282,398	316	1436647638
83,486;84,230;32,399	484,40;131,211;378,226	573	1436647643
302,153;253,50;22,320	39,109;253,54;148,463	403	1436647652
322,71;409,323;67,452	439,414;39,315;331,423	535	1436647661
193,103;105,35;311,337	478,363;121,139;245,171	322	1436647686
209,54;293,85;208,379	441,469;358,397;431,118	84	1436647695
237,486;262,211;20,408	411,451;19,271;95,418	782	1436647700
418,339;165,412;331,453	459,15;208,311;428,377	627	1436647706
328,478;105,100;94,196	180,276;488,476;43,29	503	1436647712
237,152;242,200;252,74	220,379;470,271;239,269	506	1436647716
76,358;489,417;96,438	137,121;292,471;432,252	485	1436647721
263,179;237,450;150,92	422,84;51,321;483,264	636	1436647728
106,64;466,431;23,193	338,166;105,359;216,419	92	1436647734
244,342;60,435;47,354	457,474;160,187;265,341	795	1436647744
215,192;480,472;474,272	402,188;311,380;51,83	448	1436647757
348,115;438,274;26,142	369,324;22,471;154,25	482	1436647763
348,115;438,274;26,142	120,490;423,171;112,339	125	1436647768
47,391;148,373;38,126	354,311;306,25;134,88	496	1436647775
50,214;119,11;273,95	29,289;229,47;323,405	396	1436647780
347,119;193,213;98,56	46,411;113,321;13,310	289	1436647795
79,322;231,470;128,33	16,488;395,435;54,177	594	1436647800
232,193;166,278;430,450	51,156;232,213;175,164	613	1436647807
89,154;125,240;275,406	162,69;206,234;196,156	56	1436647815
366,366;127,372;437,381	443,117;392,169;17,294	57	1436647822
146,28;27,198;133,475	465,407;135,93;452,463	802	1436647829
218,279;290,470;372,91	69,232;354,76;62,471	243	1436647835
30,91;139,376;373,470	394,477;186,259;16,449	609	1436647841
188,136;193,269;318,447	408,462;69,52;460,446	689	1436647847
288,255;363,115;201,424	101,285;64,310;319,15	859	1436647852
483,288;358,370;376,107	74,280;331,249;162,485	483	1436647858
328,478;105,100;94,196	457,117;126,311;430,413	943	1436647863
38,326;94,255;266,301	375,267;194,61;87,130	71	1436647869
83,486;84,230;32,399	75,33;243,364;170,297	173	1436647876
348,115;438,274;26,142	148,60;277,120;351,470	244	1436647880
274,438;428,218;434,478	390,76;35,473;314,307	824	1436647886
111,29;269,311;167,257	234,320;135,162;253,322	572	1436647891
35,425;89,233;175,236	233,91;119,246;44,356	1000	1436647897
315,264;142,472;399,101	164,429;384,339;372,362	789	1436647903
391,352;18,240;342,81	374,226;258,466;244,106	797	1436647908
254,421;291,307;450,150	222,225;31,39;422,436	461	1436647917
430,321;167,177;252,84	120,208;486,204;65,482	609	1436647924
250,349;385,137;115,479	118,407;119,220;428,326	1000	1436647929
261,241;149,381;371,99	27,349;46,482;365,55	1000	1436647934
480,204;401,305;451,38	435,270;94,74;279,63	386	1436647940
154,238;467,70;310,310	363,185;423,388;85,216	472	1436647946
259,12;379,60;30,391	259,12;379,60;30,391	0	1436647953
322,101;257,99;338,342	50,210;310,108;455,401	557	1436647962
320,407;405,126;474,217	488,225;152,243;223,22	829	1436647967
428,58;228,125;188,159	159,401;229,185;239,198	543	1436647974
140,364;396,396;270,149	226,362;39,57;390,14	3	1436647980
12,445;370,373;309,478	112,277;23,349;352,193	584	1436647986
339,159;237,88;26,151	93,349;293,392;290,194	922	1436647991
402,169;85,444;140,467	232,213;47,20;172,327	538	1436647996
83,486;84,230;32,399	185,93;78,178;241,75	491	1436648000
398,474;21,332;153,380	398,474;21,332;153,380	0	1436648006
165,353;21,269;375,230	295,60;228,396;215,306	547	1436648011
469,55;136,66;89,152	156,312;160,18;331,274	529	1436648016
451,398;119,210;123,346	27,465;459,342;68,109	598	1436648020
83,486;84,230;32,399	281,197;48,409;281,240	475	1436648026
115,488;86,383;379,72	97,92;373,436;370,291	54	1436648031
34,465;187,14;196,124	422,153;312,157;447,21	1000	1436648037
106,64;466,431;23,193	229,134;213,370;60,17	676	1436648042
395,234;149,230;427,120	114,161;387,479;83,294	470	1436648047
437,319;434,366;263,222	186,298;306,383;136,197	531	1436648053
486,420;466,135;48,26	217,121;349,115;336,410	514	1436648059
106,64;466,431;23,193	130,184;375,147;423,368	533	1436648064
3E5x6L742