136	R	0.0.0.0	1436646943
86,169;120,216;436,399	144,391;208,137;457,168	956	1436647042
86,78;211,107;147,483	300,72;222,477;113,110	589	1436647053
42,319;93,132;46,412	429,92;312,197;119,197	775	1436647062
321,361;415,193;224,237	321,361;415,193;224,237	5	1436647072
213,263;455,213;370,59	177,372;447,44;475,193	584	1436647078
280,308;219,21;355,351	311,180;66,426;446,166	603	1436647085
326,225;237,380;469,194	247,289;276,295;423,400	822	1436647091
149,207;426,247;34,439	24,229;429,31;372,486	588	1436647098
208,91;333,381;338,127	94,375;247,323;240,259	619	1436647103
344,174;14,233;227,177	362,388;314,98;241,76	819	1436647110
430,321;167,177;252,84	424,248;136,462;296,136	912	1436647118
163,62;52,204;431,228	429,121;201,413;387,35	956	1436647126
485,183;350,205;317,228	314,360;259,150;232,297	963	1436647133
17,46;151,56;365,187	243,79;240,420;103,299	976	1436647139
148,101;266,78;165,328	168,320;164,298;454,88	970	1436647145
361,351;363,67;427,305	322,264;174,295;169,61	979	1436647152
124,345;201,455;325,98	418,284;454,42;176,179	947	1436647160
391,41;216,359;395,193	39,288;150,443;150,125	969	1436647166
432,302;326,365;176,313	220,181;253,325;104,440	969	1436647171
54,78;409,217;107,98	345,482;224,154;276,273	954	1436647178
361,351;363,67;427,305	404,337;419,464;157,189	821	1436647185
401,471;68,88;169,403	424,110;340,177;82,93	759	1436647190
328,478;105,100;94,196	129,100;104,174;380,433	322	1436647200
90,472;124,209;136,146	125,212;413,362;44,162	101	1436647206
229,300;342,199;166,104	251,113;50,453;135,125	533	1436647212
480,200;18,58;163,93	451,351;183,315;101,190	608	1436647217
67,215;473,407;217,122	15,395;157,371;305,487	190	1436647223
486,420;466,135;48,26	297,19;406,469;218,187	341	1436647228
467,60;162,140;412,469	49,445;24,259;248,304	24	1436647233
254,421;291,307;450,150	400,187;99,90;188,171	282	1436647238
436,397;257,297;167,38	247,252;190,289;71,442	535	1436647243
293,181;277,233;96,273	247,176;215,64;399,292	570	1436647248
195,212;111,183;273,283	122,325;334,368;415,413	647	1436647253
94,322;203,172;357,266	427,325;160,356;326,67	78	1436647263
15,141;480,432;353,450	253,188;17,126;395,131	438	1436647269
76,347;113,369;99,460	103,345;320,32;196,346	369	1436647274
396,80;161,248;281,51	31,120;258,159;465,394	308	1436647281
196,412;444,339;304,208	181,22;410,167;248,382	9	1436647286
402,117;287,244;402,124	241,89;225,14;192,25	606	1436647291
165,353;21,269;375,230	15,393;166,332;280,446	59	1436647296
437,319;434,366;263,222	111,328;43,260;259,145	277	1436647302
264,426;482,179;18,329	410,90;193,123;327,238	155	1436647307
451,398;119,210;123,346	102,155;118,431;327,45	419	1436647314
76,358;489,417;96,438	104,124;239,478;56,356	628	1436647319
77,378;218,284;101,337	354,389;427,447;191,85	958	1436647325
262,392;437,481;20,90	311,340;228,409;355,391	698	1436647330
259,12;379,60;30,391	259,12;379,60;30,391	59	1436647336
430,321;167,177;252,84	308,37;283,127;452,267	306	1436647341
361,351;363,67;427,305	154,149;177,317;172,325	729	1436647346
242,64;415,103;479,266	81,280;410,93;446,391	362	1436647352
281,293;134,442;28,68	404,353;236,48;31,179	239	1436647358
361,351;363,67;427,305	277,89;341,423;84,390	348	1436647365
99,128;43,391;145,125	287,159;307,208;415,212	411	1436647370
302,153;253,50;22,320	200,47;455,62;273,304	330	1436647375
50,312;460,337;35,192	50,312;460,337;35,192	278	1436647383
249,470;254,249;292,142	483,321;304,355;83,450	407	1436647389
85,41;159,135;381,82	110,114;175,252;442,242	149	1436647395
47,391;148,373;38,126	395,238;316,48;165,402	346	1436647400
486,420;466,135;48,26	417,397;72,487;394,44	116	1436647405
199,300;62,129;239,115	475,58;277,326;483,447	138	1436647411
378,189;225,250;52,217	291,16;317,324;464,366	286	1436647415
27,166;224,232;336,184	396,329;173,243;458,82	444	1436647419
426,423;260,418;118,450	240,122;239,188;340,381	32	1436647424
254,421;291,307;450,150	314,237;450,147;69,272	179	1436647429
254,421;291,307;450,150	208,207;471,440;350,163	241	1436647433
215,192;480,472;474,272	38,131;115,358;248,480	337	1436647438
273,108;55,449;177,344	116,456;113,31;218,109	434	1436647442
43,236;379,412;248,230	280,115;241,18;93,324	409	1436647448
300,478;335,362;272,352	233,424;155,12;355,225	56	1436647453
102,441;228,451;13,443	360,429;341,341;281,440	699	1436647461
472,215;100,255;419,377	22,416;223,393;20,99	189	1436647465
149,207;426,247;34,439	186,20;268,211;287,67	186	1436647471
480,200;18,58;163,93	341,89;257,63;141,83	726	1436647476
154,238;467,70;310,310	442,224;325,391;166,115	63	1436647480
434,261;375,306;396,198	28,364;457,209;472,231	452	1436647485
27,166;224,232;336,184	455,116;346,477;213,471	285	1436647489
450,175;145,348;382,350	433,307;245,95;316,263	295	1436647494
480,200;18,58;163,93	274,46;209,363;264,234	376	1436647499
354,100;139,176;44,88	166,187;220,339;173,148	627	1436647505
389,482;441,156;461,339	329,475;269,285;277,434	352	1436647510
115,72;67,147;76,253	304,333;20,425;39,253	649	1436647515
312,423;145,130;100,326	456,205;301,154;94,200	237	1436647520
447,350;223,20;162,482	441,425;59,262;24,37	202	1436647525
434,46;256,333;263,59	180,383;309,426;474,70	190	1436647531
426,423;260,418;118,450	76,100;136,375;102,250	315	1436647536
168,198;60,342;459,39	128,368;36,103;14,422	268	1436647540
43,236;379,412;248,230	252,227;317,435;149,360	221	1436647545
320,97;288,294;469,456	209,123;355,46;263,475	123	1436647552
451,398;119,210;123,346	285,80;418,18;21,405	222	1436647557
345,327;88,338;326,415	91,165;473,125;118,387	202	1436647562
76,62;359,401;46,439	297,126;166,409;233,194	577	1436647567
451,398;119,210;123,346	332,432;408,313;98,42	264	1436647572
281,293;134,442;28,68	62,96;62,35;31,196	669	1436647577
328,478;105,100;94,196	309,397;125,137;162,201	709	1436647581
147,359;456,24;487,165	254,211;393,401;118,307	286	1436647586
140,445;339,480;74,382	365,29;67,252;128,347	336	1436647590
165,353;21,269;375,230	197,198;242,156;389,285	261	1436647595
488,390;488,290;464,206	155,214;228,323;126,102	83	1436647601
154,238;467,70;310,310	286,408;191,189;32,177	29	1436647606
115,72;67,147;76,253	489,291;481,239;465,239	169	1436647611
165,353;21,269;375,230	430,392;348,364;388,411	74	1436647615
27,166;224,232;336,184	179,390;175,169;463,456	219	1436647619
464,104;203,129;99,433	489,32;412,294;375,484	779	1436647623
391,41;216,359;395,193	213,65;57,140;314,424	117	1436647628
288,255;363,115;201,424	317,159;360,82;324,291	830	1436647634
63,306;109,408;252,381	258,197;124,95;53,171	106	1436647638
110,311;412,270;173,22	56,367;227,180;434,331	56	1436647643
341,109;458,76;80,283	399,349;488,121;468,173	717	1436647647
31,139;147,71;261,139	395,223;110,363;55,139	123	1436647652
418,212;397,247;228,452	265,375;440,86;250,393	89	1436647656
196,412;444,339;304,208	360,220;36,403;478,449	53	1436647661
146,184;338,246;322,384	217,283;347,471;431,112	50	1436647665
375,229;57,169;334,138	129,104;69,488;224,359	135	1436647669
254,421;291,307;450,150	193,354;32,339;69,353	199	1436647674
198,254;298,311;401,489	450,168;65,380;450,239	313	1436647678
134,194;106,178;445,461	481,322;53,53;38,15	322	1436647682
398,474;21,332;153,380	398,474;21,332;153,380	15	1436647687
309,341;144,310;36,277	71,359;88,448;147,267	452	1436647692
486,420;466,135;48,26	483,320;179,60;51,470	1	1436647696
182,372;476,438;302,165	145,435;381,350;410,231	323	1436647702
481,56;312,344;239,412	204,50;471,139;29,408	791	1436647706
366,104;72,458;150,440	377,339;355,20;432,461	647	1436647711
43,236;379,412;248,230	103,45;170,129;199,138	836	1436647715
434,46;256,333;263,59	324,63;195,296;51,277	168	1436647720
386,280;34,158;298,448	82,443;359,14;194,246	834	1436647725
476,294;303,467;230,176	285,361;450,336;468,131	92	1436647729
77,378;218,284;101,337	79,165;361,63;463,41	675	1436647733
53,352;481,386;197,406	97,255;371,287;59,57	675	1436647738
275,65;445,195;450,364	346,203;475,472;84,252	201	1436647742
154,238;467,70;310,310	463,347;145,424;38,135	90	1436647747
391,41;216,359;395,193	28,108;59,261;380,311	190	1436647752
16,42;318,315;118,80	236,169;446,463;30,471	208	1436647756
254,411;204,226;33,172	150,116;409,153;354,373	220	1436647761
83,486;84,230;32,399	186,217;213,461;235,280	62	1436647765
156,133;327,22;187,112	69,270;189,60;70,348	816	1436647770
5B6y9M867