136	R	0.0.0.0	1436647083
86,169;120,216;436,399	144,391;208,137;457,168	934	1436647177
86,78;211,107;147,483	300,72;222,477;113,110	502	1436647187
42,319;93,132;46,412	429,92;312,197;119,197	876	1436647197
321,361;415,193;224,237	321,361;415,193;224,237	0	1436647203
213,263;455,213;370,59	177,372;447,44;475,193	205	1436647209
280,308;219,21;355,351	311,180;66,426;446,166	196	1436647225
75,11;396,474;302,294	263,287;26,301;77,376	624	1436647230
254,421;291,307;450,150	298,213;426,403;207,41	345	1436647237
451,398;119,210;123,346	256,183;382,183;160,319	570	1436647259
443,321;153,388;404,266	96,449;130,163;60,168	341	1436647268
347,119;193,213;98,56	50,326;66,32;358,431	301	1436647274
23,28;369,459;24,30	337,358;396,296;200,456	1000	1436647280
340,30;42,217;206,132	412,387;229,412;455,122	938	1436647285
196,412;444,339;304,208	179,322;301,110;54,53	51	1436647291
367,14;142,80;418,272	72,300;382,232;152,73	45	1436647297
347,119;193,213;98,56	175,437;88,203;417,54	362	1436647302
215,192;480,472;474,272	36,85;452,267;348,397	478	1436647309
457,165;192,326;265,107	472,348;412,161;90,91	632	1436647315
50,230;454,95;53,165	344,475;428,366;405,145	458	1436647321
76,358;489,417;96,438	58,296;415,308;120,364	269	1436647326
17,30;288,209;313,126	136,321;421,423;327,472	65	1436647333
76,358;489,417;96,438	125,213;356,409;484,58	422	1436647337
334,455;189,415;255,165	440,175;477,202;40,74	694	1436647344
436,397;257,297;167,38	217,132;336,191;419,213	939	1436647353
434,46;256,333;263,59	49,175;305,94;420,471	239	1436647357
382,444;23,433;417,478	339,19;261,393;370,79	38	1436647363
398,113;161,279;464,128	63,150;466,239;337,187	395	1436647367
264,426;482,179;18,329	415,264;467,45;92,324	133	1436647373
174,82;267,278;237,127	203,71;102,468;159,413	702	1436647379
456,223;140,201;442,74	439,308;311,84;190,258	568	1436647384
348,115;438,274;26,142	446,368;224,354;350,89	347	1436647390
55,458;458,132;432,24	382,441;276,133;36,144	570	1436647395
214,314;416,159;480,443	36,192;329,129;318,229	609	1436647400
440,171;64,240;344,248	14,34;340,94;266,93	638	1436647405
455,234;30,353;118,353	130,166;454,227;174,49	758	1436647410
391,41;216,359;395,193	325,53;129,93;433,314	612	1436647415
302,153;253,50;22,320	459,487;131,423;29,380	770	1436647419
83,486;84,230;32,399	265,19;124,421;163,171	501	1436647427
263,95;109,479;387,294	235,148;353,340;168,399	344	1436647432
451,398;119,210;123,346	368,123;366,182;12,15	474	1436647437
410,95;285,18;449,447	465,353;263,310;406,382	670	1436647442
259,12;379,60;30,391	259,12;379,60;30,391	137	1436647446
67,215;473,407;217,122	242,13;283,444;361,150	404	1436647452
391,41;216,359;395,193	178,256;190,464;316,57	84	1436647458
227,335;469,477;241,117	284,84;398,33;97,51	154	1436647463
53,87;271,443;320,346	410,38;170,183;447,119	838	1436647468
430,321;167,177;252,84	389,487;144,440;294,248	390	1436647476
373,324;291,141;337,474	273,366;342,231;285,43	168	1436647481
32,236;276,402;350,90	459,333;160,23;41,350	182	1436647486
91,60;76,451;133,377	221,66;417,29;218,93	763	1436647496
264,426;482,179;18,329	113,183;216,375;109,402	620	1436647503
281,293;134,442;28,68	45,315;211,377;356,247	289	1436647507
255,282;399,416;61,325	455,136;165,84;152,407	359	1436647512
159,160;33,474;487,293	368,453;429,395;206,116	608	1436647517
321,369;13,409;17,19	449,248;273,65;308,342	318	1436647522
281,293;134,442;28,68	57,213;23,408;426,186	496	1436647530
134,338;22,407;26,111	363,17;207,118;453,451	632	1436647552
472,215;100,255;419,377	461,214;477,318;221,146	291	1436647563
169,456;296,212;52,115	70,385;458,396;287,14	184	1436647570
50,230;454,95;53,165	354,143;169,180;116,263	627	1436647575
250,328;277,380;380,270	57,349;71,189;406,447	315	1436647580
49,32;361,67;69,157	62,148;255,128;268,323	454	1436647585
50,230;454,95;53,165	408,175;462,411;130,483	610	1436647590
361,351;363,67;427,305	307,199;340,405;210,19	319	1436647595
165,353;21,269;375,230	435,283;381,287;352,256	881	1436647600
17,46;151,56;365,187	398,321;480,469;36,146	417	1436647605
437,319;434,366;263,222	199,147;118,277;328,54	473	1436647610
154,238;467,70;310,310	253,310;37,331;44,63	384	1436647625
340,30;42,217;206,132	73,480;193,216;212,306	455	1436647633
196,412;444,339;304,208	449,163;218,413;402,77	546	1436647638
35,425;89,233;175,236	383,275;319,436;219,286	429	1436647644
259,346;414,205;135,277	296,215;62,334;84,130	340	1436647650
233,210;379,177;269,373	417,22;404,66;281,58	449	1436647660
347,119;193,213;98,56	27,489;58,320;37,325	962	1436647668
89,154;125,240;275,406	269,133;387,345;341,466	829	1436647673
50,312;460,337;35,192	50,312;460,337;35,192	81	1436647677
235,455;11,151;391,45	62,483;317,33;324,105	763	1436647682
264,426;482,179;18,329	335,463;18,267;342,34	443	1436647696
137,485;29,24;162,282	250,173;408,414;276,231	852	1436647701
472,215;100,255;419,377	233,86;185,483;97,233	411	1436647706
94,322;203,172;357,266	424,385;364,404;472,334	595	1436647710
375,235;259,479;295,96	310,46;43,28;190,460	361	1436647715
50,168;98,101;303,158	354,89;232,475;225,262	587	1436647719
367,14;142,80;418,272	142,140;431,86;253,344	265	1436647724
25,476;254,234;278,133	413,341;329,315;17,137	666	1436647729
76,399;70,277;410,190	484,213;244,59;361,417	495	1436647735
68,282;389,465;290,59	408,406;348,456;390,142	698	1436647740
436,397;257,297;167,38	260,455;234,220;213,446	611	1436647745
76,347;113,369;99,460	268,45;71,91;72,255	787	1436647749
437,74;199,417;94,277	211,386;455,481;50,40	578	1436647755
77,378;218,284;101,337	62,51;159,440;384,489	616	1436647761
138,108;436,99;326,436	171,450;125,371;275,74	778	1436647766
321,302;40,75;448,313	283,231;177,28;352,442	525	1436647772
288,255;228,130;251,399	386,23;152,469;350,455	611	1436647776
304,411;123,482;248,227	319,428;467,50;439,431	876	1436647783
480,412;455,122;425,314	11,187;474,330;332,416	868	1436647789
215,423;246,291;314,448	129,375;369,247;197,399	538	1436647795
207,45;91,245;66,317	114,97;388,61;326,215	632	1436647799
101,322;357,102;364,92	297,436;139,126;156,184	138	1436647805
459,123;309,420;219,404	482,84;219,130;416,54	549	1436647810
140,90;287,464;97,151	328,240;212,129;176,154	617	1436647819
338,473;283,193;282,329	459,226;363,327;285,116	602	1436647838
70,165;430,387;381,404	66,199;13,178;400,482	120	1436647845
342,151;262,261;293,125	472,153;460,294;427,32	253	1436647852
326,304;449,454;98,346	459,136;231,194;140,412	349	1436647858
428,58;228,125;188,159	117,368;38,179;103,251	461	1436647863
296,440;164,242;381,391	179,126;364,253;307,386	353	1436647869
35,425;89,233;175,236	342,19;66,443;72,260	613	1436647874
358,362;104,35;155,195	210,386;451,178;84,446	127	1436647882
392,275;82,167;259,63	266,135;198,301;406,109	422	1436647889
490,216;178,177;238,472	308,411;268,105;68,447	451	1436647894
345,110;291,416;469,78	285,361;267,457;186,164	168	1436647899
43,236;379,412;248,230	253,90;463,220;124,450	199	1436647904
428,58;228,125;188,159	285,168;250,68;13,250	719	1436647910
361,351;363,67;427,305	367,457;486,357;299,14	96	1436647916
340,52;327,227;464,443	22,374;379,149;244,317	307	1436647925
414,489;468,222;467,385	249,131;232,155;40,466	857	1436647929
398,474;21,332;153,380	398,474;21,332;153,380	10	1436647936
89,154;125,240;275,406	138,250;35,437;289,18	456	1436647941
309,341;144,310;36,277	232,184;249,59;287,19	645	1436647946
237,152;242,200;252,74	197,231;244,242;460,415	775	1436647951
50,230;454,95;53,165	361,116;292,465;126,349	460	1436647957
490,260;18,429;394,189	486,421;384,404;267,325	669	1436647962
149,207;426,247;34,439	416,110;246,196;124,25	435	1436647969
17,46;151,56;365,187	301,28;243,373;172,162	488	1436647974
50,230;454,95;53,165	133,50;367,395;406,169	584	1436647979
254,421;291,307;450,150	326,141;326,366;291,203	487	1436647983
361,351;363,67;427,305	86,34;104,71;377,248	810	1436647988
44,216;18,283;221,415	476,244;440,227;278,275	645	1436647993
202,377;108,149;59,131	421,113;473,101;488,30	566	1436647997
89,154;125,240;275,406	392,49;15,78;466,120	788	1436648003
67,215;473,407;217,122	138,37;116,210;363,66	635	1436648008
348,115;438,274;26,142	50,222;368,277;182,28	395	1436648013
328,478;105,100;94,196	451,484;166,297;113,269	579	1436648018
149,207;426,247;34,439	44,332;170,113;432,213	118	1436648022
1D4x6R943