136	L	0.0.0.0	1436646160
86,169;120,216;436,399	144,391;208,137;457,168	1000	1436646239
86,78;211,107;147,483	300,72;222,477;113,110	816	1436646250
42,319;93,132;46,412	429,92;312,197;119,197	785	1436646261
321,361;415,193;224,237	321,361;415,193;224,237	0	1436646269
213,263;455,213;370,59	177,372;447,44;475,193	393	1436646279
280,308;219,21;355,351	311,180;66,426;446,166	232	1436646310
367,14;142,80;418,272	325,86;420,488;198,344	209	1436646317
352,130;236,484;85,263	332,304;182,55;284,85	685	1436646328
58,402;213,400;381,146	149,288;325,327;25,398	325	1436646334
230,109;490,407;42,65	403,134;312,109;401,419	414	1436646343
321,317;146,171;312,218	307,325;104,412;338,281	630	1436646348
165,353;21,269;375,230	25,71;390,12;353,361	751	1436646355
437,319;434,366;263,222	186,298;306,383;136,197	732	1436646361
67,215;473,407;217,122	103,474;381,28;290,366	659	1436646368
140,90;287,464;97,151	328,240;212,129;176,154	644	1436646375
94,322;203,172;357,266	464,88;411,455;303,61	720	1436646382
274,362;48,252;360,126	258,208;404,168;130,257	998	1436646393
347,119;193,213;98,56	32,64;144,296;377,326	635	1436646400
117,133;483,158;488,243	373,435;442,323;407,231	763	1436646407
348,392;211,473;351,51	134,327;221,114;241,340	382	1436646416
35,425;89,233;175,236	59,333;181,319;369,380	749	1436646424
366,435;449,416;346,59	443,70;394,40;204,429	617	1436646435
27,166;224,232;336,184	64,151;246,239;426,312	959	1436646442
472,215;100,255;419,377	252,259;480,265;396,82	937	1436646448
200,326;272,200;19,224	127,55;199,312;398,393	936	1436646453
449,290;296,391;62,458	58,12;460,482;50,142	679	1436646460
358,362;104,35;155,195	210,386;451,178;84,446	735	1436646467
425,365;119,36;45,208	454,310;84,182;484,437	664	1436646477
76,347;113,369;99,460	34,403;303,318;152,152	945	1436646486
154,238;467,70;310,310	478,53;267,146;270,446	723	1436646521
84,326;485,334;433,124	94,12;402,322;300,50	947	1436646529
453,108;203,62;223,163	467,49;272,104;205,404	667	1436646536
43,236;379,412;248,230	42,481;302,435;244,267	439	1436646543
348,115;438,274;26,142	429,13;382,483;159,18	727	1436646550
451,398;119,210;123,346	238,436;85,456;111,61	673	1436646556
398,474;21,332;153,380	398,474;21,332;153,380	1000	1436646565
163,62;52,204;431,228	322,454;40,462;299,44	588	1436646573
160,481;240,242;229,445	105,441;271,109;56,434	884	1436646583
101,322;357,102;364,92	297,436;139,126;156,184	798	1436646590
317,257;169,276;69,427	178,402;219,372;160,180	631	1436646597
478,450;271,114;331,218	394,480;316,350;290,290	165	1436646604
434,46;256,333;263,59	330,244;51,373;204,212	171	1436646611
437,319;434,366;263,222	38,265;63,229;168,153	370	1436646618
237,152;242,200;252,74	157,315;43,116;82,80	675	1436646638
391,41;216,359;395,193	216,193;463,114;282,437	355	1436646644
436,397;257,297;167,38	323,283;33,432;487,340	649	1436646650
216,14;470,443;286,332	204,22;294,369;36,54	319	1436646655
338,343;360,446;54,234	175,370;271,397;277,409	760	1436646660
354,100;139,176;44,88	166,187;220,339;173,148	778	1436646664
76,358;489,417;96,438	82,185;144,102;255,415	167	1436646669
122,281;39,151;209,490	44,427;383,241;389,202	852	1436646674
428,58;228,125;188,159	118,83;63,168;95,406	361	1436646679
473,418;475,388;112,379	455,367;28,321;449,453	141	1436646684
437,319;434,366;263,222	106,88;69,114;473,194	203	1436646690
44,216;18,283;221,415	325,65;249,391;164,231	283	1436646695
430,321;167,177;252,84	168,409;241,184;248,99	889	1436646700
327,271;299,329;488,206	156,186;446,155;399,178	752	1436646705
76,358;489,417;96,438	387,477;204,486;350,166	157	1436646710
281,293;134,442;28,68	92,120;240,335;345,231	233	1436646716
50,230;454,95;53,165	150,197;186,396;475,442	702	1436646722
146,184;338,246;322,384	217,283;347,471;431,112	142	1436646727
115,28;181,381;250,267	204,143;453,242;337,65	182	1436646740
207,45;91,245;66,317	114,97;388,61;326,215	155	1436646745
302,153;253,50;22,320	230,22;151,179;454,204	780	1436646751
429,386;132,306;26,69	256,274;44,94;316,310	764	1436646756
348,115;438,274;26,142	22,474;146,228;352,414	296	1436646761
94,322;203,172;357,266	483,421;108,268;103,322	805	1436646767
447,350;223,20;162,482	441,425;59,262;24,37	733	1436646772
201,421;50,133;483,266	165,272;319,76;352,346	136	1436646776
14,351;59,413;239,433	321,278;333,461;380,30	666	1436646781
27,166;224,232;336,184	12,484;355,52;253,125	786	1436646786
125,224;51,109;21,173	135,212;86,475;225,365	135	1436646792
340,30;42,217;206,132	139,215;37,189;241,415	707	1436646797
21,312;285,334;390,71	154,262;388,252;320,95	159	1436646802
483,251;389,374;334,233	324,473;33,443;102,193	114	1436646807
347,119;193,213;98,56	434,27;176,227;414,424	5	1436646812
436,397;257,297;167,38	432,135;141,296;248,293	639	1436646817
237,438;63,255;451,190	154,247;153,24;408,304	12	1436646823
145,443;100,283;481,341	305,426;477,158;276,106	170	1436646828
426,423;260,418;118,450	71,255;379,50;468,430	987	1436646832
301,153;223,216;252,303	454,239;188,239;242,376	685	1436646838
93,330;388,328;200,239	54,279;135,203;456,389	863	1436646843
31,139;147,71;261,139	395,223;110,363;55,139	660	1436646847
437,319;434,366;263,222	279,423;131,321;418,99	385	1436646854
434,46;256,333;263,59	277,145;466,104;296,424	13	1436646863
343,207;119,23;470,327	19,22;315,384;140,161	82	1436646869
434,46;256,333;263,59	456,387;439,242;353,396	665	1436646875
137,485;29,24;162,282	250,173;408,414;276,231	852	1436646880
165,353;21,269;375,230	430,392;348,364;388,411	592	1436646884
254,421;291,307;450,150	133,332;183,468;179,477	795	1436646890
17,46;151,56;365,187	32,130;265,155;80,116	170	1436646896
111,13;164,335;300,481	166,107;471,123;396,343	809	1436646900
106,64;466,431;23,193	151,115;17,161;476,113	639	1436646905
234,181;321,434;385,464	72,144;257,453;34,144	40	1436646910
196,412;444,339;304,208	201,318;163,70;474,282	17	1436646915
64,471;460,96;458,377	254,158;397,78;475,205	329	1436646919
89,325;174,202;481,355	202,421;249,111;468,146	17	1436646924
264,291;43,117;98,407	227,268;449,309;97,478	9	1436646930
144,344;317,329;74,72	87,90;425,298;269,429	166	1436646935
437,92;119,438;398,282	228,303;339,291;346,67	744	1436646940
309,341;144,310;36,277	438,437;117,53;479,425	913	1436646946
391,41;216,359;395,193	413,241;490,469;84,37	821	1436646951
391,41;216,359;395,193	281,232;373,41;291,193	815	1436646956
36,169;217,145;145,393	46,418;331,448;176,92	20	1436646961
426,423;260,418;118,450	395,155;378,170;17,36	841	1436646966
328,478;105,100;94,196	226,482;25,341;159,90	708	1436646971
76,347;113,369;99,460	211,180;194,339;24,108	233	1436646975
259,12;379,60;30,391	259,12;379,60;30,391	0	1436646981
279,177;37,482;90,282	24,308;190,296;469,471	275	1436646988
115,72;67,147;76,253	436,320;52,474;238,323	291	1436646993
402,31;67,441;155,458	330,435;183,148;363,206	967	1436646998
108,19;314,159;441,300	469,115;213,146;142,144	401	1436647003
434,46;256,333;263,59	108,74;124,461;411,286	668	1436647010
128,134;191,366;483,63	183,349;92,137;435,32	15	1436647015
340,30;42,217;206,132	146,161;448,295;338,85	994	1436647019
154,238;467,70;310,310	351,475;217,366;314,76	29	1436647025
50,312;460,337;35,192	50,312;460,337;35,192	14	1436647030
106,300;329,335;344,151	489,300;45,178;318,177	894	1436647034
50,259;249,488;86,47	175,318;213,98;48,90	775	1436647039
451,398;119,210;123,346	284,28;81,101;17,367	913	1436647043
423,130;144,393;405,225	52,28;86,55;141,269	323	1436647055
153,59;299,332;405,355	311,259;487,28;79,424	834	1436647060
472,215;100,255;419,377	444,273;422,136;338,477	847	1436647065
16,394;451,86;303,220	232,325;114,469;337,42	28	1436647070
154,338;248,296;453,384	366,411;392,123;414,248	270	1436647075
332,231;247,283;74,485	79,324;255,360;107,332	936	1436647080
35,425;89,233;175,236	221,250;461,218;60,395	830	1436647085
234,177;91,104;345,327	265,103;347,235;447,369	910	1436647089
106,64;466,431;23,193	343,108;282,371;387,181	263	1436647094
149,207;426,247;34,439	63,31;114,112;72,334	637	1436647099
428,58;228,125;188,159	309,415;211,281;42,118	818	1436647104
436,397;257,297;167,38	113,197;371,240;234,60	800	1436647109
141,43;184,327;109,322	110,184;24,47;368,482	938	1436647114
215,192;480,472;474,272	335,490;29,469;423,56	732	1436647119
239,29;273,395;53,470	135,388;176,420;412,363	757	1436647124
4F7y8M451