136	R	0.0.0.0	1436646226
86,169;120,216;436,399	144,391;208,137;457,168	714	1436646342
86,78;211,107;147,483	300,72;222,477;113,110	156	1436646351
42,319;93,132;46,412	429,92;312,197;119,197	628	1436646363
321,361;415,193;224,237	321,361;415,193;224,237	5	1436646379
213,263;455,213;370,59	177,372;447,44;475,193	351	1436646387
280,308;219,21;355,351	311,180;66,426;446,166	344	1436646469
14,381;248,59;194,65	383,438;295,418;19,411	173	1436646479
413,36;359,63;226,311	103,487;450,73;299,109	713	1436646486
43,370;94,390;461,448	370,198;312,235;389,158	982	1436646493
51,321;263,278;427,390	411,127;101,190;402,367	394	1436646500
237,152;242,200;252,74	287,446;430,487;237,462	454	1436646505
83,486;84,230;32,399	375,179;124,485;333,186	706	1436646512
76,347;113,369;99,460	451,229;435,457;483,48	839	1436646521
115,72;67,147;76,253	185,132;202,292;195,472	850	1436646528
77,378;218,284;101,337	238,232;57,141;138,293	873	1436646533
223,354;275,323;373,156	285,352;239,355;22,32	367	1436646542
264,426;482,179;18,329	113,183;216,375;109,402	696	1436646547
437,74;199,417;94,277	211,386;455,481;50,40	323	1436646553
342,268;484,140;467,174	448,115;327,426;416,144	825	1436646559
177,33;67,451;184,217	13,309;375,235;429,210	884	1436646565
347,119;193,213;98,56	27,489;58,320;37,325	903	1436646569
426,423;260,418;118,450	195,257;103,93;179,197	857	1436646575
344,96;488,24;60,275	251,58;71,105;241,86	916	1436646582
385,52;218,391;129,166	70,22;96,342;383,25	144	1436646588
259,12;379,60;30,391	259,12;379,60;30,391	70	1436646594
53,352;481,386;197,406	97,255;371,287;59,57	364	1436646599
89,154;125,240;275,406	328,337;62,467;304,36	872	1436646609
237,152;242,200;252,74	242,321;49,203;85,259	892	1436646619
197,303;405,437;384,36	119,399;113,49;300,263	62	1436646624
39,110;252,187;142,166	203,326;52,480;98,249	942	1436646630
76,358;489,417;96,438	137,121;292,471;432,252	323	1436646636
154,238;467,70;310,310	130,230;295,35;189,143	901	1436646641
266,477;226,132;337,272	440,363;17,476;344,443	698	1436646646
445,310;299,222;290,245	262,173;187,107;82,335	783	1436646651
44,216;18,283;221,415	224,384;268,350;138,244	680	1436646657
77,378;218,284;101,337	79,165;361,63;463,41	711	1436646664
50,230;454,95;53,165	441,212;277,278;20,462	551	1436646669
429,123;490,62;290,127	330,109;186,348;247,187	764	1436646679
102,281;46,283;323,422	390,414;355,134;405,298	660	1436646685
35,425;89,233;175,236	192,206;160,224;345,388	568	1436646691
367,14;142,80;418,272	163,269;121,128;283,26	238	1436646697
83,486;84,230;32,399	281,197;48,409;281,240	456	1436646702
427,55;168,381;374,397	240,321;197,156;404,106	655	1436646707
27,166;224,232;336,184	288,490;271,159;235,163	695	1436646713
328,478;105,100;94,196	172,177;127,450;218,303	740	1436646721
434,42;258,218;447,313	153,160;178,375;46,188	404	1436646727
30,231;131,192;281,449	189,108;90,242;244,233	727	1436646736
327,34;370,122;297,198	145,121;263,60;411,79	620	1436646741
200,324;143,436;428,343	89,200;461,354;33,224	397	1436646746
430,321;167,177;252,84	157,280;261,174;50,217	584	1436646751
472,215;100,255;419,377	150,19;20,379;220,438	571	1436646756
433,164;201,196;304,146	285,336;441,94;380,154	832	1436646762
472,215;100,255;419,377	61,477;227,111;78,165	668	1436646768
76,347;113,369;99,460	472,283;366,228;75,431	943	1436646773
277,263;170,246;177,390	277,410;424,472;225,190	587	1436646778
486,420;466,135;48,26	128,255;71,67;252,417	867	1436646785
76,358;489,417;96,438	454,436;119,456;124,95	777	1436646791
236,128;384,60;407,204	54,381;14,102;440,432	559	1436646796
471,346;404,135;459,119	167,232;323,195;414,201	908	1436646801
222,408;164,124;245,176	281,318;253,146;20,273	610	1436646807
304,411;123,482;248,227	319,428;467,50;439,431	871	1436646812
147,390;50,458;11,129	443,321;147,236;298,323	426	1436646818
17,46;151,56;365,187	120,465;247,323;490,300	430	1436646824
149,371;292,41;156,153	246,348;397,399;244,48	116	1436646830
215,192;480,472;474,272	20,442;74,338;67,16	730	1436646835
23,28;369,459;24,30	118,144;404,248;143,59	983	1436646840
430,321;167,177;252,84	424,248;136,462;296,136	331	1436646845
163,186;70,134;472,131	355,214;404,473;292,24	940	1436646850
17,46;151,56;365,187	369,74;348,449;249,487	380	1436646855
486,420;466,135;48,26	59,103;302,370;395,224	603	1436646860
83,486;84,230;32,399	364,354;379,176;267,77	465	1436646865
366,104;72,458;150,440	377,339;355,20;432,461	766	1436646871
217,239;383,377;410,29	335,25;104,191;75,12	73	1436646877
50,312;460,337;35,192	50,312;460,337;35,192	60	1436646883
27,166;224,232;336,184	148,312;28,16;350,450	899	1436646888
136,446;210,186;172,266	403,264;304,105;472,248	855	1436646893
47,391;148,373;38,126	93,189;397,138;299,324	429	1436646898
398,474;21,332;153,380	398,474;21,332;153,380	55	1436646903
44,216;18,283;221,415	431,182;311,399;152,448	626	1436646908
480,200;18,58;163,93	187,418;239,313;225,338	970	1436646913
94,322;203,172;357,266	432,177;142,406;134,51	543	1436646919
309,341;144,310;36,277	232,184;249,59;287,19	936	1436646924
111,81;245,377;443,191	60,406;315,13;324,334	318	1436646930
169,489;162,280;360,180	322,453;14,413;369,286	103	1436646935
278,337;58,306;216,204	343,256;351,147;394,83	867	1436646940
281,293;134,442;28,68	383,39;417,149;417,484	976	1436646945
434,46;256,333;263,59	482,231;334,88;174,316	214	1436646950
147,430;48,32;237,116	12,18;203,397;281,374	928	1436646956
480,200;18,58;163,93	463,383;229,231;173,103	834	1436646961
83,486;84,230;32,399	367,133;186,442;368,198	916	1436646967
406,311;374,41;238,490	189,110;241,462;140,147	839	1436646972
437,319;434,366;263,222	199,147;118,277;328,54	443	1436646977
121,489;429,239;65,380	146,167;97,388;482,190	428	1436646982
487,415;417,440;94,396	436,26;171,412;30,481	908	1436646988
253,392;213,333;459,469	378,413;144,317;367,460	460	1436646994
261,241;149,381;371,99	27,349;46,482;365,55	953	1436647000
281,293;134,442;28,68	252,339;30,299;211,153	647	1436647006
465,388;124,203;421,65	155,32;149,225;434,166	237	1436647012
44,216;18,283;221,415	119,205;152,42;196,217	590	1436647018
27,166;224,232;336,184	294,484;169,341;234,400	901	1436647024
316,172;14,415;143,408	320,277;54,436;123,340	560	1436647030
133,266;300,97;377,234	55,483;288,168;211,295	930	1436647036
83,486;84,230;32,399	458,175;256,69;432,66	581	1436647041
89,383;336,248;463,374	350,309;323,54;245,196	339	1436647047
383,110;173,181;308,475	429,19;280,149;394,207	611	1436647052
434,46;256,333;263,59	117,94;365,315;237,13	419	1436647056
94,322;203,172;357,266	101,404;202,394;101,250	667	1436647062
367,14;142,80;418,272	335,20;184,106;127,358	426	1436647067
189,351;109,271;299,151	335,159;21,51;149,402	689	1436647071
106,433;402,82;218,138	70,460;101,95;191,305	563	1436647079
89,154;125,240;275,406	162,69;206,234;196,156	464	1436647086
302,153;253,50;22,320	163,419;335,419;181,394	558	1436647091
79,331;36,48;173,216	301,93;164,406;273,195	874	1436647096
340,30;42,217;206,132	34,213;70,311;261,477	817	1436647100
434,46;256,333;263,59	32,329;478,128;94,134	823	1436647106
192,294;487,314;461,215	90,255;155,402;336,48	878	1436647111
348,115;438,274;26,142	446,368;224,354;350,89	569	1436647116
140,440;401,193;204,362	489,52;141,443;396,232	936	1436647121
238,77;129,88;110,459	490,463;201,307;204,186	878	1436647126
395,272;180,447;156,165	417,452;240,24;144,359	869	1436647131
50,230;454,95;53,165	57,278;473,476;298,355	788	1436647136
302,153;253,50;22,320	304,184;98,180;176,221	906	1436647141
469,440;338,244;159,183	401,79;479,152;425,161	858	1436647146
378,164;126,320;12,79	413,444;392,190;58,449	206	1436647151
306,329;229,119;143,223	82,170;235,99;268,461	427	1436647156
241,182;365,56;218,205	409,151;20,371;107,125	979	1436647162
76,347;113,369;99,460	268,45;71,91;72,255	966	1436647167
74,248;95,41;316,390	21,358;398,387;206,210	889	1436647173
165,353;21,269;375,230	22,437;67,61;457,447	879	1436647179
26,243;188,168;160,226	103,52;55,269;271,24	871	1436647185
490,216;178,177;238,472	308,411;268,105;68,447	296	1436647192
133,141;387,321;387,219	450,346;345,467;216,405	866	1436647199
472,215;100,255;419,377	452,116;233,398;149,192	187	1436647218
152,223;50,447;435,158	483,212;372,464;38,419	22	1436647226
414,279;234,378;327,128	420,481;171,363;286,93	625	1436647231
1H3x5N952