137	R	0.0.0.0	1436646474
86,169;120,216;436,399	144,391;208,137;457,168	953	1436646635
86,78;211,107;147,483	300,72;222,477;113,110	162	1436646645
42,319;93,132;46,412	429,92;312,197;119,197	413	1436646654
321,361;415,193;224,237	321,361;415,193;224,237	0	1436646663
213,263;455,213;370,59	177,372;447,44;475,193	534	1436646673
280,308;219,21;355,351	311,180;66,426;446,166	48	1436646686
77,378;218,284;101,337	481,142;213,292;102,439	233	1436646697
281,293;134,442;28,68	135,261;374,139;85,207	598	1436646702
340,30;42,217;206,132	28,487;477,292;462,308	986	1436646711
50,312;460,337;35,192	50,312;460,337;35,192	0	1436646718
304,434;392,286;255,168	479,112;134,192;84,326	647	1436646724
347,119;193,213;98,56	70,245;489,285;126,489	133	1436646743
149,371;292,41;156,153	246,348;397,399;244,48	912	1436646748
23,28;369,459;24,30	243,388;138,349;487,478	295	1436646756
165,353;21,269;375,230	62,486;154,330;41,481	982	1436646762
165,353;21,269;375,230	287,81;243,411;390,445	949	1436646769
288,255;363,115;201,424	433,268;483,159;482,381	1000	1436646774
76,347;113,369;99,460	61,455;327,50;352,346	919	1436646780
398,474;21,332;153,380	398,474;21,332;153,380	0	1436646786
367,284;217,395;425,416	126,255;12,71;328,422	967	1436646792
17,46;151,56;365,187	18,46;129,319;186,322	1000	1436646797
476,208;333,23;409,454	40,321;332,142;71,144	823	1436646804
309,341;144,310;36,277	118,126;82,174;416,334	1000	1436646809
391,41;216,359;395,193	373,452;242,84;321,271	863	1436646815
474,386;89,147;461,238	141,350;451,34;203,354	776	1436646821
163,62;52,204;431,228	345,79;422,369;26,221	538	1436646826
94,322;203,172;357,266	346,358;489,130;479,419	737	1436646831
403,418;355,175;441,422	52,292;130,78;120,64	885	1436646838
426,423;260,418;118,450	140,425;386,322;176,384	916	1436646844
149,207;426,247;34,439	173,417;172,254;480,287	746	1436646854
436,397;257,297;167,38	467,246;140,76;146,172	925	1436646858
242,113;191,118;265,35	368,482;347,61;398,24	940	1436646863
266,477;226,132;337,272	440,363;17,476;344,443	977	1436646868
165,353;21,269;375,230	427,73;395,381;203,67	723	1436646877
188,334;164,100;333,161	399,486;122,356;86,237	972	1436646889
430,321;167,177;252,84	39,429;318,147;365,117	1000	1436646896
83,486;84,230;32,399	75,33;243,364;170,297	771	1436646904
361,351;363,67;427,305	42,432;235,100;88,307	940	1436646910
35,425;89,233;175,236	197,258;450,389;152,164	739	1436646917
76,358;489,417;96,438	57,53;344,307;414,106	718	1436646923
410,294;414,147;241,23	226,74;436,118;266,28	341	1436646929
52,268;154,80;78,283	411,199;284,48;335,73	463	1436646934
196,185;272,86;44,308	72,175;477,123;216,227	758	1436646940
485,183;350,205;317,228	314,360;259,150;232,297	620	1436646946
328,313;30,477;434,463	313,304;247,343;94,474	818	1436646952
115,28;181,381;250,267	204,143;453,242;337,65	659	1436646957
436,397;257,297;167,38	323,283;33,432;487,340	392	1436646963
430,321;167,177;252,84	424,248;136,462;296,136	86	1436646977
461,237;147,359;325,221	143,18;67,231;64,384	304	1436646985
52,26;29,219;430,354	260,254;424,125;76,137	772	1436646992
281,293;134,442;28,68	92,120;240,335;345,231	378	1436646999
472,215;100,255;419,377	22,161;373,378;224,327	894	1436647005
213,400;281,121;409,301	283,232;430,448;403,170	420	1436647010
406,258;162,108;486,478	228,369;21,11;108,134	938	1436647015
78,439;155,20;227,146	326,309;319,13;25,294	873	1436647020
89,191;219,293;370,291	250,118;438,274;101,261	246	1436647024
43,236;379,412;248,230	133,441;76,201;444,105	639	1436647030
83,486;84,230;32,399	41,169;129,186;376,108	734	1436647034
486,420;466,135;48,26	328,162;306,433;195,280	427	1436647045
227,335;469,477;241,117	284,84;398,33;97,51	355	1436647050
196,412;444,339;304,208	208,28;464,305;73,257	253	1436647055
89,154;125,240;275,406	418,235;168,89;348,215	97	1436647063
165,353;21,269;375,230	348,478;69,193;183,338	974	1436647068
436,397;257,297;167,38	358,298;336,202;181,427	600	1436647076
306,231;412,156;490,64	197,235;195,81;20,78	1000	1436647081
73,428;373,473;471,190	238,256;399,87;388,75	1000	1436647085
87,22;183,211;222,311	196,441;92,490;489,400	666	1436647090
45,270;333,304;180,445	15,163;34,28;264,76	344	1436647094
456,223;140,201;442,74	439,308;311,84;190,258	409	1436647099
35,425;89,233;175,236	72,245;460,130;328,230	810	1436647104
50,230;454,95;53,165	408,175;462,411;130,483	998	1436647109
133,370;453,60;421,272	169,26;415,144;84,175	417	1436647114
468,284;463,177;198,227	174,370;320,35;119,159	839	1436647119
122,281;39,151;209,490	44,427;383,241;389,202	935	1436647124
108,418;221,203;58,133	152,440;353,99;164,275	469	1436647129
254,421;291,307;450,150	450,370;129,122;480,363	943	1436647134
215,192;480,472;474,272	20,442;74,338;67,16	1000	1436647139
76,347;113,369;99,460	111,121;187,42;247,123	453	1436647144
436,397;257,297;167,38	238,58;277,277;487,45	791	1436647150
208,399;371,118;215,40	48,276;251,99;273,432	706	1436647209
300,136;376,129;337,435	413,424;381,450;72,123	365	1436647214
480,412;455,122;425,314	11,187;474,330;332,416	443	1436647222
148,213;106,478;487,172	240,438;302,199;452,437	238	1436647227
367,14;142,80;418,272	121,214;488,205;306,352	23	1436647233
378,237;33,110;77,62	212,228;215,282;336,236	722	1436647238
391,41;216,359;395,193	210,445;315,449;206,15	766	1436647243
163,476;142,94;236,467	472,424;57,73;190,208	953	1436647248
296,456;489,49;273,334	310,474;162,104;406,322	398	1436647253
391,201;219,313;460,382	58,431;268,280;39,148	278	1436647268
322,132;427,305;125,89	258,378;351,123;151,253	406	1436647274
254,421;291,307;450,150	96,120;101,314;286,285	758	1436647290
17,46;151,56;365,187	369,74;348,449;249,487	475	1436647296
56,486;275,94;235,264	441,359;244,113;247,23	341	1436647311
102,281;46,283;323,422	390,414;355,134;405,298	691	1436647318
451,398;119,210;123,346	453,350;411,73;282,398	741	1436647323
487,415;417,440;94,396	436,26;171,412;30,481	208	1436647329
215,192;480,472;474,272	179,229;451,249;222,43	184	1436647334
441,100;406,185;394,397	320,50;256,279;341,136	316	1436647341
426,423;260,418;118,450	76,100;136,375;102,250	456	1436647346
444,229;78,300;362,51	232,209;73,73;93,135	919	1436647350
456,187;250,94;44,448	284,372;56,123;190,36	304	1436647356
253,271;43,388;246,120	307,19;458,88;261,412	217	1436647362
288,255;363,115;201,424	361,328;456,371;192,254	9	1436647521
47,391;148,373;38,126	131,433;171,48;216,219	304	1436647527
426,423;260,418;118,450	289,164;416,251;183,103	692	1436647532
385,432;457,78;305,178	158,93;186,300;395,39	275	1436647537
14,191;415,145;186,367	436,448;402,59;470,338	834	1436647542
239,29;273,395;53,470	135,388;176,420;412,363	367	1436647546
101,322;357,102;364,92	297,436;139,126;156,184	870	1436647552
152,232;337,385;356,369	103,149;66,68;42,33	1000	1436647557
409,97;164,30;421,26	69,86;191,148;342,362	795	1436647562
17,46;151,56;365,187	184,51;303,273;137,41	795	1436647575
347,119;193,213;98,56	333,345;143,109;212,31	960	1436647580
43,236;379,412;248,230	350,410;49,479;490,240	237	1436647585
165,353;21,269;375,230	98,442;490,217;38,336	786	1436647590
23,28;369,459;24,30	383,212;438,362;300,233	1000	1436647595
83,486;84,230;32,399	186,217;213,461;235,280	273	1436647600
157,481;116,104;155,77	86,272;107,216;439,198	306	1436647605
347,119;193,213;98,56	175,437;88,203;417,54	372	1436647610
17,46;151,56;365,187	21,46;426,325;344,299	783	1436647616
76,358;489,417;96,438	90,202;335,329;101,61	403	1436647621
115,72;67,147;76,253	305,422;29,210;154,313	874	1436647626
106,64;466,431;23,193	50,418;208,291;143,379	984	1436647631
259,12;379,60;30,391	259,12;379,60;30,391	0	1436647638
33,82;460,405;231,339	246,393;341,198;442,393	825	1436647643
377,461;330,21;102,90	26,121;392,308;320,38	737	1436647649
415,292;209,327;323,51	76,217;385,79;298,376	252	1436647653
348,115;438,274;26,142	145,470;26,372;420,236	238	1436647658
347,119;193,213;98,56	20,263;173,69;415,427	383	1436647670
88,185;487,350;477,471	468,54;43,405;23,337	708	1436647675
145,357;308,455;337,22	87,29;411,177;460,47	372	1436647680
344,101;301,81;121,206	411,165;356,360;387,324	412	1436647686
165,353;21,269;375,230	25,71;390,12;353,361	336	1436647691
50,230;454,95;53,165	366,182;96,281;203,37	978	1436647696
16,165;142,486;443,332	388,17;51,487;278,339	790	1436647705
426,423;260,418;118,450	195,257;103,93;179,197	743	1436647710
2H3w5P336