137	L	0.0.0.0	1436646285
86,169;120,216;436,399	144,391;208,137;457,168	782	1436646402
86,78;211,107;147,483	300,72;222,477;113,110	474	1436646410
42,319;93,132;46,412	429,92;312,197;119,197	741	1436646419
321,361;415,193;224,237	321,361;415,193;224,237	0	1436646427
213,263;455,213;370,59	177,372;447,44;475,193	591	1436646436
280,308;219,21;355,351	311,180;66,426;446,166	280	1436646449
347,119;193,213;98,56	338,440;153,379;411,87	651	1436646460
347,119;193,213;98,56	482,237;484,385;84,336	649	1436646470
289,438;28,139;41,283	278,306;45,295;191,355	622	1436646478
428,58;228,125;188,159	389,313;399,101;423,455	672	1436646484
347,119;193,213;98,56	36,36;334,213;207,357	487	1436646492
282,28;485,294;58,277	181,303;226,54;67,287	373	1436646496
375,235;259,479;295,96	310,46;43,28;190,460	280	1436646505
69,196;136,162;276,240	122,216;143,226;403,171	670	1436646516
43,236;379,412;248,230	464,89;155,282;86,389	671	1436646536
348,115;438,274;26,142	335,398;408,247;11,251	424	1436646542
372,26;122,227;271,268	293,78;48,326;324,271	256	1436646552
467,325;395,451;455,277	438,337;192,213;234,57	412	1436646558
94,322;203,172;357,266	223,330;48,29;377,70	10	1436646565
490,171;176,107;107,269	150,22;417,16;374,391	163	1436646580
146,221;138,125;326,301	478,194;186,433;469,348	447	1436646584
437,93;387,370;47,32	82,96;144,152;331,15	609	1436646592
465,260;93,438;52,464	288,467;349,305;316,116	866	1436646597
426,423;260,418;118,450	403,183;427,238;210,458	968	1436646604
347,119;193,213;98,56	145,264;197,174;415,485	658	1436646610
76,358;489,417;96,438	12,484;455,250;349,195	345	1436646615
47,391;148,373;38,126	423,21;317,412;186,336	672	1436646621
196,412;444,339;304,208	471,57;76,353;53,84	615	1436646628
75,111;25,240;420,109	247,473;64,11;462,12	669	1436646660
61,109;258,190;228,198	452,149;204,239;14,338	1000	1436646675
428,58;228,125;188,159	117,368;38,179;103,251	760	1436646680
281,293;134,442;28,68	404,353;236,48;31,179	275	1436646685
140,140;43,80;177,404	174,252;20,363;267,50	662	1436646690
430,321;167,177;252,84	188,406;260,434;66,267	705	1436646696
306,47;106,440;353,462	192,490;132,31;347,136	94	1436646701
43,236;379,412;248,230	288,191;458,362;476,58	0	1436646707
440,73;266,296;53,430	488,237;436,297;207,45	1000	1436646713
446,65;265,475;471,56	318,48;140,293;180,264	387	1436646718
254,411;204,226;33,172	150,116;409,153;354,373	376	1436646728
486,420;466,135;48,26	414,257;126,184;344,133	653	1436646732
291,387;433,421;485,71	403,302;361,256;128,419	400	1436646738
89,154;125,240;275,406	302,435;293,485;171,170	648	1436646745
14,381;248,59;194,65	176,78;128,334;79,452	713	1436646750
38,239;100,347;184,173	330,368;424,476;23,430	166	1436646762
436,397;257,297;167,38	467,246;140,76;146,172	458	1436646768
254,421;291,307;450,150	84,358;417,247;53,405	601	1436646772
149,207;426,247;34,439	341,378;33,112;469,301	935	1436646777
451,398;119,210;123,346	143,68;129,305;62,86	293	1436646782
428,58;228,125;188,159	239,53;232,25;135,411	826	1436646787
168,131;359,372;118,236	39,373;376,27;481,125	178	1436646792
404,477;120,330;443,490	279,140;449,364;283,113	886	1436646800
361,351;363,67;427,305	328,208;294,442;101,305	645	1436646808
358,306;179,414;263,292	187,234;468,306;382,72	643	1436646813
154,238;467,70;310,310	113,235;377,127;105,73	151	1436646821
337,274;246,466;448,485	406,454;347,218;92,304	192	1436646827
306,23;165,490;189,173	226,489;440,88;380,246	741	1436646832
356,293;239,408;147,213	197,41;346,299;56,260	103	1436646837
319,130;223,482;312,429	377,296;367,159;362,459	855	1436646842
439,479;314,286;38,166	209,334;455,191;136,226	779	1436646848
267,411;246,224;350,129	234,84;303,160;102,402	711	1436646852
370,377;348,57;414,185	92,488;378,186;311,399	16	1436646857
289,168;87,464;57,220	172,31;395,82;24,404	704	1436646871
27,166;224,232;336,184	449,326;241,228;433,196	664	1436646876
263,179;237,450;150,92	422,84;51,321;483,264	673	1436646881
106,64;466,431;23,193	456,421;191,472;190,220	764	1436646886
154,238;467,70;310,310	54,20;312,481;275,70	103	1436646890
138,108;436,99;326,436	171,450;125,371;275,74	853	1436646895
106,64;466,431;23,193	296,233;366,53;34,59	731	1436646899
78,266;16,264;145,269	412,169;296,133;362,152	501	1436646914
44,216;18,283;221,415	306,259;16,156;377,76	704	1436646929
17,46;151,56;365,187	451,124;337,117;257,193	584	1436646934
367,14;142,80;418,272	432,332;86,278;351,146	81	1436646939
367,14;142,80;418,272	474,455;87,130;302,308	1000	1436646944
154,238;467,70;310,310	441,289;128,125;100,276	749	1436646948
32,236;276,402;350,90	459,333;160,23;41,350	139	1436646953
50,312;460,337;35,192	50,312;460,337;35,192	0	1436646959
149,207;426,247;34,439	416,110;246,196;124,25	813	1436646979
47,391;148,373;38,126	55,15;118,82;72,396	706	1436646984
387,278;60,469;402,475	363,323;485,275;37,405	940	1436646990
328,478;105,100;94,196	56,150;150,125;441,263	828	1436647010
309,341;144,310;36,277	90,422;220,481;439,146	979	1436647014
468,284;463,177;198,227	174,370;320,35;119,159	677	1436647020
419,40;334,89;211,353	52,367;363,174;336,125	774	1436647048
166,53;129,52;467,331	213,169;69,300;362,12	763	1436647053
27,166;224,232;336,184	316,178;310,226;381,240	737	1436647058
406,27;188,110;98,197	382,374;129,430;270,490	787	1436647067
418,212;397,247;228,452	265,375;440,86;250,393	967	1436647071
398,474;21,332;153,380	398,474;21,332;153,380	0	1436647077
20,66;211,36;419,422	97,132;161,481;269,190	341	1436647081
99,241;469,487;242,456	298,61;237,189;337,364	645	1436647086
259,12;379,60;30,391	259,12;379,60;30,391	50	1436647091
53,411;332,107;275,161	203,379;338,130;158,478	650	1436647096
281,214;418,373;400,139	93,476;363,460;361,132	659	1436647139
207,358;310,351;298,229	219,344;80,52;125,298	756	1436647155
358,176;450,27;11,430	181,171;484,489;31,125	719	1436647160
428,119;291,286;166,215	401,320;209,307;370,145	739	1436647165
157,134;260,433;105,251	341,172;45,346;266,205	975	1436647172
179,16;147,327;112,363	190,17;390,296;26,408	946	1436647186
116,433;141,31;68,124	193,435;288,70;276,184	913	1436647191
417,459;436,439;37,319	95,293;42,185;130,322	804	1436647196
266,417;349,433;185,171	432,217;45,58;303,467	832	1436647201
302,153;253,50;22,320	14,26;39,391;360,370	284	1436647205
288,255;363,115;201,424	101,285;64,310;319,15	996	1436647209
355,200;121,189;99,258	150,114;26,72;465,59	698	1436647214
75,116;182,268;414,353	456,140;38,177;301,423	847	1436647218
348,436;44,123;313,151	128,169;430,380;475,197	689	1436647223
43,236;379,412;248,230	294,258;469,379;215,250	369	1436647228
254,421;291,307;450,150	314,237;450,147;69,272	343	1436647233
165,353;21,269;375,230	313,399;158,380;326,104	262	1436647239
281,293;134,442;28,68	57,213;23,408;426,186	291	1436647243
296,184;155,486;241,445	35,415;324,258;429,159	797	1436647248
490,260;18,429;394,189	486,421;384,404;267,325	659	1436647253
211,46;114,86;343,332	301,218;469,450;231,20	817	1436647270
39,116;108,97;247,341	438,262;121,329;301,119	819	1436647276
76,358;489,417;96,438	304,349;452,146;392,378	203	1436647281
123,287;102,463;124,184	304,453;158,467;84,337	805	1436647288
436,397;257,297;167,38	392,309;156,415;90,152	382	1436647293
35,425;89,233;175,236	233,91;119,246;44,356	1000	1436647299
471,416;458,427;20,198	299,141;390,362;353,298	859	1436647307
76,358;489,417;96,438	114,58;223,125;45,359	668	1436647313
436,397;257,297;167,38	238,58;277,277;487,45	300	1436647318
328,478;105,100;94,196	80,427;321,274;162,486	816	1436647361
451,398;119,210;123,346	411,400;184,478;202,282	799	1436647430
165,353;21,269;375,230	197,198;242,156;389,285	751	1436647437
309,341;144,310;36,277	93,123;435,70;454,237	993	1436647444
426,423;260,418;118,450	469,211;229,81;453,232	836	1436647450
436,397;257,297;167,38	217,132;336,191;419,213	993	1436647455
187,192;263,30;40,425	71,279;49,278;302,173	951	1436647461
325,147;483,209;178,231	252,56;286,395;400,316	897	1436647469
328,478;105,100;94,196	325,411;121,52;246,217	916	1436647473
148,213;106,478;487,172	240,438;302,199;452,437	230	1436647481
472,215;100,255;419,377	292,85;298,332;400,34	766	1436647486
165,353;21,269;375,230	477,388;415,145;154,60	369	1436647491
106,469;369,199;423,248	12,155;372,479;236,67	690	1436647496
149,207;426,247;34,439	323,97;293,461;458,301	305	1436647504
377,461;330,21;102,90	26,121;392,308;320,38	210	1436647509
4H4t9L629