137	R	0.0.0.0	1436646372
86,169;120,216;436,399	144,391;208,137;457,168	751	1436646446
86,78;211,107;147,483	300,72;222,477;113,110	250	1436646452
42,319;93,132;46,412	429,92;312,197;119,197	486	1436646476
321,361;415,193;224,237	321,361;415,193;224,237	0	1436646481
213,263;455,213;370,59	177,372;447,44;475,193	414	1436646486
280,308;219,21;355,351	311,180;66,426;446,166	518	1436646491
67,215;473,407;217,122	464,311;452,37;149,224	429	1436646495
326,263;82,340;352,362	342,421;60,488;182,292	313	1436646501
339,445;166,419;314,454	384,214;452,111;427,186	141	1436646509
143,416;251,125;313,232	25,468;286,218;141,197	155	1436646517
165,353;21,269;375,230	477,388;415,145;154,60	719	1436646523
334,455;189,415;255,165	440,175;477,202;40,74	1000	1436646529
328,478;105,100;94,196	463,420;62,94;128,201	225	1436646534
257,468;429,144;181,111	255,412;252,348;405,55	943	1436646540
106,64;466,431;23,193	117,336;100,35;87,161	1000	1436646545
121,490;261,396;139,123	203,331;188,476;425,239	369	1436646551
361,351;363,67;427,305	445,417;66,446;452,38	875	1436646555
413,36;359,63;226,311	103,487;450,73;299,109	753	1436646565
200,326;272,200;19,224	127,55;199,312;398,393	776	1436646569
137,148;480,110;212,50	381,328;161,158;179,335	693	1436646574
198,48;410,471;54,117	177,101;182,173;402,162	842	1436646598
426,423;260,418;118,450	408,353;127,61;485,357	755	1436646604
236,231;229,482;319,77	26,316;365,269;125,263	751	1436646610
94,322;203,172;357,266	432,177;142,406;134,51	761	1436646614
44,216;18,283;221,415	306,259;16,156;377,76	767	1436646618
47,391;148,373;38,126	101,373;133,338;336,417	437	1436646623
44,216;18,283;221,415	25,329;280,49;228,166	450	1436646627
433,332;210,192;446,14	271,215;106,381;344,340	549	1436646634
391,41;216,359;395,193	413,241;490,469;84,37	663	1436646642
398,474;21,332;153,380	398,474;21,332;153,380	3	1436646663
254,421;291,307;450,150	312,469;290,23;248,36	608	1436646668
256,408;314,170;433,38	344,54;315,348;147,297	455	1436646674
131,240;276,317;442,73	478,387;470,97;33,263	344	1436646679
434,46;256,333;263,59	432,196;183,220;408,450	345	1436646690
410,21;23,131;384,198	213,429;250,188;368,488	219	1436646698
483,212;133,59;270,165	109,391;396,333;417,67	593	1436646704
99,367;49,169;405,448	379,466;97,268;358,274	338	1436646712
302,153;253,50;22,320	39,109;253,54;148,463	502	1436646724
428,449;56,262;217,474	158,479;263,219;299,315	401	1436646731
431,305;150,332;312,23	472,185;235,118;68,453	427	1436646737
196,412;444,339;304,208	170,368;490,45;59,12	630	1436646743
302,153;253,50;22,320	121,129;271,29;345,353	374	1436646781
317,27;349,63;431,383	232,370;153,52;443,252	690	1436646787
379,367;389,486;438,450	330,300;289,61;489,109	781	1436646807
35,425;89,233;175,236	484,395;14,138;127,421	768	1436646814
340,30;42,217;206,132	139,215;37,189;241,415	817	1436646820
309,341;144,310;36,277	92,419;277,129;315,93	209	1436646825
94,322;203,172;357,266	188,24;233,424;85,475	677	1436646831
437,319;434,366;263,222	195,195;63,471;200,101	329	1436646837
27,166;224,232;336,184	232,435;412,24;388,282	216	1436646842
239,184;19,250;15,201	478,22;451,212;215,312	655	1436646848
385,164;279,192;104,441	300,44;212,307;385,442	632	1436646856
156,133;327,22;187,112	69,270;189,60;70,348	471	1436646862
236,141;360,287;97,263	180,440;464,397;23,395	354	1436646867
76,347;113,369;99,460	134,438;180,115;144,283	609	1436646871
130,163;253,239;399,287	421,419;133,478;398,242	558	1436646876
78,266;16,264;145,269	412,169;296,133;362,152	45	1436646880
231,387;25,178;159,249	258,391;22,392;160,210	491	1436646885
347,119;193,213;98,56	372,385;331,413;106,131	441	1436646889
412,220;63,341;362,41	244,342;447,153;325,230	619	1436646901
402,345;451,373;171,400	161,276;426,73;94,295	458	1436646906
264,426;482,179;18,329	174,329;253,295;478,368	632	1436646916
13,411;101,153;108,87	232,482;259,369;62,30	346	1436646921
305,104;59,376;250,409	438,169;219,69;386,479	65	1436646925
144,344;317,329;74,72	87,90;425,298;269,429	141	1436646930
434,46;256,333;263,59	447,300;225,129;103,99	541	1436646933
264,426;482,179;18,329	132,25;44,330;261,229	134	1436646938
77,378;218,284;101,337	425,81;82,123;70,144	614	1436646942
323,49;351,327;93,154	447,297;290,60;33,292	0	1436646947
148,196;103,91;115,470	388,45;272,68;17,87	721	1436646951
65,176;422,68;95,428	319,201;118,94;77,325	570	1436646956
77,378;218,284;101,337	367,347;275,14;199,42	534	1436646960
260,215;464,485;209,59	417,288;465,445;162,198	578	1436646974
165,353;21,269;375,230	365,141;163,185;37,95	235	1436646980
215,192;480,472;474,272	446,53;272,484;12,283	598	1436646985
415,283;266,420;180,301	16,171;442,186;377,23	616	1436646991
27,166;224,232;336,184	316,178;310,226;381,240	913	1436647006
196,412;444,339;304,208	201,318;163,70;474,282	213	1436647012
138,108;436,99;326,436	171,450;125,371;275,74	662	1436647024
348,115;438,274;26,142	427,389;309,159;246,262	234	1436647034
343,437;278,351;412,243	218,121;48,337;331,345	648	1436647039
79,322;231,470;128,33	16,488;395,435;54,177	383	1436647047
148,272;164,108;103,201	173,13;140,13;25,100	749	1436647053
70,177;108,411;342,128	363,482;480,149;124,25	240	1436647058
84,326;485,334;433,124	94,12;402,322;300,50	407	1436647064
149,472;373,24;339,29	97,321;57,276;126,36	580	1436647069
58,428;333,111;252,234	220,315;117,416;158,387	744	1436647076
14,381;248,59;194,65	199,19;60,15;250,358	346	1436647083
430,384;413,207;234,269	124,334;53,322;322,445	683	1436647089
428,58;228,125;188,159	427,313;380,250;251,21	394	1436647106
67,215;473,407;217,122	433,348;26,355;356,298	460	1436647112
259,188;370,226;309,311	149,489;39,96;338,275	935	1436647118
364,32;62,161;383,238	119,62;373,207;152,268	144	1436647122
16,394;451,86;303,220	232,325;114,469;337,42	292	1436647126
237,152;242,200;252,74	110,73;321,127;375,162	602	1436647130
279,62;109,340;350,198	162,337;25,24;114,127	474	1436647135
165,353;21,269;375,230	68,99;253,233;73,309	227	1436647139
215,64;319,329;141,217	365,238;110,101;183,462	398	1436647145
238,224;430,459;354,20	222,61;94,426;439,408	239	1436647150
264,310;469,115;174,230	359,93;483,418;329,425	224	1436647154
17,46;151,56;365,187	384,395;52,357;209,389	480	1436647158
331,59;98,201;91,149	297,426;384,314;116,88	664	1436647162
367,14;142,80;418,272	72,300;382,232;152,73	218	1436647167
128,134;191,366;483,63	183,349;92,137;435,32	175	1436647171
288,255;363,115;201,424	101,285;64,310;319,15	742	1436647176
32,236;276,402;350,90	459,333;160,23;41,350	186	1436647670
436,397;257,297;167,38	188,179;126,406;37,85	575	1436647676
187,170;300,450;229,158	429,255;399,90;412,381	633	1436647683
237,152;242,200;252,74	366,271;477,180;246,285	326	1436647690
76,347;113,369;99,460	34,403;303,318;152,152	605	1436647699
451,398;119,210;123,346	368,123;366,182;12,15	367	1436647704
106,64;466,431;23,193	464,350;118,300;225,399	644	1436647710
69,152;201,28;484,436	395,222;488,16;67,120	255	1436647715
50,312;460,337;35,192	50,312;460,337;35,192	160	1436647722
434,42;258,218;447,313	153,160;178,375;46,188	348	1436647727
257,435;197,77;148,186	111,239;177,162;386,54	637	1436647733
480,200;18,58;163,93	44,250;44,450;237,314	998	1436647739
253,29;278,316;281,393	206,467;208,358;237,87	186	1436647748
391,344;151,416;294,374	269,233;475,416;460,456	350	1436647754
27,166;224,232;336,184	449,326;241,228;433,196	269	1436647760
358,347;108,41;252,466	115,222;317,263;361,121	668	1436647766
259,12;379,60;30,391	259,12;379,60;30,391	108	1436647773
61,109;258,190;228,198	452,149;204,239;14,338	660	1436647779
43,236;379,412;248,230	354,385;422,220;64,319	132	1436647785
355,390;43,45;232,436	362,266;231,46;414,215	246	1436647793
324,14;418,79;322,368	485,29;306,63;71,275	256	1436647799
470,451;231,357;446,322	285,307;104,25;74,278	256	1436647805
472,215;100,255;419,377	452,116;233,398;149,192	145	1436647810
83,486;84,230;32,399	243,416;388,300;221,291	681	1436647816
426,423;260,418;118,450	469,211;229,81;453,232	364	1436647822
196,412;444,339;304,208	449,163;218,413;402,77	414	1436647826
254,421;291,307;450,150	256,285;202,395;15,420	701	1436647830
307,19;466,113;431,378	382,34;278,420;275,148	215	1436647834
106,64;466,431;23,193	78,463;33,465;429,236	795	1436647838
181,424;87,380;207,148	180,433;291,178;276,241	691	1436647842
430,321;167,177;252,84	389,487;144,440;294,248	250	1436647847
3C4w5K277