136	R	0.0.0.0	1436646667
86,169;120,216;436,399	144,391;208,137;457,168	993	1436646744
86,78;211,107;147,483	300,72;222,477;113,110	142	1436646752
42,319;93,132;46,412	429,92;312,197;119,197	625	1436646756
321,361;415,193;224,237	321,361;415,193;224,237	2	1436646762
213,263;455,213;370,59	177,372;447,44;475,193	443	1436646768
280,308;219,21;355,351	311,180;66,426;446,166	170	1436646773
35,425;89,233;175,236	14,432;440,77;406,273	876	1436646778
429,135;424,178;288,358	67,190;450,359;467,354	83	1436646783
185,130;303,432;425,447	327,157;310,16;166,401	8	1436646788
391,41;216,359;395,193	276,22;134,384;292,152	180	1436646795
83,486;84,230;32,399	83,359;370,412;268,322	266	1436646800
163,62;52,204;431,228	281,331;241,489;389,137	752	1436646804
367,14;142,80;418,272	116,365;414,272;370,108	242	1436646809
21,312;285,334;390,71	154,262;388,252;320,95	616	1436646815
384,427;77,88;75,287	489,297;411,369;108,206	344	1436646825
428,58;228,125;188,159	339,115;68,325;454,126	586	1436646830
44,216;18,283;221,415	325,65;249,391;164,231	601	1436646835
76,358;489,417;96,438	268,394;192,362;340,27	390	1436646840
428,58;228,125;188,159	309,415;211,281;42,118	461	1436646845
240,238;360,178;247,456	230,412;304,361;396,325	682	1436646850
307,219;449,393;84,274	209,212;362,294;120,87	655	1436646855
77,378;218,284;101,337	236,153;377,446;284,152	891	1436646860
210,360;436,33;381,23	206,113;177,362;187,165	652	1436646866
348,115;438,274;26,142	294,261;414,466;84,395	370	1436646871
77,378;218,284;101,337	48,360;209,335;312,375	352	1436646876
343,382;307,38;171,63	433,69;190,327;77,422	908	1436646881
370,434;188,334;212,161	247,441;133,135;77,446	275	1436646886
99,276;44,352;63,461	124,230;180,247;47,449	525	1436646891
145,40;448,381;312,31	402,84;89,451;307,229	897	1436646896
47,391;148,373;38,126	461,480;53,384;60,153	410	1436646901
132,462;348,313;185,356	71,150;466,397;371,219	661	1436646907
14,381;248,59;194,65	428,16;25,366;392,271	638	1436646917
75,11;396,474;302,294	263,287;26,301;77,376	999	1436646923
20,183;330,410;103,216	312,144;477,294;381,171	418	1436646928
451,398;119,210;123,346	233,281;156,313;198,222	731	1436646933
348,101;67,161;463,403	317,487;71,165;334,274	199	1436646938
27,166;224,232;336,184	64,151;246,239;426,312	796	1436646943
148,101;266,78;165,328	168,320;164,298;454,88	772	1436646949
27,166;224,232;336,184	254,20;367,462;471,82	304	1436646954
95,19;170,215;33,180	418,200;319,324;75,475	722	1436646960
380,127;372,382;383,156	251,180;321,388;223,259	957	1436646966
309,341;144,310;36,277	31,466;159,317;78,383	348	1436646971
44,216;18,283;221,415	431,182;311,399;152,448	383	1436646976
335,49;222,158;461,361	428,477;354,386;94,266	381	1436646981
63,441;208,274;278,164	216,200;335,399;158,29	101	1436646985
157,110;444,484;444,151	280,50;239,358;404,178	316	1436646990
50,312;460,337;35,192	50,312;460,337;35,192	166	1436646996
108,19;314,159;441,300	469,115;213,146;142,144	316	1436647002
481,440;192,366;278,309	154,420;343,225;238,361	396	1436647006
347,465;436,31;226,388	152,280;176,363;218,447	705	1436647011
395,234;149,230;427,120	114,161;387,479;83,294	356	1436647016
43,236;379,412;248,230	133,441;76,201;444,105	212	1436647021
480,200;18,58;163,93	29,188;14,85;141,76	980	1436647025
152,223;50,447;435,158	483,212;372,464;38,419	418	1436647030
405,51;42,418;477,224	477,149;392,328;23,238	215	1436647034
27,166;224,232;336,184	148,312;28,16;350,450	380	1436647041
472,215;100,255;419,377	329,180;355,399;421,462	569	1436647047
215,192;480,472;474,272	379,179;178,18;238,296	227	1436647051
302,153;253,50;22,320	158,178;361,425;473,157	348	1436647056
214,214;351,50;32,123	13,136;324,97;397,160	290	1436647061
428,58;228,125;188,159	140,31;382,302;200,71	495	1436647066
44,216;18,283;221,415	392,35;399,227;435,238	254	1436647090
215,173;72,323;147,336	359,456;489,42;310,466	916	1436647096
346,199;75,473;477,351	147,200;283,61;357,403	320	1436647101
347,119;193,213;98,56	61,430;76,336;243,121	647	1436647404
102,118;102,245;165,280	389,309;281,369;315,414	189	1436647409
77,378;218,284;101,337	55,122;111,322;240,415	630	1436647413
296,440;164,242;381,391	179,126;364,253;307,386	211	1436647418
249,205;288,147;189,365	262,224;346,225;421,13	411	1436647423
347,119;193,213;98,56	50,326;66,32;358,431	457	1436647427
437,93;387,370;47,32	82,96;144,152;331,15	588	1436647432
83,486;84,230;32,399	107,460;397,79;209,402	405	1436647436
165,353;21,269;375,230	348,478;69,193;183,338	795	1436647441
340,30;42,217;206,132	139,215;37,189;241,415	692	1436647445
288,255;363,115;201,424	299,20;461,169;234,38	802	1436647451
288,255;363,115;201,424	218,147;238,86;159,281	71	1436647455
265,372;156,399;97,287	76,140;119,257;314,411	601	1436647460
14,381;248,59;194,65	312,291;24,179;457,250	359	1436647464
101,322;357,102;364,92	297,436;139,126;156,184	148	1436647469
154,238;467,70;310,310	54,20;312,481;275,70	156	1436647474
14,381;248,59;194,65	364,267;191,448;379,208	278	1436647478
426,423;260,418;118,450	76,100;136,375;102,250	191	1436647483
446,202;317,202;490,290	307,365;347,374;46,128	470	1436647488
412,220;63,341;362,41	244,342;447,153;325,230	402	1436647492
88,185;487,350;477,471	468,54;43,405;23,337	120	1436647497
106,64;466,431;23,193	401,365;188,320;286,300	717	1436647501
305,20;237,116;138,327	389,412;292,221;374,365	416	1436647506
434,46;256,333;263,59	180,383;309,426;474,70	304	1436647511
106,64;466,431;23,193	117,336;100,35;87,161	562	1436647515
95,121;198,52;123,90	181,108;330,332;28,147	465	1436647520
486,420;466,135;48,26	59,103;302,370;395,224	337	1436647525
215,192;480,472;474,272	270,411;148,110;448,265	231	1436647529
472,215;100,255;419,377	444,273;422,136;338,477	437	1436647534
94,322;203,172;357,266	58,219;257,93;165,336	193	1436647539
451,398;119,210;123,346	256,183;382,183;160,319	484	1436647543
398,474;21,332;153,380	398,474;21,332;153,380	0	1436647548
293,181;277,233;96,273	247,176;215,64;399,292	309	1436647553
237,152;242,200;252,74	96,331;447,95;152,292	281	1436647558
345,339;402,219;47,72	372,67;312,128;262,55	603	1436647562
215,192;480,472;474,272	38,131;115,358;248,480	348	1436647567
237,152;242,200;252,74	242,308;28,427;15,422	280	1436647571
340,30;42,217;206,132	44,233;250,145;227,38	163	1436647576
149,207;426,247;34,439	323,97;293,461;458,301	110	1436647581
56,352;230,393;458,87	194,229;403,262;171,348	374	1436647585
163,62;52,204;431,228	322,454;40,462;299,44	264	1436647589
215,192;480,472;474,272	36,85;452,267;348,397	168	1436647594
127,351;154,223;338,151	148,85;165,467;139,265	404	1436647599
302,153;253,50;22,320	354,325;148,342;73,31	294	1436647604
14,295;274,190;417,65	64,18;430,190;162,216	188	1436647608
75,214;33,260;449,416	369,17;404,392;481,289	134	1436647613
14,381;248,59;194,65	271,335;36,87;475,470	209	1436647618
59,402;160,133;234,302	378,396;446,222;482,369	261	1436647623
252,19;102,121;202,293	485,101;431,411;120,158	282	1436647627
94,73;238,249;482,62	59,295;132,344;353,138	365	1436647632
273,194;367,139;199,77	443,423;414,64;207,178	440	1436647637
47,391;148,373;38,126	395,238;316,48;165,402	161	1436647643
181,181;466,80;52,328	61,124;63,350;150,88	607	1436647650
42,406;237,425;223,115	313,231;445,339;436,275	643	1436647656
473,418;475,388;112,379	455,367;28,321;449,453	343	1436647662
430,321;167,177;252,84	146,264;204,196;308,430	145	1436647679
441,100;406,185;394,397	320,50;256,279;341,136	400	1436647683
76,358;489,417;96,438	192,462;415,144;228,367	297	1436647688
89,383;336,248;463,374	350,309;323,54;245,196	370	1436647692
486,420;466,135;48,26	129,199;112,79;199,292	690	1436647697
469,99;241,464;423,183	252,375;404,40;104,58	954	1436647702
361,351;363,67;427,305	424,169;58,354;43,396	414	1436647707
47,235;395,273;181,369	137,133;168,422;334,209	116	1436647712
215,192;480,472;474,272	476,379;317,83;278,292	253	1436647717
115,72;67,147;76,253	172,302;218,210;289,238	184	1436647721
299,87;198,274;274,328	414,261;391,172;183,337	56	1436647727
14,440;458,64;361,20	343,488;156,207;238,222	332	1436647732
259,12;379,60;30,391	259,12;379,60;30,391	36	1436647737
89,154;125,240;275,406	211,252;214,228;381,485	145	1436647742
166,33;342,113;400,441	477,424;146,319;314,473	432	1436647747
149,207;426,247;34,439	186,20;268,211;287,67	626	1436647752
3D4y5M874