137	L	0.0.0.0	1436653615
86,169;120,216;436,399	144,391;208,137;457,168	860	1436653751
86,78;211,107;147,483	300,72;222,477;113,110	109	1436653763
42,319;93,132;46,412	429,92;312,197;119,197	305	1436653802
321,361;415,193;224,237	321,361;415,193;224,237	0	1436653810
213,263;455,213;370,59	177,372;447,44;475,193	403	1436653828
280,308;219,21;355,351	311,180;66,426;446,166	96	1436653835
115,72;67,147;76,253	292,131;206,103;468,276	333	1436653841
451,398;119,210;123,346	94,52;344,367;297,234	279	1436653847
140,445;339,480;74,382	365,29;67,252;128,347	514	1436653853
43,236;379,412;248,230	354,385;422,220;64,319	100	1436653873
436,397;257,297;167,38	392,309;156,415;90,152	161	1436653899
328,478;105,100;94,196	283,424;398,231;457,116	490	1436653906
412,340;245,260;95,76	329,186;251,20;411,208	454	1436653912
34,479;326,155;36,366	417,459;149,258;103,53	477	1436653917
17,46;151,56;365,187	436,362;286,239;314,377	570	1436653923
237,152;242,200;252,74	331,81;449,429;416,181	608	1436653929
351,157;47,103;256,88	315,436;452,290;419,203	110	1436653935
434,46;256,333;263,59	167,112;483,175;97,247	297	1436653940
89,154;125,240;275,406	392,49;15,78;466,120	576	1436653946
436,397;257,297;167,38	247,252;190,289;71,442	624	1436653953
47,391;148,373;38,126	472,236;439,26;153,198	582	1436653962
149,207;426,247;34,439	38,89;214,163;123,436	184	1436653979
54,357;250,374;174,378	417,450;446,472;95,69	684	1436653984
467,60;162,140;412,469	49,445;24,259;248,304	441	1436653989
480,204;401,305;451,38	435,270;94,74;279,63	401	1436653994
94,322;203,172;357,266	483,421;108,268;103,322	489	1436654000
391,41;216,359;395,193	28,89;377,167;33,212	362	1436654005
43,370;94,390;461,448	370,198;312,235;389,158	694	1436654015
239,184;19,250;15,201	478,22;451,212;215,312	466	1436654029
106,64;466,431;23,193	296,233;366,53;34,59	624	1436654061
35,425;89,233;175,236	197,258;450,389;152,164	557	1436654078
176,459;112,57;358,106	45,425;33,479;286,135	448	1436654082
166,179;488,165;217,120	295,68;31,85;426,336	557	1436654092
321,302;40,75;448,313	283,231;177,28;352,442	511	1436654098
451,398;119,210;123,346	238,436;85,456;111,61	436	1436654103
68,282;389,465;290,59	408,406;348,456;390,142	542	1436654113
347,119;193,213;98,56	12,136;325,324;17,423	666	1436654119
207,358;310,351;298,229	219,344;80,52;125,298	671	1436654124
302,267;488,260;93,133	65,303;198,385;16,229	640	1436654131
62,289;23,41;282,340	470,117;350,108;418,357	417	1436654136
17,46;151,56;365,187	162,125;422,255;29,256	401	1436654141
136,478;413,73;314,465	173,367;81,341;39,87	387	1436654146
102,293;336,237;371,154	257,268;33,217;330,83	599	1436654153
436,397;257,297;167,38	107,70;311,122;359,458	377	1436654159
428,58;228,125;188,159	76,329;188,379;147,416	405	1436654200
361,351;363,67;427,305	220,203;133,16;406,309	221	1436654206
115,72;67,147;76,253	186,212;54,48;355,365	500	1436654215
57,110;252,318;284,70	104,252;33,341;204,102	622	1436654220
83,486;84,230;32,399	186,217;213,461;235,280	532	1436654225
120,474;143,446;38,203	411,69;124,298;244,424	685	1436654230
278,130;18,481;486,49	222,21;141,194;27,399	621	1436654236
242,12;127,31;373,156	91,34;248,260;460,393	573	1436654242
169,488;480,342;209,212	353,425;465,429;248,125	558	1436654247
434,46;256,333;263,59	49,175;305,94;420,471	572	1436654253
136,446;210,186;172,266	403,264;304,105;472,248	517	1436654260
89,154;125,240;275,406	190,42;244,176;441,479	255	1436654265
148,244;350,105;386,184	146,337;390,410;223,322	263	1436654269
84,95;168,25;195,325	288,366;96,284;480,234	241	1436654275
236,128;384,60;407,204	54,381;14,102;440,432	639	1436654283
86,258;40,66;466,346	416,326;22,157;476,430	443	1436654291
376,77;302,284;482,353	271,454;60,350;414,356	509	1436654296
361,351;363,67;427,305	335,63;182,298;85,207	476	1436654302
259,12;379,60;30,391	259,12;379,60;30,391	160	1436654308
398,474;21,332;153,380	398,474;21,332;153,380	0	1436654314
447,350;223,20;162,482	441,425;59,262;24,37	506	1436654319
27,166;224,232;336,184	280,409;187,89;207,174	718	1436654332
386,280;34,158;298,448	82,443;359,14;194,246	658	1436654337
149,207;426,247;34,439	194,385;415,389;28,37	316	1436654343
14,351;59,413;239,433	321,278;333,461;380,30	644	1436654348
36,339;189,422;52,125	215,211;354,473;474,203	638	1436654354
264,426;482,179;18,329	486,450;408,32;52,374	589	1436654360
43,236;379,412;248,230	464,89;155,282;86,389	577	1436654365
302,344;82,161;228,294	65,103;381,422;256,225	652	1436654371
389,482;441,156;461,339	329,475;269,285;277,434	635	1436654377
83,486;84,230;32,399	281,197;48,409;281,240	480	1436654383
340,30;42,217;206,132	164,189;387,473;180,169	547	1436654388
14,191;415,145;186,367	436,448;402,59;470,338	576	1436654394
17,46;151,56;365,187	120,465;247,323;490,300	446	1436654399
165,353;21,269;375,230	287,81;243,411;390,445	442	1436654405
44,216;18,283;221,415	54,472;372,422;286,89	623	1436654411
328,478;105,100;94,196	48,250;333,219;402,214	639	1436654417
347,119;193,213;98,56	32,64;144,296;377,326	591	1436654430
77,378;218,284;101,337	406,250;366,260;444,118	310	1436654437
148,213;106,478;487,172	240,438;302,199;452,437	592	1436654442
35,425;89,233;175,236	429,145;187,116;74,336	662	1436654452
152,382;108,173;343,487	376,139;108,70;64,292	681	1436654458
120,421;472,311;267,13	477,266;313,294;267,467	681	1436654463
154,238;467,70;310,310	399,150;288,289;27,353	661	1436654470
437,74;199,417;94,277	211,386;455,481;50,40	340	1436654475
434,46;256,333;263,59	456,387;439,242;353,396	707	1436654482
340,383;182,282;34,79	57,359;448,26;122,239	687	1436654492
50,312;460,337;35,192	50,312;460,337;35,192	0	1436654500
338,343;360,446;54,234	175,370;271,397;277,409	707	1436654505
215,192;480,472;474,272	179,229;451,249;222,43	226	1436654511
44,216;18,283;221,415	438,40;152,24;261,194	547	1436654516
165,353;21,269;375,230	81,352;373,489;319,285	613	1436654522
45,151;305,204;352,116	469,212;115,99;377,402	692	1436654528
86,457;384,351;368,244	171,345;106,52;319,134	656	1436654535
32,236;276,402;350,90	459,333;160,23;41,350	686	1436654540
457,300;287,284;452,148	256,63;290,452;129,110	612	1436654550
100,341;330,312;357,345	215,317;85,336;73,299	631	1436654556
274,166;363,356;11,444	322,484;381,29;206,191	361	1436654569
346,138;317,230;462,341	100,208;317,267;483,250	651	1436654578
40,488;398,229;233,412	285,384;291,90;268,187	611	1436654583
453,248;406,252;487,119	289,24;388,170;265,103	235	1436654589
89,154;125,240;275,406	466,24;397,444;481,27	566	1436654594
157,134;260,433;105,251	341,172;45,346;266,205	548	1436654599
157,434;344,194;26,489	58,58;29,71;227,476	458	1436654603
391,41;216,359;395,193	295,459;67,363;25,318	461	1436654608
154,238;467,70;310,310	21,280;357,68;284,308	351	1436654623
456,105;124,355;363,90	488,57;31,435;114,411	419	1436654629
447,454;173,308;101,236	386,50;391,220;150,164	728	1436654636
282,28;485,294;58,277	181,303;226,54;67,287	704	1436654640
340,30;42,217;206,132	381,48;470,151;309,420	587	1436654645
485,183;350,205;317,228	314,360;259,150;232,297	559	1436654651
312,423;145,130;100,326	456,205;301,154;94,200	617	1436654657
434,46;256,333;263,59	337,54;27,121;399,317	324	1436654662
320,418;228,280;13,41	153,373;477,330;289,71	774	1436654667
418,107;13,124;193,105	391,186;427,403;412,124	307	1436654673
147,359;456,24;487,165	254,211;393,401;118,307	408	1436654679
67,215;473,407;217,122	135,98;333,403;224,473	227	1436654684
95,473;396,76;98,68	141,87;489,421;219,437	590	1436654695
455,460;200,267;348,322	212,490;364,191;448,193	634	1436654701
214,348;103,241;313,155	237,432;137,280;472,87	646	1436654706
67,215;473,407;217,122	26,58;79,270;230,130	677	1436654711
434,46;256,333;263,59	330,244;51,373;204,212	669	1436654716
35,425;89,233;175,236	378,327;244,378;31,189	401	1436654722
437,319;434,366;263,222	372,444;430,380;301,346	411	1436654732
361,351;363,67;427,305	404,337;419,464;157,189	223	1436654737
374,270;310,141;204,214	243,243;289,349;420,113	383	1436654743
99,128;43,391;145,125	287,159;307,208;415,212	582	1436654767
115,72;67,147;76,253	362,259;333,241;426,113	540	1436654774
150,440;434,194;117,390	225,26;135,153;200,168	790	1436654778
439,479;152,317;160,243	111,77;304,437;262,98	631	1436654783
163,62;52,204;431,228	162,466;252,98;17,105	352	1436654792
373,253;316,203;185,435	110,83;147,464;124,448	598	1436654797
4B6z7K621