136	L	0.0.0.0	1436655315
86,169;120,216;436,399	144,391;208,137;457,168	1000	1436655442
86,78;211,107;147,483	300,72;222,477;113,110	112	1436655468
42,319;93,132;46,412	429,92;312,197;119,197	851	1436655508
321,361;415,193;224,237	321,361;415,193;224,237	0	1436655535
213,263;455,213;370,59	177,372;447,44;475,193	566	1436655595
280,308;219,21;355,351	311,180;66,426;446,166	134	1436655619
136,478;413,73;314,465	173,367;81,341;39,87	75	1436655651
31,293;346,471;175,27	129,77;87,437;30,16	771	1436655664
302,267;488,260;93,133	65,303;198,385;16,229	685	1436655721
415,283;266,420;180,301	16,171;442,186;377,23	336	1436655745
106,64;466,431;23,193	303,173;234,435;216,269	747	1436655775
328,478;105,100;94,196	294,65;231,404;341,38	915	1436655795
172,474;160,197;320,27	137,484;354,199;247,280	420	1436655810
14,381;248,59;194,65	281,22;334,21;231,143	818	1436655819
133,101;295,433;131,252	378,96;282,317;21,404	737	1436655856
79,322;231,470;128,33	16,488;395,435;54,177	793	1436655918
117,234;296,410;462,435	22,179;13,319;15,166	1000	1436655938
437,319;434,366;263,222	186,298;306,383;136,197	608	1436655973
143,253;192,483;17,377	205,466;392,63;67,64	589	1436655990
51,321;263,278;427,390	411,127;101,190;402,367	778	1436655999
44,216;18,283;221,415	168,269;218,280;160,455	417	1436656013
348,115;438,274;26,142	365,424;425,49;304,424	827	1436656022
234,181;321,434;385,464	72,144;257,453;34,144	830	1436656037
35,425;89,233;175,236	199,360;179,12;141,298	755	1436656049
237,152;242,200;252,74	168,100;153,216;65,190	957	1436656065
16,394;451,86;303,220	232,325;114,469;337,42	625	1436656083
35,425;89,233;175,236	342,19;66,443;72,260	427	1436656093
436,397;257,297;167,38	236,52;253,110;232,85	721	1436656100
259,12;379,60;30,391	259,12;379,60;30,391	0	1436656110
395,167;482,252;486,99	226,373;460,484;305,465	814	1436656118
17,287;22,259;370,116	328,387;489,214;127,187	792	1436656129
45,207;271,107;137,108	361,442;316,336;126,252	749	1436656140
174,291;245,316;443,222	357,150;370,63;45,428	682	1436656186
196,412;444,339;304,208	104,202;134,48;346,172	338	1436656194
437,319;434,366;263,222	38,265;63,229;168,153	630	1436656200
94,485;32,200;406,243	332,381;269,125;217,368	730	1436656214
115,72;67,147;76,253	375,25;475,91;343,137	766	1436656278
281,293;134,442;28,68	45,315;211,377;356,247	390	1436656290
83,486;84,230;32,399	185,93;78,178;241,75	860	1436656307
215,192;480,472;474,272	189,58;316,484;21,485	569	1436656323
264,426;482,179;18,329	130,86;440,186;292,319	603	1436656336
27,166;224,232;336,184	119,314;108,269;367,390	737	1436656344
123,16;245,433;427,46	202,483;15,268;44,271	1000	1436656352
252,111;192,53;387,347	465,50;228,434;170,40	1000	1436656366
273,108;55,449;177,344	116,456;113,31;218,109	163	1436656404
208,399;371,118;215,40	48,276;251,99;273,432	596	1436656414
455,167;384,95;111,429	322,184;20,266;371,38	610	1436656431
328,478;105,100;94,196	457,117;126,311;430,413	735	1436656441
65,176;422,68;95,428	319,201;118,94;77,325	565	1436656463
315,349;239,69;118,324	273,296;197,156;270,450	919	1436656472
302,153;253,50;22,320	200,47;455,62;273,304	733	1436656485
451,398;119,210;123,346	332,432;408,313;98,42	641	1436656494
23,28;369,459;24,30	26,394;14,141;176,167	1000	1436656502
410,294;414,147;241,23	226,74;436,118;266,28	416	1436656516
465,260;93,438;52,464	288,467;349,305;316,116	982	1436656524
165,353;21,269;375,230	81,352;373,489;319,285	551	1436656551
163,62;52,204;431,228	94,41;480,103;440,219	690	1436656557
35,425;89,233;175,236	383,275;319,436;219,286	601	1436656607
213,68;66,331;300,78	467,140;332,112;18,302	410	1436656628
363,136;200,405;255,458	168,176;292,273;88,78	811	1436656648
254,421;291,307;450,150	298,213;426,403;207,41	934	1436656666
275,65;445,195;450,364	346,203;475,472;84,252	444	1436656688
83,486;84,230;32,399	251,142;384,335;442,278	589	1436656699
168,131;359,372;118,236	39,373;376,27;481,125	713	1436656710
50,312;460,337;35,192	50,312;460,337;35,192	0	1436656727
340,30;42,217;206,132	438,48;307,474;419,357	958	1436656733
194,153;200,127;484,25	286,488;163,153;304,480	83	1436656746
111,81;245,377;443,191	60,406;315,13;324,334	568	1436656753
254,421;291,307;450,150	312,469;290,23;248,36	697	1436656758
178,99;11,313;378,48	468,200;186,433;485,423	854	1436656767
56,410;235,188;70,347	194,167;152,168;472,479	677	1436656782
76,347;113,369;99,460	111,121;187,42;247,123	545	1436656815
472,215;100,255;419,377	135,188;490,359;384,52	403	1436656822
312,344;478,390;191,459	163,268;212,449;221,251	589	1436656829
237,438;63,255;451,190	154,247;153,24;408,304	680	1436656835
288,255;363,115;201,424	389,285;367,194;439,431	255	1436656845
154,238;467,70;310,310	83,275;124,326;314,114	527	1436656852
426,423;260,418;118,450	195,257;103,93;179,197	319	1436656862
38,204;164,211;288,406	451,301;306,319;205,340	975	1436656886
196,412;444,339;304,208	210,295;357,401;244,242	631	1436656894
340,30;42,217;206,132	139,215;37,189;241,415	879	1436656898
83,486;84,230;32,399	251,47;44,52;85,256	631	1436656906
410,235;398,381;253,180	177,219;72,100;489,183	634	1436656933
446,23;121,226;429,38	140,113;222,321;223,324	101	1436656938
402,117;287,244;402,124	241,89;225,14;192,25	223	1436656945
434,46;256,333;263,59	328,78;358,397;455,363	615	1436656951
132,462;348,313;185,356	71,150;466,397;371,219	234	1436656961
166,33;342,113;400,441	477,424;146,319;314,473	408	1436656971
323,109;284,17;198,117	93,247;407,318;459,177	507	1436656997
354,100;139,176;44,88	166,187;220,339;173,148	863	1436657017
330,440;137,289;287,176	454,235;282,114;70,250	551	1436657046
302,153;253,50;22,320	203,86;63,40;125,404	317	1436657058
302,344;82,161;228,294	65,103;381,422;256,225	876	1436657062
398,474;21,332;153,380	398,474;21,332;153,380	0	1436657070
215,216;217,203;132,97	115,257;351,47;173,111	929	1436657081
27,166;224,232;336,184	489,414;127,480;143,123	634	1436657094
115,72;67,147;76,253	185,132;202,292;195,472	585	1436657107
200,326;272,200;19,224	127,55;199,312;398,393	786	1436657113
472,215;100,255;419,377	93,220;445,36;21,396	592	1436657152
436,397;257,297;167,38	52,16;110,471;184,68	428	1436657160
77,378;218,284;101,337	55,122;111,322;240,415	817	1436657167
56,165;350,184;51,232	306,413;200,148;41,329	664	1436657177
430,321;167,177;252,84	82,381;231,84;221,198	620	1436657187
76,358;489,417;96,438	178,339;126,127;368,361	432	1436657200
259,188;370,226;309,311	149,489;39,96;338,275	402	1436657210
53,411;332,107;275,161	203,379;338,130;158,478	198	1436657219
305,20;237,116;138,327	389,412;292,221;374,365	295	1436657228
321,302;40,75;448,313	283,231;177,28;352,442	371	1436657238
89,154;125,240;275,406	269,133;387,345;341,466	545	1436657265
47,391;148,373;38,126	180,87;344,176;185,488	313	1436657286
264,426;482,179;18,329	372,382;58,467;79,204	574	1436657293
75,111;25,240;420,109	247,473;64,11;462,12	735	1436657301
347,119;193,213;98,56	36,167;114,473;20,407	683	1436657315
94,322;203,172;357,266	483,421;108,268;103,322	581	1436657324
165,353;21,269;375,230	265,315;324,55;449,345	437	1436657333
35,425;89,233;175,236	254,83;91,429;211,19	644	1436657342
53,120;250,58;258,141	78,200;389,38;129,336	679	1436657380
361,216;132,47;50,403	418,223;370,220;254,393	958	1436657390
309,341;144,310;36,277	411,204;403,86;294,430	682	1436657404
457,337;394,378;378,276	33,146;252,320;203,285	871	1436657412
37,97;198,440;305,16	92,261;428,95;368,442	603	1436657428
451,398;119,210;123,346	429,213;257,228;13,413	612	1436657437
426,423;260,418;118,450	140,425;386,322;176,384	441	1436657445
196,412;444,339;304,208	60,215;244,102;329,370	543	1436657457
43,236;379,412;248,230	103,45;170,129;199,138	871	1436657465
106,64;466,431;23,193	379,130;153,194;219,326	589	1436657475
11,134;385,226;424,132	231,348;223,231;148,350	815	1436657488
237,152;242,200;252,74	110,73;321,127;375,162	447	1436657498
433,164;201,196;304,146	285,336;441,94;380,154	546	1436657520
181,424;87,380;207,148	180,433;291,178;276,241	715	1436657530
157,481;116,104;155,77	86,272;107,216;439,198	579	1436657537
434,46;256,333;263,59	330,244;51,373;204,212	410	1436657543
472,215;100,255;419,377	360,49;468,314;154,388	556	1436657551
428,58;228,125;188,159	239,53;232,25;135,411	334	1436657561
322,132;427,305;125,89	258,378;351,123;151,253	673	1436657574
2E5z8M536