137	R	0.0.0.0	1436646007
86,169;120,216;436,399	144,391;208,137;457,168	833	1436646099
86,78;211,107;147,483	300,72;222,477;113,110	236	1436646109
42,319;93,132;46,412	429,92;312,197;119,197	739	1436646117
321,361;415,193;224,237	321,361;415,193;224,237	0	1436646124
213,263;455,213;370,59	177,372;447,44;475,193	377	1436646134
280,308;219,21;355,351	311,180;66,426;446,166	678	1436646140
50,230;454,95;53,165	368,254;76,181;451,213	478	1436646152
391,41;216,359;395,193	325,53;129,93;433,314	609	1436646162
14,381;248,59;194,65	301,128;176,120;343,66	947	1436646168
61,109;258,190;228,198	452,149;204,239;14,338	936	1436646175
94,322;203,172;357,266	426,230;53,87;347,258	722	1436646181
309,341;144,310;36,277	463,348;35,446;369,434	975	1436646186
149,207;426,247;34,439	203,404;210,112;14,143	475	1436646196
14,381;248,59;194,65	266,427;353,236;339,58	937	1436646203
14,381;248,59;194,65	137,370;384,18;242,292	710	1436646213
14,381;248,59;194,65	383,438;295,418;19,411	647	1436646221
89,154;125,240;275,406	359,481;294,306;285,34	382	1436646228
391,41;216,359;395,193	425,326;390,357;31,311	670	1436646232
441,44;465,197;141,463	280,449;473,250;156,201	453	1436646238
260,215;464,485;209,59	417,288;465,445;162,198	381	1436646242
237,152;242,200;252,74	205,207;357,71;115,244	395	1436646250
451,398;119,210;123,346	284,28;81,101;17,367	364	1436646255
302,153;253,50;22,320	354,325;148,342;73,31	445	1436646261
426,423;260,418;118,450	195,257;103,93;179,197	336	1436646265
288,255;363,115;201,424	305,485;182,85;157,26	277	1436646272
302,153;253,50;22,320	279,380;375,86;479,408	350	1436646278
472,215;100,255;419,377	395,450;252,102;71,26	365	1436646282
50,230;454,95;53,165	22,78;145,45;414,486	67	1436646293
317,257;169,276;69,427	178,402;219,372;160,180	387	1436646298
79,331;36,48;173,216	301,93;164,406;273,195	683	1436646303
346,138;317,230;462,341	100,208;317,267;483,250	723	1436646308
361,351;363,67;427,305	43,60;57,28;392,440	854	1436646313
79,326;84,395;332,233	109,311;474,168;463,113	415	1436646322
448,49;220,205;334,182	305,49;136,395;225,305	319	1436646327
27,166;224,232;336,184	24,196;310,192;133,487	671	1436646333
83,486;84,230;32,399	484,40;131,211;378,226	280	1436646338
391,41;216,359;395,193	210,445;315,449;206,15	388	1436646347
67,120;165,428;37,437	460,113;441,277;282,490	807	1436646355
24,184;317,127;169,197	348,383;266,331;84,85	429	1436646361
38,239;100,347;184,173	330,368;424,476;23,430	210	1436646365
426,423;260,418;118,450	403,183;427,238;210,458	634	1436646370
428,58;228,125;188,159	380,244;236,244;384,216	546	1436646376
472,215;100,255;419,377	394,61;291,230;96,221	258	1436646382
398,474;21,332;153,380	398,474;21,332;153,380	0	1436646387
383,110;173,181;308,475	429,19;280,149;394,207	338	1436646392
462,258;433,279;482,319	181,355;135,378;96,443	434	1436646396
240,160;110,11;375,181	195,152;446,11;259,89	356	1436646401
367,14;142,80;418,272	321,312;62,209;309,375	621	1436646406
80,481;154,280;176,316	374,428;35,330;428,283	465	1436646413
165,353;21,269;375,230	348,390;367,79;324,80	948	1436646420
434,46;256,333;263,59	82,63;245,26;421,383	387	1436646424
389,105;450,303;268,357	37,324;358,119;142,31	236	1436646429
44,216;18,283;221,415	33,65;48,449;22,229	784	1436646441
328,478;105,100;94,196	219,153;450,392;428,349	237	1436646446
382,422;281,301;153,344	481,403;48,127;273,244	795	1436646450
239,29;273,395;53,470	135,388;176,420;412,363	391	1436646454
14,381;248,59;194,65	195,456;27,77;192,376	214	1436646460
259,12;379,60;30,391	259,12;379,60;30,391	30	1436646472
154,238;467,70;310,310	439,30;69,384;272,209	879	1436646477
348,115;438,274;26,142	120,490;423,171;112,339	220	1436646481
236,34;374,64;36,389	283,314;102,401;291,79	337	1436646486
437,319;434,366;263,222	410,222;354,440;194,163	319	1436646501
149,207;426,247;34,439	289,142;128,288;481,453	125	1436646521
138,108;436,99;326,436	171,450;125,371;275,74	714	1436646532
431,305;150,332;312,23	472,185;235,118;68,453	283	1436646536
33,38;440,472;482,48	486,451;42,45;202,477	395	1436646540
338,473;283,193;282,329	459,226;363,327;285,116	733	1436646544
133,370;453,60;421,272	169,26;415,144;84,175	266	1436646551
20,476;320,470;204,281	26,139;320,109;241,312	76	1436646557
50,312;460,337;35,192	50,312;460,337;35,192	18	1436646579
361,351;363,67;427,305	86,34;104,71;377,248	749	1436646583
23,28;369,459;24,30	26,394;14,141;176,167	1000	1436646589
302,153;253,50;22,320	426,312;254,290;354,16	364	1436646594
396,29;378,99;240,141	220,409;277,403;301,156	345	1436646603
110,197;96,332;172,131	227,488;449,210;328,290	287	1436646608
222,408;164,124;245,176	281,318;253,146;20,273	274	1436646639
258,394;226,462;316,354	386,234;448,302;376,183	108	1436646646
219,444;284,74;293,226	464,468;262,354;113,443	341	1436646673
70,269;193,221;253,338	241,405;13,288;114,399	303	1436646679
309,341;144,310;36,277	118,126;82,174;416,334	824	1436646684
347,465;436,31;226,388	152,280;176,363;218,447	936	1436646689
76,358;489,417;96,438	398,253;159,432;179,394	804	1436646696
272,218;197,336;235,213	410,55;464,68;489,423	205	1436646700
84,411;347,471;487,416	238,57;391,391;172,280	397	1436646705
385,52;218,391;129,166	70,22;96,342;383,25	95	1436646719
339,235;184,364;211,25	446,128;357,226;35,193	269	1436646725
27,166;224,232;336,184	12,484;355,52;253,125	436	1436646730
154,238;467,70;310,310	478,53;267,146;270,446	152	1436646735
472,215;100,255;419,377	150,19;20,379;220,438	46	1436646741
281,293;134,442;28,68	180,234;321,47;358,419	183	1436646747
254,421;291,307;450,150	450,370;129,122;480,363	614	1436646754
391,41;216,359;395,193	416,280;441,46;108,452	222	1436646760
344,101;301,81;121,206	411,165;356,360;387,324	370	1436646766
144,409;41,15;104,154	24,392;267,148;307,112	468	1436646775
154,238;467,70;310,310	363,185;423,388;85,216	254	1436646795
309,341;144,310;36,277	479,451;241,171;454,90	841	1436646799
157,434;344,194;26,489	58,58;29,71;227,476	629	1436646807
436,397;257,297;167,38	107,260;44,466;179,202	248	1436646814
94,322;203,172;357,266	432,177;142,406;134,51	133	1436646821
421,166;418,470;354,366	27,469;483,409;435,342	403	1436646825
391,41;216,359;395,193	413,241;490,469;84,37	208	1436646829
439,479;314,286;38,166	209,334;455,191;136,226	444	1436646834
200,56;252,93;105,169	47,119;408,238;285,176	725	1436646840
391,41;216,359;395,193	28,108;59,261;380,311	283	1436646844
404,466;432,110;168,45	211,430;364,38;78,164	145	1436646848
472,215;100,255;419,377	454,110;79,204;208,279	334	1436646852
243,191;373,142;16,199	191,377;337,179;475,241	440	1436646857
142,418;126,219;48,213	450,394;443,448;425,262	598	1436646862
281,293;134,442;28,68	75,475;270,398;226,205	341	1436646866
302,267;488,260;93,133	65,303;198,385;16,229	383	1436646870
414,158;66,162;278,11	171,390;147,214;227,310	193	1436646875
196,185;272,86;44,308	72,175;477,123;216,227	405	1436646880
281,293;134,442;28,68	83,329;45,28;87,130	576	1436646885
436,397;257,297;167,38	25,174;34,303;393,225	424	1436646889
406,258;162,108;486,478	228,369;21,11;108,134	464	1436646898
140,90;287,464;97,151	328,240;212,129;176,154	435	1436646902
83,486;84,230;32,399	447,412;364,335;145,85	549	1436646907
348,392;211,473;351,51	134,327;221,114;241,340	406	1436646911
332,265;321,160;458,160	295,42;271,157;314,35	730	1436646915
215,192;480,472;474,272	414,234;223,431;78,190	405	1436646920
12,282;451,375;298,438	61,101;145,161;289,429	557	1436646925
436,397;257,297;167,38	63,200;473,327;269,349	346	1436646929
446,23;121,226;429,38	140,113;222,321;223,324	258	1436646934
309,341;144,310;36,277	93,123;435,70;454,237	784	1436646939
149,207;426,247;34,439	108,192;134,376;393,489	293	1436646944
237,152;242,200;252,74	220,379;470,271;239,269	696	1436646949
305,408;116,244;28,51	434,138;83,302;268,72	415	1436646954
136,417;143,229;278,310	188,162;375,169;98,361	320	1436646958
320,407;405,126;474,217	488,225;152,243;223,22	440	1436646966
27,166;224,232;336,184	316,178;310,226;381,240	379	1436646971
470,261;227,200;420,313	330,250;54,343;466,240	596	1436646976
154,238;467,70;310,310	253,310;37,331;44,63	228	1436646981
95,19;170,215;33,180	418,200;319,324;75,475	704	1436646987
361,351;363,67;427,305	387,468;402,231;136,294	621	1436646991
486,420;466,135;48,26	235,396;75,360;131,101	348	1436646995
78,40;272,210;187,12	261,371;107,156;265,118	380	1436647000
1B6x8K569