137	L	0.0.0.0	1436646288
86,169;120,216;436,399	144,391;208,137;457,168	862	1436646377
86,78;211,107;147,483	300,72;222,477;113,110	114	1436646382
42,319;93,132;46,412	429,92;312,197;119,197	666	1436646389
321,361;415,193;224,237	321,361;415,193;224,237	0	1436646395
213,263;455,213;370,59	177,372;447,44;475,193	319	1436646402
280,308;219,21;355,351	311,180;66,426;446,166	126	1436646408
83,486;84,230;32,399	484,40;131,211;378,226	393	1436646414
115,72;67,147;76,253	50,99;91,407;77,85	733	1436646421
365,374;294,44;213,431	350,330;59,224;357,126	416	1436646427
428,58;228,125;188,159	174,402;85,465;258,325	896	1436646432
351,157;47,103;256,88	315,436;452,290;419,203	443	1436646437
150,440;434,194;117,390	225,26;135,153;200,168	771	1436646442
115,72;67,147;76,253	422,26;262,234;232,490	451	1436646448
486,420;466,135;48,26	83,237;302,16;111,154	741	1436646454
483,212;133,59;270,165	109,391;396,333;417,67	712	1436646458
281,293;134,442;28,68	285,290;86,411;334,318	567	1436646464
479,460;140,415;277,378	206,162;393,462;15,73	447	1436646468
293,181;277,233;96,273	247,176;215,64;399,292	425	1436646473
264,426;482,179;18,329	13,454;440,162;42,182	256	1436646478
342,50;431,160;14,278	178,172;193,348;141,142	603	1436646487
196,412;444,339;304,208	76,40;232,484;278,411	622	1436646492
67,215;473,407;217,122	472,145;278,355;454,484	383	1436646505
325,289;284,197;357,32	452,368;124,346;216,485	620	1436646510
328,478;105,100;94,196	324,322;27,442;337,57	574	1436646515
347,119;193,213;98,56	436,290;127,227;312,164	227	1436646519
443,470;306,312;381,341	352,80;276,205;370,387	443	1436646524
83,486;84,230;32,399	140,436;402,71;233,342	786	1436646530
111,38;364,327;344,278	168,140;60,485;310,483	922	1436646535
404,466;432,110;168,45	211,430;364,38;78,164	142	1436646542
456,169;457,69;120,61	49,197;412,103;22,53	359	1436646546
328,478;105,100;94,196	93,446;420,42;263,168	412	1436646550
76,358;489,417;96,438	459,64;52,287;43,298	778	1436646554
130,399;227,341;111,275	230,26;76,313;325,229	353	1436646559
253,271;43,388;246,120	307,19;458,88;261,412	361	1436646564
160,412;391,17;363,256	450,208;191,216;431,52	526	1436646569
58,428;333,111;252,234	220,315;117,416;158,387	377	1436646574
43,236;379,412;248,230	145,83;318,250;97,342	603	1436646582
403,418;355,175;441,422	52,292;130,78;120,64	350	1436646588
137,485;29,24;162,282	250,173;408,414;276,231	832	1436646593
165,353;21,269;375,230	32,284;351,32;251,325	267	1436646598
472,215;100,255;419,377	22,161;373,378;224,327	673	1436646603
467,195;355,150;391,413	470,189;147,249;314,160	374	1436646607
288,255;363,115;201,424	481,420;12,38;240,400	1000	1436646615
234,177;91,104;345,327	265,103;347,235;447,369	957	1436646621
437,319;434,366;263,222	450,159;169,324;451,128	718	1436646627
256,408;314,170;433,38	344,54;315,348;147,297	534	1436646631
480,34;163,141;419,170	421,355;242,45;403,276	808	1436646635
220,362;198,118;62,429	54,51;150,412;271,335	703	1436646640
261,284;233,194;270,246	289,179;448,248;81,41	679	1436646645
44,216;18,283;221,415	25,329;280,49;228,166	338	1436646655
433,332;210,192;446,14	271,215;106,381;344,340	384	1436646659
115,72;67,147;76,253	123,424;36,334;263,456	414	1436646665
236,141;360,287;97,263	180,440;464,397;23,395	339	1436646670
83,486;84,230;32,399	20,486;65,152;244,140	394	1436646678
165,475;252,378;450,119	213,297;281,56;223,352	895	1436646683
367,14;142,80;418,272	359,373;323,101;89,355	227	1436646689
476,439;339,103;226,177	46,302;33,484;74,341	801	1436646694
189,486;452,106;105,180	349,459;392,198;52,480	335	1436646699
134,410;95,29;379,475	232,49;179,328;95,51	403	1436646703
254,421;291,307;450,150	256,285;202,395;15,420	630	1436646709
398,113;161,279;464,128	63,150;466,239;337,187	564	1436646713
196,412;444,339;304,208	349,93;362,205;40,317	587	1436646718
436,397;257,297;167,38	467,246;140,76;146,172	614	1436646722
76,49;124,56;58,377	12,45;22,477;378,211	762	1436646727
307,19;466,113;431,378	382,34;278,420;275,148	647	1436646731
436,397;257,297;167,38	27,11;273,107;128,143	434	1436646735
47,391;148,373;38,126	395,238;316,48;165,402	537	1436646740
76,358;489,417;96,438	304,349;452,146;392,378	257	1436646744
263,179;237,450;150,92	422,84;51,321;483,264	338	1436646749
345,339;402,219;47,72	372,67;312,128;262,55	758	1436646753
490,171;176,107;107,269	150,22;417,16;374,391	275	1436646757
236,231;229,482;319,77	26,316;365,269;125,263	299	1436646762
309,341;144,310;36,277	479,451;241,171;454,90	920	1436646766
425,365;119,36;45,208	454,310;84,182;484,437	263	1436646770
54,476;207,232;319,143	197,57;433,264;306,456	854	1436646779
361,351;363,67;427,305	335,63;182,298;85,207	732	1436646783
430,321;167,177;252,84	89,296;446,102;482,393	676	1436646787
367,71;96,237;210,74	475,117;255,194;73,388	381	1436646793
27,166;224,232;336,184	238,51;297,431;479,228	432	1436646798
331,330;347,213;57,141	140,408;426,465;166,159	690	1436646803
47,391;148,373;38,126	43,281;15,219;315,212	332	1436646808
281,293;134,442;28,68	57,213;23,408;426,186	341	1436646821
149,207;426,247;34,439	186,20;268,211;287,67	324	1436646825
149,207;426,247;34,439	108,192;134,376;393,489	372	1436646831
155,176;250,220;156,394	472,350;99,84;101,402	566	1436646835
55,368;85,403;371,269	325,86;208,348;234,16	278	1436646843
50,312;460,337;35,192	50,312;460,337;35,192	177	1436646847
445,291;343,38;227,26	458,240;188,169;122,173	447	1436646851
209,487;360,42;61,305	104,372;93,347;180,270	370	1436646856
245,228;393,154;134,455	252,437;385,485;354,466	936	1436646861
486,420;466,135;48,26	217,121;349,115;336,410	411	1436646867
149,207;426,247;34,439	65,44;330,403;232,29	622	1436646871
264,426;482,179;18,329	121,88;126,377;375,338	418	1436646876
486,420;466,135;48,26	267,99;487,317;206,98	622	1436646880
215,192;480,472;474,272	233,312;158,298;239,63	749	1436646885
140,440;401,193;204,362	489,52;141,443;396,232	1000	1436646895
434,46;256,333;263,59	456,387;439,242;353,396	404	1436646900
76,358;489,417;96,438	137,121;292,471;432,252	644	1436646905
426,423;260,418;118,450	174,107;256,175;422,161	448	1436646913
398,474;21,332;153,380	398,474;21,332;153,380	0	1436646919
115,72;67,147;76,253	304,333;20,425;39,253	432	1436646923
78,49;51,344;355,483	260,445;30,382;299,372	584	1436646928
472,215;100,255;419,377	297,373;272,252;444,209	346	1436646932
261,241;149,381;371,99	27,349;46,482;365,55	1000	1436646936
481,375;321,301;145,217	366,211;100,186;180,204	975	1436646940
233,210;379,177;269,373	417,22;404,66;281,58	381	1436646944
215,192;480,472;474,272	36,85;452,267;348,397	359	1436646950
347,119;193,213;98,56	50,326;66,32;358,431	336	1436646954
280,387;159,457;316,121	179,469;58,70;428,120	684	1436646959
347,119;193,213;98,56	27,489;58,320;37,325	844	1436646964
14,191;415,145;186,367	436,448;402,59;470,338	755	1436646968
259,12;379,60;30,391	259,12;379,60;30,391	1	1436646973
13,192;425,270;319,446	394,262;208,481;137,199	620	1436646978
144,344;317,329;74,72	87,90;425,298;269,429	408	1436646983
415,292;209,327;323,51	76,217;385,79;298,376	189	1436646987
367,14;142,80;418,272	211,344;325,53;47,201	220	1436646993
83,486;84,230;32,399	290,252;110,137;309,476	412	1436646998
361,351;363,67;427,305	404,337;419,464;157,189	411	1436647002
434,46;256,333;263,59	179,51;166,202;171,61	847	1436647007
480,38;252,384;356,117	334,457;74,299;485,465	337	1436647012
236,458;437,368;320,145	23,458;425,295;304,43	275	1436647017
89,154;125,240;275,406	116,412;475,159;104,366	387	1436647021
361,351;363,67;427,305	389,238;269,191;223,355	785	1436647028
45,151;305,204;352,116	469,212;115,99;377,402	715	1436647033
430,321;167,177;252,84	25,160;345,246;25,360	664	1436647037
149,371;292,41;156,153	246,348;397,399;244,48	278	1436647042
115,72;67,147;76,253	310,341;310,251;256,425	110	1436647047
430,321;167,177;252,84	28,285;195,31;394,204	642	1436647053
281,293;134,442;28,68	83,329;45,28;87,130	722	1436647058
157,330;383,123;233,46	280,391;58,440;302,204	304	1436647063
297,51;196,220;245,320	429,456;388,26;318,49	866	1436647070
131,240;276,317;442,73	478,387;470,97;33,263	409	1436647074
49,464;236,423;260,188	468,181;32,69;373,440	321	1436647079
85,408;294,292;318,435	147,475;36,444;85,353	354	1436647083
344,160;213,36;64,343	229,32;407,376;474,280	334	1436647088
334,175;30,443;201,65	126,444;176,284;71,16	402	1436647093
1H7x5R619