136	R	0.0.0.0	1436646787
86,169;120,216;436,399	144,391;208,137;457,168	936	1436646865
86,78;211,107;147,483	300,72;222,477;113,110	7	1436646872
42,319;93,132;46,412	429,92;312,197;119,197	632	1436646877
321,361;415,193;224,237	321,361;415,193;224,237	0	1436646883
213,263;455,213;370,59	177,372;447,44;475,193	265	1436646889
280,308;219,21;355,351	311,180;66,426;446,166	68	1436646896
83,486;84,230;32,399	108,74;74,435;54,374	793	1436646923
47,391;148,373;38,126	304,34;450,424;89,302	446	1436646929
234,181;321,434;385,464	72,144;257,453;34,144	284	1436646934
47,391;148,373;38,126	461,480;53,384;60,153	550	1436646939
62,93;462,421;174,258	352,218;457,197;212,383	413	1436646945
472,215;100,255;419,377	52,254;377,412;291,260	230	1436646950
215,192;480,472;474,272	87,319;376,288;14,231	255	1436646965
128,117;70,485;43,73	126,298;448,190;395,353	438	1436646970
434,46;256,333;263,59	330,244;51,373;204,212	188	1436646974
15,98;261,151;132,185	247,157;258,306;155,472	545	1436646979
215,192;480,472;474,272	270,411;148,110;448,265	64	1436646984
154,238;467,70;310,310	109,56;356,358;284,476	391	1436646989
215,192;480,472;474,272	476,412;204,174;476,302	380	1436646993
85,41;159,135;381,82	110,114;175,252;442,242	212	1436646998
345,327;88,338;326,415	91,165;473,125;118,387	298	1436647004
67,215;473,407;217,122	242,13;283,444;361,150	67	1436647010
17,46;151,56;365,187	206,56;382,367;443,376	441	1436647014
23,28;369,459;24,30	266,197;451,377;218,169	340	1436647025
115,72;67,147;76,253	225,235;120,460;250,50	643	1436647029
76,358;489,417;96,438	94,53;484,222;281,202	420	1436647033
123,287;102,463;124,184	304,453;158,467;84,337	771	1436647046
430,321;167,177;252,84	43,354;17,253;465,74	690	1436647050
149,207;426,247;34,439	162,414;445,136;19,34	274	1436647055
256,106;12,297;440,357	243,313;212,138;46,256	128	1436647059
47,391;148,373;38,126	487,109;308,427;478,292	265	1436647064
451,398;119,210;123,346	256,183;382,183;160,319	456	1436647071
272,228;180,71;245,474	294,250;367,390;292,92	407	1436647076
234,177;91,104;345,327	265,103;347,235;447,369	569	1436647081
217,369;224,465;358,28	234,428;327,246;383,66	366	1436647085
350,428;81,399;260,182	171,443;337,465;436,378	580	1436647089
83,486;84,230;32,399	364,354;379,176;267,77	37	1436647094
302,153;253,50;22,320	105,76;489,316;217,303	214	1436647099
328,478;105,100;94,196	180,276;488,476;43,29	565	1436647103
259,12;379,60;30,391	259,12;379,60;30,391	0	1436647107
398,474;21,332;153,380	398,474;21,332;153,380	0	1436647112
89,154;125,240;275,406	269,133;387,345;341,466	428	1436647116
14,381;248,59;194,65	391,116;112,331;325,21	606	1436647153
434,46;256,333;263,59	117,94;365,315;237,13	51	1436647158
302,344;82,161;228,294	65,103;381,422;256,225	629	1436647163
266,303;97,49;394,346	293,155;325,124;421,278	617	1436647167
480,200;18,58;163,93	441,86;272,56;36,71	299	1436647171
361,351;363,67;427,305	154,149;177,317;172,325	610	1436647177
451,363;160,306;379,308	489,302;292,124;182,411	624	1436647182
55,458;458,132;432,24	382,441;276,133;36,144	772	1436647187
154,238;467,70;310,310	38,109;69,304;222,32	111	1436647191
145,40;448,381;312,31	402,84;89,451;307,229	628	1436647195
106,64;466,431;23,193	125,171;356,169;387,459	620	1436647200
361,351;363,67;427,305	402,250;181,262;352,207	222	1436647205
243,67;134,101;413,344	454,165;116,489;458,159	874	1436647210
219,444;284,74;293,226	464,468;262,354;113,443	611	1436647214
436,397;257,297;167,38	338,107;374,277;449,383	469	1436647219
43,236;379,412;248,230	258,62;294,58;282,379	701	1436647224
165,353;21,269;375,230	430,392;348,364;388,411	209	1436647230
50,312;460,337;35,192	50,312;460,337;35,192	0	1436647235
257,426;47,462;113,341	13,313;468,335;284,357	669	1436647239
382,382;399,396;73,159	380,179;365,416;413,335	760	1436647243
89,154;125,240;275,406	190,42;244,176;441,479	267	1436647248
218,460;234,450;143,403	109,410;306,117;134,353	688	1436647254
281,293;134,442;28,68	28,184;489,71;236,74	637	1436647258
64,169;487,249;229,374	387,473;336,261;44,199	86	1436647263
456,105;124,355;363,90	488,57;31,435;114,411	726	1436647267
340,30;42,217;206,132	381,48;470,151;309,420	747	1436647276
414,279;234,378;327,128	420,481;171,363;286,93	231	1436647281
157,447;334,279;341,447	387,57;72,34;12,408	357	1436647284
77,378;218,284;101,337	448,466;472,322;244,107	553	1436647289
254,421;291,307;450,150	193,354;32,339;69,353	602	1436647294
154,238;467,70;310,310	399,150;288,289;27,353	318	1436647299
398,426;355,402;317,366	460,31;16,146;108,437	980	1436647304
425,365;119,36;45,208	454,310;84,182;484,437	93	1436647308
76,358;489,417;96,438	349,427;244,120;20,52	137	1436647312
347,119;193,213;98,56	32,64;144,296;377,326	303	1436647317
89,154;125,240;275,406	162,69;206,234;196,156	250	1436647322
445,310;299,222;290,245	262,173;187,107;82,335	627	1436647327
149,390;100,177;399,387	224,452;77,225;420,63	130	1436647331
251,481;380,487;314,153	281,409;98,311;423,378	616	1436647336
47,391;148,373;38,126	281,362;194,29;475,61	259	1436647340
436,397;257,297;167,38	277,124;421,444;62,304	693	1436647344
334,175;30,443;201,65	126,444;176,284;71,16	141	1436647349
451,398;119,210;123,346	284,28;81,101;17,367	93	1436647353
399,284;233,305;41,450	210,476;32,167;237,287	359	1436647357
288,255;363,115;201,424	350,433;108,408;312,387	739	1436647361
400,258;404,13;28,153	481,404;92,381;169,70	178	1436647366
377,193;395,27;213,453	384,374;246,277;434,386	630	1436647375
391,41;216,359;395,193	472,46;326,13;83,295	290	1436647378
362,41;51,173;393,50	166,431;401,81;407,16	406	1436647383
295,183;487,411;182,258	193,284;165,278;189,126	735	1436647387
23,469;147,102;123,481	150,240;370,96;210,324	301	1436647392
302,153;253,50;22,320	308,325;446,360;196,125	332	1436647396
361,351;363,67;427,305	98,147;90,140;35,432	464	1436647400
281,293;134,442;28,68	28,410;71,165;345,120	193	1436647407
274,463;261,209;434,410	296,419;100,277;245,25	361	1436647411
426,423;260,418;118,450	95,286;21,28;45,88	456	1436647415
253,301;267,14;389,273	140,25;324,394;274,42	418	1436647425
27,166;224,232;336,184	254,20;367,462;471,82	434	1436647433
472,215;100,255;419,377	394,61;291,230;96,221	217	1436647437
281,293;134,442;28,68	221,385;181,111;101,155	552	1436647441
196,412;444,339;304,208	24,282;236,128;118,312	896	1436647447
291,336;119,466;244,123	444,131;295,69;130,263	269	1436647453
77,378;218,284;101,337	62,51;159,440;384,489	961	1436647460
472,215;100,255;419,377	444,273;422,136;338,477	669	1436647464
87,469;401,54;86,263	83,79;465,215;327,300	179	1436647470
106,64;466,431;23,193	38,171;431,219;400,378	68	1436647474
324,302;150,474;446,304	451,350;458,323;40,354	683	1436647479
149,207;426,247;34,439	194,385;415,389;28,37	356	1436647483
27,166;224,232;336,184	36,112;363,144;421,289	686	1436647489
451,373;25,40;475,153	134,407;177,69;304,304	432	1436647493
218,76;396,136;64,256	164,113;331,20;382,464	627	1436647498
215,192;480,472;474,272	116,112;465,42;445,182	175	1436647503
42,102;118,230;476,123	67,400;325,338;270,159	311	1436647507
102,118;102,245;165,280	389,309;281,369;315,414	378	1436647511
264,426;482,179;18,329	121,88;126,377;375,338	283	1436647515
153,76;47,35;65,273	72,153;395,129;394,32	594	1436647519
302,153;253,50;22,320	230,22;151,179;454,204	380	1436647523
486,420;466,135;48,26	83,237;302,16;111,154	674	1436647528
132,372;462,375;38,274	195,174;342,382;437,125	637	1436647533
436,397;257,297;167,38	260,455;234,220;213,446	644	1436647537
115,72;67,147;76,253	15,393;87,394;237,116	635	1436647541
395,287;467,308;414,224	439,160;476,397;25,329	801	1436647545
326,42;338,386;170,183	163,267;327,379;235,323	976	1436647549
263,95;109,479;387,294	235,148;353,340;168,399	378	1436647554
83,486;84,230;32,399	458,175;256,69;432,66	595	1436647559
352,411;192,202;84,269	299,117;198,84;286,370	425	1436647563
302,153;253,50;22,320	279,380;375,86;479,408	610	1436647568
430,321;167,177;252,84	187,436;41,477;435,182	934	1436647579
154,238;467,70;310,310	363,185;423,388;85,216	420	1436647583
358,176;450,27;11,430	181,171;484,489;31,125	140	1436647590
312,423;145,130;100,326	456,205;301,154;94,200	137	1436647594
309,341;144,310;36,277	438,437;117,53;479,425	785	1436647598
165,353;21,269;375,230	353,486;174,307;246,11	331	1436647603
4H5t7R201