136	L	0.0.0.0	1436646406
86,169;120,216;436,399	144,391;208,137;457,168	938	1436646487
86,78;211,107;147,483	300,72;222,477;113,110	171	1436646502
42,319;93,132;46,412	429,92;312,197;119,197	860	1436646517
321,361;415,193;224,237	321,361;415,193;224,237	0	1436646527
213,263;455,213;370,59	177,372;447,44;475,193	589	1436646542
280,308;219,21;355,351	311,180;66,426;446,166	259	1436646553
437,319;434,366;263,222	286,432;267,339;136,110	637	1436646569
237,152;242,200;252,74	331,81;449,429;416,181	717	1436646577
107,285;152,322;92,204	196,24;209,109;373,380	945	1436646590
17,46;151,56;365,187	348,104;106,417;225,166	20	1436646607
47,391;148,373;38,126	168,96;60,246;398,283	395	1436646623
40,95;57,247;295,438	291,394;48,294;262,356	408	1436646635
472,215;100,255;419,377	447,156;318,193;194,122	638	1436646646
367,14;142,80;418,272	269,143;443,456;373,160	919	1436646662
154,238;467,70;310,310	230,41;246,29;257,355	942	1436646673
163,62;52,204;431,228	337,290;479,52;342,482	956	1436646681
261,409;350,267;163,82	203,106;124,336;386,413	164	1436646694
347,119;193,213;98,56	450,330;191,207;377,214	809	1436646712
44,216;18,283;221,415	342,417;74,421;90,266	428	1436646723
44,216;18,283;221,415	438,40;152,24;261,194	890	1436646733
154,238;467,70;310,310	351,475;217,366;314,76	532	1436646753
254,421;291,307;450,150	476,62;445,308;26,323	965	1436646764
50,312;460,337;35,192	50,312;460,337;35,192	0	1436646775
14,381;248,59;194,65	312,291;24,179;457,250	833	1436646798
451,398;119,210;123,346	429,213;257,228;13,413	899	1436646811
291,115;371,443;379,409	326,309;66,394;76,366	136	1436646825
471,40;408,28;258,76	476,202;244,421;118,445	244	1436646840
196,412;444,339;304,208	237,314;168,165;482,450	902	1436646848
426,423;260,418;118,450	73,489;90,427;49,226	877	1436646866
347,119;193,213;98,56	461,340;138,448;457,222	851	1436646881
346,138;317,230;462,341	100,208;317,267;483,250	622	1436646890
423,130;144,393;405,225	52,28;86,55;141,269	325	1436646898
154,338;248,296;453,384	366,411;392,123;414,248	433	1436646906
47,391;148,373;38,126	354,311;306,25;134,88	540	1436646922
254,421;291,307;450,150	397,188;262,403;452,446	794	1436646934
281,293;134,442;28,68	45,315;211,377;356,247	661	1436646948
338,328;155,125;160,228	267,410;261,204;81,187	780	1436646957
426,423;260,418;118,450	93,281;116,272;151,123	909	1436646967
115,72;67,147;76,253	76,399;192,295;140,354	432	1436646981
59,402;160,133;234,302	378,396;446,222;482,369	273	1436646992
379,295;374,435;446,346	110,105;206,400;388,200	729	1436647010
395,272;180,447;156,165	417,452;240,24;144,359	746	1436647019
51,78;78,214;266,179	361,389;374,241;119,138	717	1436647031
259,12;379,60;30,391	259,12;379,60;30,391	0	1436647041
94,362;247,412;142,472	284,389;332,205;276,240	578	1436647055
398,474;21,332;153,380	398,474;21,332;153,380	0	1436647064
86,457;384,351;368,244	171,345;106,52;319,134	742	1436647075
472,215;100,255;419,377	300,84;60,199;438,268	712	1436647085
428,58;228,125;188,159	285,168;250,68;13,250	914	1436647099
332,265;321,160;458,160	295,42;271,157;314,35	892	1436647110
469,161;41,214;461,363	226,333;47,325;296,93	363	1436647123
31,293;346,471;175,27	129,77;87,437;30,16	870	1436647138
143,60;371,32;108,276	219,21;324,129;305,278	265	1436647148
415,162;135,449;331,60	183,291;66,456;432,283	901	1436647157
351,245;464,25;157,411	296,369;453,284;419,429	888	1436647168
361,351;363,67;427,305	60,425;164,441;376,37	162	1436647177
222,408;164,124;245,176	281,318;253,146;20,273	407	1436647188
436,397;257,297;167,38	392,309;156,415;90,152	764	1436647203
207,439;238,130;436,487	330,128;335,230;382,144	213	1436647213
76,347;113,369;99,460	273,104;214,87;122,290	373	1436647226
94,322;203,172;357,266	426,230;53,87;347,258	640	1436647237
472,215;100,255;419,377	329,180;355,399;421,462	687	1436647248
347,119;193,213;98,56	394,210;69,311;232,110	117	1436647262
67,215;473,407;217,122	472,152;49,345;224,100	750	1436647275
273,108;55,449;177,344	116,456;113,31;218,109	646	1436647284
332,172;130,329;190,199	291,358;359,65;84,489	124	1436647294
43,236;379,412;248,230	47,37;455,30;81,279	443	1436647307
345,44;114,357;248,273	436,126;298,183;392,189	389	1436647315
309,178;298,163;167,362	416,424;175,204;75,131	605	1436647327
118,376;303,484;454,445	134,461;449,483;296,321	452	1436647336
101,226;150,446;190,33	13,308;75,352;361,395	622	1436647345
274,201;471,116;162,35	489,13;78,408;383,392	473	1436647354
462,258;433,279;482,319	181,355;135,378;96,443	766	1436647361
67,366;311,260;387,85	156,29;264,450;242,114	692	1436647369
107,77;32,329;418,19	147,402;388,153;18,179	603	1436647379
327,385;313,480;350,440	102,338;178,411;167,375	646	1436647394
106,64;466,431;23,193	456,421;191,472;190,220	718	1436647401
215,27;219,183;455,63	357,374;24,11;389,151	733	1436647407
483,251;389,374;334,233	324,473;33,443;102,193	361	1436647415
84,95;168,25;195,325	288,366;96,284;480,234	523	1436647431
35,425;89,233;175,236	148,179;26,271;370,483	152	1436647441
471,490;469,484;328,267	186,377;77,417;436,262	441	1436647453
94,322;203,172;357,266	58,219;257,93;165,336	428	1436647467
67,103;344,224;382,145	389,362;330,65;111,12	801	1436647475
244,168;340,71;204,156	387,204;72,200;414,255	292	1436647484
225,81;142,400;235,414	107,68;197,427;103,131	730	1436647492
214,214;351,50;32,123	13,136;324,97;397,160	654	1436647500
115,317;220,111;313,259	116,203;54,278;128,271	233	1436647506
232,193;166,278;430,450	51,156;232,213;175,164	686	1436647512
196,412;444,339;304,208	248,83;470,383;193,264	613	1436647522
328,478;105,100;94,196	195,291;177,323;439,28	384	1436647531
430,321;167,177;252,84	89,296;446,102;482,393	388	1436647539
309,341;144,310;36,277	71,359;88,448;147,267	468	1436647549
490,260;18,429;394,189	486,421;384,404;267,325	570	1436647558
106,64;466,431;23,193	296,37;454,490;200,440	111	1436647567
136,446;210,186;172,266	403,264;304,105;472,248	649	1436647576
115,72;67,147;76,253	362,259;333,241;426,113	701	1436647582
309,23;360,111;406,300	203,442;477,266;433,344	173	1436647598
391,41;216,359;395,193	28,89;377,167;33,212	613	1436647609
115,72;67,147;76,253	436,320;52,474;238,323	282	1436647616
35,425;89,233;175,236	199,360;179,12;141,298	315	1436647624
347,119;193,213;98,56	36,167;114,473;20,407	355	1436647631
163,62;52,204;431,228	94,41;480,103;440,219	581	1436647647
94,322;203,172;357,266	339,326;155,417;20,222	96	1436647656
394,19;269,372;231,245	487,155;328,128;208,459	179	1436647664
77,378;218,284;101,337	103,455;86,189;474,130	613	1436647674
165,475;252,378;450,119	213,297;281,56;223,352	700	1436647683
83,486;84,230;32,399	265,19;124,421;163,171	413	1436647693
108,19;314,159;441,300	469,115;213,146;142,144	626	1436647716
196,412;444,339;304,208	361,369;180,243;300,455	426	1436647724
128,132;337,389;332,33	317,130;344,475;80,287	379	1436647731
133,325;443,196;463,109	290,442;190,164;311,376	86	1436647740
133,101;295,433;131,252	378,96;282,317;21,404	334	1436647749
472,215;100,255;419,377	363,112;143,353;198,166	601	1436647754
486,420;466,135;48,26	346,315;34,470;51,91	679	1436647760
133,266;300,97;377,234	55,483;288,168;211,295	825	1436647768
472,215;100,255;419,377	22,416;223,393;20,99	300	1436647774
134,19;328,214;253,384	257,356;112,231;227,350	746	1436647781
84,97;225,81;377,199	212,199;201,102;478,366	686	1436647788
27,166;224,232;336,184	68,107;341,394;213,107	423	1436647794
480,200;18,58;163,93	119,57;432,331;335,31	691	1436647802
348,115;438,274;26,142	446,368;224,354;350,89	679	1436647809
41,127;285,139;352,176	61,201;125,230;220,234	597	1436647816
348,115;438,274;26,142	26,248;398,121;155,302	751	1436647823
36,20;439,77;128,404	366,325;63,246;344,411	724	1436647830
163,62;52,204;431,228	351,144;51,462;425,394	402	1436647840
181,181;466,80;52,328	61,124;63,350;150,88	430	1436647847
149,207;426,247;34,439	323,97;293,461;458,301	0	1436647855
246,242;158,43;404,373	139,72;107,428;459,196	746	1436647861
434,46;256,333;263,59	331,12;74,90;147,290	58	1436647872
175,154;304,335;403,39	73,256;309,16;318,116	604	1436647880
149,207;426,247;34,439	202,158;197,450;230,450	751	1436647887
176,219;377,204;173,426	349,63;108,457;421,212	775	1436647894
430,321;167,177;252,84	159,117;398,456;311,130	601	1436647901
348,115;438,274;26,142	73,211;359,321;153,325	382	1436647906
5H7y5N450