136	R	0.0.0.0	1436646248
86,169;120,216;436,399	144,391;208,137;457,168	990	1436646335
86,78;211,107;147,483	300,72;222,477;113,110	483	1436646353
42,319;93,132;46,412	429,92;312,197;119,197	922	1436646364
321,361;415,193;224,237	321,361;415,193;224,237	2	1436646373
213,263;455,213;370,59	177,372;447,44;475,193	431	1436646385
280,308;219,21;355,351	311,180;66,426;446,166	232	1436646414
237,152;242,200;252,74	101,179;63,172;361,111	914	1436646425
102,293;336,237;371,154	257,268;33,217;330,83	732	1436646431
322,132;427,305;125,89	258,378;351,123;151,253	614	1436646437
215,192;480,472;474,272	38,131;115,358;248,480	589	1436646444
281,73;467,484;142,73	14,241;210,315;439,27	332	1436646450
314,132;212,22;131,37	94,349;370,31;188,394	664	1436646459
469,55;136,66;89,152	156,312;160,18;331,274	467	1436646469
267,393;373,27;477,407	26,269;146,49;211,432	652	1436646476
52,26;29,219;430,354	260,254;424,125;76,137	584	1436646487
38,204;164,211;288,406	451,301;306,319;205,340	992	1436646493
255,47;434,70;485,479	247,439;58,199;397,61	644	1436646502
434,46;256,333;263,59	328,78;358,397;455,363	450	1436646510
250,434;394,168;173,377	30,105;319,360;355,307	453	1436646516
148,196;103,91;115,470	388,45;272,68;17,87	765	1436646524
106,254;351,176;31,216	419,483;185,324;74,199	873	1436646531
314,321;239,485;440,386	159,80;166,383;459,313	446	1436646540
460,478;252,489;20,253	483,72;384,328;421,216	962	1436646545
149,207;426,247;34,439	203,404;210,112;14,143	454	1436646552
77,378;218,284;101,337	185,164;120,443;356,289	920	1436646558
75,11;396,474;302,294	263,287;26,301;77,376	975	1436646564
422,54;117,412;222,261	394,327;306,244;357,310	972	1436646570
86,430;382,143;336,218	371,369;237,351;36,338	783	1436646576
377,193;395,27;213,453	384,374;246,277;434,386	446	1436646583
50,230;454,95;53,165	296,214;149,370;98,469	904	1436646589
165,353;21,269;375,230	252,388;271,50;333,490	701	1436646596
47,391;148,373;38,126	487,109;308,427;478,292	448	1436646601
472,473;177,324;281,143	247,106;418,223;346,377	274	1436646609
421,235;123,132;65,237	342,269;166,214;478,98	195	1436646616
17,46;151,56;365,187	18,46;129,319;186,322	747	1436646624
47,391;148,373;38,126	281,362;194,29;475,61	838	1436646631
323,49;351,327;93,154	447,297;290,60;33,292	195	1436646637
110,311;412,270;173,22	56,367;227,180;434,331	325	1436646643
361,351;363,67;427,305	43,60;57,28;392,440	829	1436646650
69,415;314,259;136,252	488,58;345,285;360,414	922	1436646656
409,97;164,30;421,26	69,86;191,148;342,362	895	1436646662
50,230;454,95;53,165	204,363;172,466;209,314	957	1436646668
340,30;42,217;206,132	152,110;270,403;454,172	981	1436646675
257,79;44,47;465,358	359,68;262,342;249,77	858	1436646681
398,474;21,332;153,380	398,474;21,332;153,380	81	1436646687
434,46;256,333;263,59	179,51;166,202;171,61	983	1436646692
347,119;193,213;98,56	36,167;114,473;20,407	693	1436646699
165,353;21,269;375,230	384,115;189,477;80,480	868	1436646704
264,426;482,179;18,329	149,117;367,288;23,246	379	1436646710
254,421;291,307;450,150	164,319;459,294;484,371	859	1436646715
210,360;436,33;381,23	206,113;177,362;187,165	898	1436646721
87,22;183,211;222,311	196,441;92,490;489,400	918	1436646726
94,322;203,172;357,266	16,176;269,168;464,452	696	1436646731
149,207;426,247;34,439	485,409;304,208;147,195	759	1436646737
348,115;438,274;26,142	480,457;437,123;195,130	452	1436646743
242,307;222,412;123,230	381,394;267,248;95,393	440	1436646750
27,166;224,232;336,184	38,478;339,296;371,167	360	1436646757
430,321;167,177;252,84	144,420;194,311;223,357	354	1436646763
251,74;93,335;92,461	49,174;366,415;390,469	259	1436646768
344,39;276,30;391,483	270,439;209,46;166,229	856	1436646774
428,58;228,125;188,159	431,73;404,87;227,51	162	1436646779
418,339;165,412;331,453	459,15;208,311;428,377	344	1436646784
50,312;460,337;35,192	50,312;460,337;35,192	172	1436646791
402,169;85,444;140,467	232,213;47,20;172,327	655	1436646796
76,358;489,417;96,438	94,53;484,222;281,202	621	1436646801
163,216;333,451;54,330	134,13;140,144;415,334	872	1436646807
102,118;102,245;165,280	389,309;281,369;315,414	156	1436646812
472,215;100,255;419,377	363,112;143,353;198,166	729	1436646818
431,191;206,303;333,343	327,488;97,469;396,85	307	1436646824
195,212;111,183;273,283	122,325;334,368;415,413	693	1436646832
80,481;154,280;176,316	374,428;35,330;428,283	906	1436646837
43,236;379,412;248,230	177,369;292,477;139,124	857	1436646842
264,426;482,179;18,329	381,287;98,465;197,81	231	1436646848
254,421;291,307;450,150	256,285;202,395;15,420	899	1436646855
449,355;270,417;408,141	409,343;412,43;74,248	332	1436646860
157,330;383,123;233,46	280,391;58,440;302,204	811	1436646865
264,426;482,179;18,329	148,50;371,445;415,108	427	1436646870
472,215;100,255;419,377	395,450;252,102;71,26	801	1436646875
134,15;380,375;383,339	294,88;143,454;265,180	623	1436646882
153,463;432,51;459,380	463,139;448,72;208,206	728	1436646887
149,207;426,247;34,439	300,158;440,440;375,229	695	1436646891
165,353;21,269;375,230	106,159;435,43;478,413	401	1436646896
94,307;461,136;180,138	62,79;175,107;194,372	781	1436646906
472,215;100,255;419,377	138,278;265,22;469,390	287	1436646911
242,113;191,118;265,35	368,482;347,61;398,24	907	1436646917
69,233;114,276;185,426	413,94;434,368;148,336	898	1436646923
401,471;68,88;169,403	424,110;340,177;82,93	945	1436646929
391,41;216,359;395,193	381,167;418,187;105,322	934	1436646935
23,28;369,459;24,30	383,212;438,362;300,233	998	1436646943
430,321;167,177;252,84	276,282;254,431;163,95	821	1436646948
361,351;363,67;427,305	381,14;471,402;346,225	676	1436646955
430,321;167,177;252,84	336,467;194,458;275,271	592	1436646961
436,397;257,297;167,38	64,266;328,270;463,207	910	1436647017
480,38;252,384;356,117	334,457;74,299;485,465	315	1436647022
44,216;18,283;221,415	266,367;337,405;306,62	307	1436647030
405,436;101,292;58,122	118,176;199,142;413,211	929	1436647036
50,230;454,95;53,165	380,87;440,468;197,363	727	1436647041
123,16;245,433;427,46	202,483;15,268;44,271	898	1436647046
44,216;18,283;221,415	168,269;218,280;160,455	378	1436647051
124,345;201,455;325,98	418,284;454,42;176,179	879	1436647057
76,358;489,417;96,438	164,163;249,12;210,280	859	1436647062
95,62;424,16;22,167	383,41;124,296;297,65	633	1436647066
54,357;250,374;174,378	417,450;446,472;95,69	974	1436647071
131,240;276,317;442,73	478,387;470,97;33,263	685	1436647076
111,29;269,311;167,257	234,320;135,162;253,322	902	1436647081
340,30;42,217;206,132	164,189;387,473;180,169	954	1436647086
432,302;326,365;176,313	220,181;253,325;104,440	857	1436647092
291,391;115,291;366,15	421,11;424,314;321,359	901	1436647097
76,358;489,417;96,438	473,78;350,58;148,364	307	1436647102
133,101;295,433;131,252	378,96;282,317;21,404	353	1436647108
126,368;285,161;160,117	315,158;325,280;43,454	871	1436647114
281,293;134,442;28,68	45,315;211,377;356,247	280	1436647120
302,153;253,50;22,320	105,76;489,316;217,303	826	1436647125
44,216;18,283;221,415	342,417;74,421;90,266	826	1436647130
296,456;489,49;273,334	310,474;162,104;406,322	705	1436647135
254,421;291,307;450,150	397,188;262,403;452,446	660	1436647140
288,255;363,115;201,424	38,438;474,40;150,427	995	1436647145
181,63;482,423;371,275	18,122;264,75;320,226	983	1436647150
244,342;60,435;47,354	457,474;160,187;265,341	775	1436647155
50,230;454,95;53,165	31,129;166,247;441,128	932	1436647160
337,448;107,426;240,98	27,34;43,401;378,338	379	1436647164
174,82;267,278;237,127	203,71;102,468;159,413	814	1436647169
77,378;218,284;101,337	248,310;217,325;107,404	921	1436647176
65,176;422,68;95,428	319,201;118,94;77,325	576	1436647184
272,210;70,139;335,222	395,276;179,240;244,11	993	1436647190
367,14;142,80;418,272	121,214;488,205;306,352	174	1436647195
434,46;256,333;263,59	180,383;309,426;474,70	463	1436647201
89,154;125,240;275,406	451,112;349,148;32,220	249	1436647206
84,95;168,25;195,325	288,366;96,284;480,234	643	1436647212
259,12;379,60;30,391	259,12;379,60;30,391	0	1436647218
281,293;134,442;28,68	465,65;460,417;54,188	439	1436647225
143,253;192,483;17,377	205,466;392,63;67,64	736	1436647230
430,321;167,177;252,84	28,285;195,31;394,204	782	1436647236
335,49;222,158;461,361	428,477;354,386;94,266	847	1436647242
372,17;80,106;317,46	428,111;409,93;139,364	683	1436647247
5F5x5M359