136	L	0.0.0.0	1436653710
86,169;120,216;436,399	144,391;208,137;457,168	1000	1436653940
86,78;211,107;147,483	300,72;222,477;113,110	587	1436653953
42,319;93,132;46,412	429,92;312,197;119,197	618	1436653970
321,361;415,193;224,237	321,361;415,193;224,237	0	1436653984
213,263;455,213;370,59	177,372;447,44;475,193	525	1436654002
280,308;219,21;355,351	311,180;66,426;446,166	454	1436654013
345,271;35,466;332,304	62,117;405,304;117,132	199	1436654030
23,364;134,110;403,38	116,297;161,115;55,347	985	1436654076
370,85;465,143;135,386	32,359;35,336;358,206	915	1436654115
215,192;480,472;474,272	446,53;272,484;12,283	580	1436654126
169,174;201,74;213,342	448,154;300,272;415,474	639	1436654359
50,230;454,95;53,165	26,389;360,73;43,289	273	1436654366
361,351;363,67;427,305	98,147;90,140;35,432	873	1436654374
259,12;379,60;30,391	259,12;379,60;30,391	0	1436654383
431,305;150,332;312,23	472,185;235,118;68,453	360	1436654392
483,288;358,370;376,107	74,280;331,249;162,485	461	1436654399
149,207;426,247;34,439	416,110;246,196;124,25	561	1436654405
374,59;242,356;173,349	459,388;378,413;290,230	439	1436654411
102,293;336,237;371,154	257,268;33,217;330,83	672	1436654417
486,420;466,135;48,26	382,358;379,254;381,438	1000	1436654424
328,478;105,100;94,196	48,250;333,219;402,214	904	1436654431
285,76;399,27;79,194	51,147;464,280;363,373	816	1436654436
414,279;234,378;327,128	420,481;171,363;286,93	455	1436654459
153,59;299,332;405,355	311,259;487,28;79,424	489	1436654472
454,150;330,203;41,29	177,53;321,240;159,198	621	1436654480
348,115;438,274;26,142	294,261;414,466;84,395	398	1436654488
149,202;405,197;237,458	338,458;143,92;81,435	569	1436654497
410,21;23,131;384,198	213,429;250,188;368,488	546	1436654504
94,322;203,172;357,266	250,364;173,485;448,285	424	1436654510
430,321;167,177;252,84	456,340;310,421;284,399	751	1436654517
149,207;426,247;34,439	24,229;429,31;372,486	593	1436654525
115,72;67,147;76,253	15,393;87,394;237,116	524	1436654536
94,322;203,172;357,266	426,230;53,87;347,258	756	1436654543
248,388;417,384;69,239	106,377;346,423;326,17	652	1436654551
44,216;18,283;221,415	95,242;56,373;386,82	372	1436654557
33,340;232,347;403,490	172,190;104,422;252,357	594	1436654565
254,421;291,307;450,150	465,26;130,363;332,126	189	1436654571
232,355;40,419;462,92	444,153;223,419;84,305	363	1436654577
254,421;291,307;450,150	164,319;459,294;484,371	524	1436654583
115,72;67,147;76,253	172,302;218,210;289,238	291	1436654590
258,394;226,462;316,354	386,234;448,302;376,183	49	1436654602
69,152;201,28;484,436	395,222;488,16;67,120	634	1436654648
152,232;337,385;356,369	103,149;66,68;42,33	103	1436654658
322,71;409,323;67,452	439,414;39,315;331,423	707	1436654665
83,486;84,230;32,399	41,169;129,186;376,108	200	1436654672
462,290;336,373;18,373	272,334;208,265;88,128	842	1436654680
215,192;480,472;474,272	270,411;148,110;448,265	106	1436654688
215,192;480,472;474,272	111,330;18,164;120,232	372	1436654694
472,215;100,255;419,377	452,116;233,398;149,192	120	1436654702
348,392;211,473;351,51	134,327;221,114;241,340	605	1436654716
149,207;426,247;34,439	202,158;197,450;230,450	333	1436654723
361,351;363,67;427,305	217,346;367,361;22,441	560	1436654729
94,322;203,172;357,266	432,177;142,406;134,51	700	1436654736
115,72;67,147;76,253	363,150;175,370;297,483	861	1436654743
50,230;454,95;53,165	39,39;147,408;156,364	227	1436654750
413,36;359,63;226,311	103,487;450,73;299,109	626	1436654758
163,216;333,451;54,330	134,13;140,144;415,334	445	1436654765
426,423;260,418;118,450	449,337;55,464;130,406	296	1436654772
196,412;444,339;304,208	24,282;236,128;118,312	282	1436654777
254,421;291,307;450,150	450,370;129,122;480,363	477	1436654784
50,312;460,337;35,192	50,312;460,337;35,192	45	1436654790
239,29;273,395;53,470	135,388;176,420;412,363	902	1436654796
44,216;18,283;221,415	384,133;421,403;61,150	602	1436654803
50,230;454,95;53,165	190,353;360,159;461,146	399	1436654812
94,322;203,172;357,266	365,409;158,221;447,80	688	1436654818
347,465;436,31;226,388	152,280;176,363;218,447	1000	1436654825
436,397;257,297;167,38	323,283;33,432;487,340	372	1436654831
163,62;52,204;431,228	345,79;422,369;26,221	610	1436654837
89,154;125,240;275,406	159,130;324,455;152,185	233	1436654844
44,216;18,283;221,415	431,182;311,399;152,448	557	1436655052
480,200;18,58;163,93	109,186;388,295;300,248	137	1436655059
376,89;467,261;385,373	204,184;188,262;278,453	435	1436655067
99,128;43,391;145,125	287,159;307,208;415,212	321	1436655073
47,391;148,373;38,126	101,373;133,338;336,417	171	1436655080
209,368;29,214;489,123	80,289;335,374;197,430	408	1436655087
437,184;178,47;327,275	465,38;272,65;289,38	575	1436655094
397,213;185,403;329,102	473,341;420,477;451,190	380	1436655099
410,450;320,422;291,177	400,469;420,392;161,452	527	1436655106
428,58;228,125;188,159	417,333;136,225;337,318	194	1436655114
17,46;151,56;365,187	120,465;247,323;490,300	441	1436655121
89,154;125,240;275,406	466,24;397,444;481,27	473	1436655126
102,441;228,451;13,443	360,429;341,341;281,440	657	1436655133
166,421;181,321;295,80	208,346;490,68;482,394	855	1436655139
27,166;224,232;336,184	148,312;28,16;350,450	689	1436655147
67,215;473,407;217,122	433,348;26,355;356,298	591	1436655154
457,357;145,382;487,279	264,171;304,401;261,264	632	1436655162
163,62;52,204;431,228	162,301;376,328;127,57	196	1436655173
215,27;219,183;455,63	357,374;24,11;389,151	874	1436655179
148,101;266,78;165,328	168,320;164,298;454,88	637	1436655187
328,478;105,100;94,196	339,97;22,18;422,112	944	1436655194
451,398;119,210;123,346	228,177;451,61;83,481	669	1436655200
296,456;489,49;273,334	310,474;162,104;406,322	556	1436655206
302,153;253,50;22,320	484,338;110,397;236,177	421	1436655215
196,185;272,86;44,308	72,175;477,123;216,227	883	1436655221
302,153;253,50;22,320	354,325;148,342;73,31	295	1436655227
94,322;203,172;357,266	333,465;436,215;467,250	618	1436655234
215,192;480,472;474,272	34,408;473,25;72,14	409	1436655241
287,268;26,408;462,414	95,455;230,180;324,31	866	1436655247
358,347;108,41;252,466	115,222;317,263;361,121	593	1436655253
484,140;283,393;112,280	225,139;340,239;245,280	815	1436655262
216,14;470,443;286,332	204,22;294,369;36,54	382	1436655269
89,154;125,240;275,406	175,276;440,459;380,326	456	1436655274
291,391;115,291;366,15	421,11;424,314;321,359	205	1436655280
378,208;449,317;289,20	486,363;370,368;247,142	949	1436655288
361,351;363,67;427,305	220,203;133,16;406,309	276	1436655295
237,152;242,200;252,74	366,271;477,180;246,285	228	1436655301
307,31;59,122;60,281	85,255;11,75;185,248	429	1436655307
21,405;209,205;68,213	171,346;112,327;449,130	398	1436655314
374,483;409,302;388,151	360,145;131,305;343,74	451	1436655319
47,391;148,373;38,126	96,212;118,443;273,222	295	1436655326
163,62;52,204;431,228	447,122;379,433;164,89	178	1436655333
106,64;466,431;23,193	117,336;100,35;87,161	890	1436655339
165,353;21,269;375,230	348,478;69,193;183,338	680	1436655345
305,408;116,244;28,51	434,138;83,302;268,72	564	1436655351
309,341;144,310;36,277	463,348;35,446;369,434	923	1436655357
12,445;370,373;309,478	112,277;23,349;352,193	419	1436655364
309,341;144,310;36,277	233,195;252,213;368,373	45	1436655371
23,248;123,178;127,233	346,359;16,106;282,34	826	1436655377
101,322;357,102;364,92	297,436;139,126;156,184	236	1436655384
425,47;304,304;485,343	305,217;379,28;148,47	327	1436655392
341,109;458,76;80,283	399,349;488,121;468,173	815	1436655397
111,29;269,311;167,257	234,320;135,162;253,322	599	1436655405
391,41;216,359;395,193	189,480;206,42;188,183	717	1436655411
158,71;477,84;21,80	69,317;14,310;484,183	216	1436655418
434,46;256,333;263,59	432,196;183,220;408,450	376	1436655425
73,428;373,473;471,190	238,256;399,87;388,75	906	1436655432
35,425;89,233;175,236	378,327;244,378;31,189	653	1436655438
359,211;202,311;189,66	396,452;350,317;198,395	91	1436655449
44,216;18,283;221,415	21,67;476,432;146,409	892	1436655456
94,322;203,172;357,266	102,484;319,464;434,190	613	1436655463
34,452;349,466;330,246	248,95;361,371;484,24	106	1436655469
20,66;211,36;419,422	97,132;161,481;269,190	353	1436655476
398,474;21,332;153,380	398,474;21,332;153,380	0	1436655483
430,321;167,177;252,84	157,280;261,174;50,217	578	1436655495
373,324;291,141;337,474	273,366;342,231;285,43	599	1436655501
3B7z8P402