136	L	0.0.0.0	1436654034
86,169;120,216;436,399	144,391;208,137;457,168	804	1436654116
86,78;211,107;147,483	300,72;222,477;113,110	159	1436654123
42,319;93,132;46,412	429,92;312,197;119,197	379	1436654129
321,361;415,193;224,237	321,361;415,193;224,237	0	1436654136
213,263;455,213;370,59	177,372;447,44;475,193	235	1436654142
280,308;219,21;355,351	311,180;66,426;446,166	176	1436654165
277,65;218,404;376,340	279,410;26,475;432,490	626	1436654171
174,283;179,124;480,242	250,355;19,312;379,21	246	1436654176
106,64;466,431;23,193	303,173;234,435;216,269	798	1436654182
481,117;337,115;262,351	221,487;465,152;65,70	909	1436654188
430,321;167,177;252,84	168,409;241,184;248,99	771	1436654193
340,30;42,217;206,132	144,363;86,208;164,404	498	1436654199
35,425;89,233;175,236	333,478;197,383;447,120	654	1436654204
43,236;379,412;248,230	22,107;392,460;391,361	654	1436654211
94,322;203,172;357,266	333,465;436,215;467,250	722	1436654216
119,484;412,308;426,104	60,184;124,51;442,382	178	1436654221
163,62;52,204;431,228	322,454;40,462;299,44	578	1436654226
392,219;282,229;231,459	84,300;273,150;280,387	533	1436654232
315,296;108,325;378,323	192,437;85,347;330,54	866	1436654236
207,86;344,115;103,413	148,436;327,24;445,107	573	1436654243
94,79;274,230;124,87	408,221;160,457;472,173	545	1436654249
76,358;489,417;96,438	172,99;287,173;225,36	632	1436654254
174,82;267,278;237,127	203,71;102,468;159,413	725	1436654258
44,216;18,283;221,415	54,472;372,422;286,89	881	1436654263
464,132;401,378;411,298	275,435;180,413;460,149	556	1436654268
149,207;426,247;34,439	416,110;246,196;124,25	286	1436654273
156,450;165,402;437,423	378,260;308,149;308,114	649	1436654277
480,200;18,58;163,93	463,383;229,231;173,103	357	1436654282
412,385;409,111;464,157	276,215;77,102;49,51	206	1436654286
14,381;248,59;194,65	70,352;274,237;420,185	349	1436654291
47,235;395,273;181,369	137,133;168,422;334,209	403	1436654296
436,397;257,297;167,38	25,174;34,303;393,225	369	1436654301
422,54;117,412;222,261	394,327;306,244;357,310	816	1436654306
50,230;454,95;53,165	22,78;145,45;414,486	158	1436654312
50,230;454,95;53,165	198,474;437,43;449,131	77	1436654316
54,77;346,89;206,271	432,146;249,355;208,73	0	1436654321
328,478;105,100;94,196	56,150;150,125;441,263	87	1436654326
120,421;472,311;267,13	477,266;313,294;267,467	775	1436654333
281,293;134,442;28,68	383,39;417,149;417,484	919	1436654338
89,154;125,240;275,406	154,319;486,66;20,406	352	1436654344
281,293;134,442;28,68	83,329;45,28;87,130	873	1436654350
196,412;444,339;304,208	148,372;136,244;367,245	432	1436654356
106,64;466,431;23,193	151,115;17,161;476,113	608	1436654360
358,113;129,347;208,100	216,348;84,256;488,85	486	1436654365
430,321;167,177;252,84	146,264;204,196;308,430	314	1436654370
196,412;444,339;304,208	139,79;275,251;113,397	159	1436654375
194,153;200,127;484,25	286,488;163,153;304,480	46	1436654381
17,46;151,56;365,187	52,395;28,416;346,304	114	1436654386
288,255;363,115;201,424	400,409;395,486;324,68	611	1436654391
417,459;436,439;37,319	95,293;42,185;130,322	731	1436654396
389,436;316,101;284,115	96,334;263,102;85,398	455	1436654401
163,186;70,134;472,131	355,214;404,473;292,24	657	1436654406
196,412;444,339;304,208	210,295;357,401;244,242	598	1436654410
197,303;405,437;384,36	119,399;113,49;300,263	166	1436654415
35,425;89,233;175,236	424,404;439,345;252,64	644	1436654420
391,41;216,359;395,193	317,302;332,108;251,94	616	1436654424
47,391;148,373;38,126	142,172;312,26;359,426	797	1436654429
115,72;67,147;76,253	109,135;81,252;118,175	313	1436654434
136,235;56,45;62,32	375,456;45,418;11,279	704	1436654438
279,344;160,281;150,110	197,462;257,97;51,395	624	1436654443
288,255;363,115;201,424	305,485;182,85;157,26	279	1436654449
328,478;105,100;94,196	149,155;396,486;378,79	747	1436654453
421,235;123,132;65,237	342,269;166,214;478,98	597	1436654460
381,387;378,305;42,74	200,350;129,323;91,97	281	1436654466
50,168;98,101;303,158	354,89;232,475;225,262	591	1436654471
327,170;177,387;424,302	246,421;135,12;161,420	717	1436654475
54,78;409,217;107,98	345,482;224,154;276,273	113	1436654481
148,101;266,78;165,328	168,320;164,298;454,88	749	1436654486
358,362;104,35;155,195	210,386;451,178;84,446	248	1436654490
98,206;379,52;379,157	479,169;338,341;58,46	455	1436654496
215,74;161,202;355,181	234,272;48,228;83,76	279	1436654500
259,12;379,60;30,391	259,12;379,60;30,391	0	1436654505
43,236;379,412;248,230	95,359;295,255;39,154	579	1436654511
236,458;437,368;320,145	23,458;425,295;304,43	202	1436654516
89,154;125,240;275,406	466,24;397,444;481,27	107	1436654522
419,475;306,335;396,328	306,200;13,248;454,309	704	1436654527
254,421;291,307;450,150	111,358;401,137;199,435	426	1436654532
254,411;204,226;33,172	150,116;409,153;354,373	484	1436654537
44,179;314,88;380,211	217,96;46,429;288,333	698	1436654541
420,155;335,411;113,334	154,386;186,212;221,427	821	1436654546
163,62;52,204;431,228	413,43;155,136;216,415	574	1436654551
44,216;18,283;221,415	282,47;12,279;246,100	616	1436654565
228,423;164,419;14,164	323,113;483,436;235,57	407	1436654570
50,312;460,337;35,192	50,312;460,337;35,192	0	1436654575
393,261;194,422;317,169	369,110;167,365;46,240	332	1436654581
378,189;225,250;52,217	291,16;317,324;464,366	654	1436654587
378,208;449,317;289,20	486,363;370,368;247,142	669	1436654591
249,470;254,249;292,142	483,321;304,355;83,450	152	1436654596
237,152;242,200;252,74	466,332;477,377;18,488	894	1436654603
355,396;14,459;13,254	166,173;406,412;33,409	299	1436654608
214,408;96,75;97,390	20,34;480,83;321,21	613	1436654613
398,474;21,332;153,380	398,474;21,332;153,380	0	1436654619
196,412;444,339;304,208	423,185;270,315;161,188	258	1436654623
194,118;168,256;366,62	369,119;110,453;57,116	495	1436654629
429,94;483,45;395,191	389,476;416,356;413,300	542	1436654634
155,176;250,220;156,394	472,350;99,84;101,402	861	1436654640
281,293;134,442;28,68	287,302;244,127;475,260	665	1436654645
56,378;11,174;461,430	117,196;476,489;418,138	538	1436654650
446,208;367,447;349,267	280,374;426,470;428,164	406	1436654655
281,293;134,442;28,68	232,360;125,310;279,86	622	1436654660
23,364;134,110;403,38	116,297;161,115;55,347	863	1436654666
437,319;434,366;263,222	372,444;430,380;301,346	681	1436654670
27,166;224,232;336,184	288,490;271,159;235,163	668	1436654675
279,177;37,482;90,282	24,308;190,296;469,471	174	1436654682
308,141;121,362;28,113	487,81;108,461;153,281	663	1436654686
289,438;28,139;41,283	278,306;45,295;191,355	392	1436654694
163,62;52,204;431,228	136,412;288,476;286,31	117	1436654700
403,398;260,464;121,125	412,400;85,401;402,33	605	1436654705
405,51;42,418;477,224	477,149;392,328;23,238	196	1436654709
426,309;474,137;26,222	140,395;190,74;350,253	567	1436654714
115,203;397,433;47,250	361,263;179,58;207,234	652	1436654718
43,236;379,412;248,230	408,428;284,66;130,453	663	1436654724
35,425;89,233;175,236	414,118;466,27;51,210	661	1436654728
327,271;299,329;488,206	156,186;446,155;399,178	318	1436654734
434,46;256,333;263,59	296,331;252,318;305,191	680	1436654739
145,443;100,283;481,341	305,426;477,158;276,106	576	1436654744
77,378;218,284;101,337	354,389;427,447;191,85	381	1436654748
106,64;466,431;23,193	229,134;213,370;60,17	581	1436654753
287,439;74,262;126,204	20,333;89,156;214,194	745	1436654757
426,423;260,418;118,450	174,107;256,175;422,161	332	1436654762
264,426;482,179;18,329	264,185;451,180;323,384	483	1436654767
196,412;444,339;304,208	232,291;151,372;60,232	553	1436654773
427,55;168,381;374,397	240,321;197,156;404,106	622	1436654777
160,405;214,119;331,69	293,324;261,351;356,143	527	1436654782
47,391;148,373;38,126	24,294;178,258;312,66	682	1436654787
373,324;291,141;337,474	273,366;342,231;285,43	277	1436654792
109,351;367,293;437,210	131,222;173,57;490,412	457	1436654803
115,72;67,147;76,253	50,99;91,407;77,85	584	1436654809
13,471;24,230;322,125	81,149;316,115;120,403	418	1436654813
146,221;138,125;326,301	478,194;186,433;469,348	469	1436654820
132,448;325,227;137,345	450,34;211,338;457,364	700	1436654824
83,486;84,230;32,399	338,133;351,304;67,159	806	1436654832
27,166;224,232;336,184	249,166;490,213;378,488	883	1436654836
288,255;363,115;201,424	218,147;238,86;159,281	259	1436654841
367,14;142,80;418,272	333,250;183,121;198,246	370	1436654846
2C3x7M118