136	R	0.0.0.0	1436653878
86,169;120,216;436,399	144,391;208,137;457,168	977	1436653978
86,78;211,107;147,483	300,72;222,477;113,110	101	1436653993
42,319;93,132;46,412	429,92;312,197;119,197	705	1436654002
321,361;415,193;224,237	321,361;415,193;224,237	12	1436654008
213,263;455,213;370,59	177,372;447,44;475,193	821	1436654029
280,308;219,21;355,351	311,180;66,426;446,166	83	1436654033
115,72;67,147;76,253	376,396;94,259;471,330	579	1436654044
434,46;256,333;263,59	201,144;389,113;203,128	351	1436654051
283,485;226,233;402,139	206,223;296,375;387,185	748	1436654056
76,358;489,417;96,438	268,394;192,362;340,27	68	1436654064
436,397;257,297;167,38	236,52;253,110;232,85	271	1436654072
281,293;134,442;28,68	92,120;240,335;345,231	183	1436654078
84,411;347,471;487,416	238,57;391,391;172,280	833	1436654083
163,62;52,204;431,228	175,338;482,137;258,88	242	1436654089
451,398;119,210;123,346	284,28;81,101;17,367	519	1436654103
486,420;466,135;48,26	484,303;349,486;198,396	392	1436654110
163,62;52,204;431,228	345,79;422,369;26,221	667	1436654118
398,426;355,402;317,366	460,31;16,146;108,437	540	1436654122
94,322;203,172;357,266	483,421;108,268;103,322	987	1436654127
451,398;119,210;123,346	30,435;291,390;364,314	471	1436654133
50,312;460,337;35,192	50,312;460,337;35,192	31	1436654138
17,46;151,56;365,187	37,117;95,440;38,338	351	1436654146
481,375;321,301;145,217	366,211;100,186;180,204	621	1436654153
391,41;216,359;395,193	295,459;67,363;25,318	652	1436654158
410,21;23,131;384,198	213,429;250,188;368,488	79	1436654165
165,353;21,269;375,230	427,73;395,381;203,67	222	1436654170
367,14;142,80;418,272	163,269;121,128;283,26	548	1436654175
281,293;134,442;28,68	83,329;45,28;87,130	778	1436654180
250,434;394,168;173,377	30,105;319,360;355,307	23	1436654187
131,57;314,372;358,369	246,237;107,156;337,404	739	1436654191
264,426;482,179;18,329	174,329;253,295;478,368	431	1436654198
56,362;170,211;301,300	393,61;455,232;274,429	232	1436654203
264,426;482,179;18,329	130,86;440,186;292,319	194	1436654209
419,40;334,89;211,353	52,367;363,174;336,125	729	1436654216
257,356;335,18;354,345	55,59;58,90;405,177	441	1436654221
451,398;119,210;123,346	190,488;251,345;218,259	685	1436654226
289,275;124,139;404,132	64,350;300,209;209,225	752	1436654231
17,46;151,56;365,187	120,465;247,323;490,300	407	1436654237
347,119;193,213;98,56	108,378;250,39;36,122	49	1436654243
14,381;248,59;194,65	233,332;461,68;325,487	119	1436654248
128,132;337,389;332,33	317,130;344,475;80,287	115	1436654255
426,423;260,418;118,450	354,88;39,168;117,182	728	1436654261
281,293;134,442;28,68	28,410;71,165;345,120	377	1436654269
165,353;21,269;375,230	32,284;351,32;251,325	405	1436654279
346,199;75,473;477,351	147,200;283,61;357,403	233	1436654284
149,207;426,247;34,439	161,285;404,363;448,288	892	1436654291
302,153;253,50;22,320	14,26;39,391;360,370	106	1436654296
86,365;76,439;104,273	48,237;484,281;111,210	571	1436654303
433,332;210,192;446,14	271,215;106,381;344,340	268	1436654309
380,204;304,39;187,259	319,265;452,462;178,466	65	1436654315
64,471;460,96;458,377	254,158;397,78;475,205	243	1436654322
17,46;151,56;365,187	227,326;352,223;171,87	760	1436654327
331,59;98,201;91,149	297,426;384,314;116,88	313	1436654334
79,252;45,465;167,168	122,184;108,148;130,275	314	1436654341
17,46;151,56;365,187	21,46;426,325;344,299	243	1436654347
44,216;18,283;221,415	95,242;56,373;386,82	238	1436654352
393,113;214,80;96,118	466,29;28,90;32,117	969	1436654357
434,46;256,333;263,59	201,31;114,427;426,341	945	1436654367
67,103;344,224;382,145	389,362;330,65;111,12	619	1436654377
47,391;148,373;38,126	436,490;351,295;146,246	842	1436654386
200,326;272,200;19,224	127,55;199,312;398,393	373	1436654391
372,26;122,227;271,268	293,78;48,326;324,271	141	1436654396
76,358;489,417;96,438	453,59;179,170;484,217	604	1436654404
281,293;134,442;28,68	490,141;277,95;429,99	834	1436654419
44,216;18,283;221,415	168,269;218,280;160,455	157	1436654426
163,62;52,204;431,228	13,327;424,174;60,92	74	1436654432
451,398;119,210;123,346	59,467;443,372;347,132	655	1436654439
46,386;200,316;17,387	41,298;315,281;162,277	675	1436654461
437,319;434,366;263,222	188,249;297,73;407,19	882	1436654471
232,450;479,56;58,230	477,184;305,142;463,309	603	1436654478
430,321;167,177;252,84	187,436;41,477;435,182	860	1436654485
121,489;429,239;65,380	146,167;97,388;482,190	414	1436654499
77,378;218,284;101,337	48,360;209,335;312,375	191	1436654506
347,119;193,213;98,56	434,27;176,227;414,424	263	1436654513
264,426;482,179;18,329	386,407;448,165;120,424	268	1436654532
428,58;228,125;188,159	174,402;85,465;258,325	564	1436654538
456,169;457,69;120,61	49,197;412,103;22,53	37	1436654548
451,398;119,210;123,346	429,213;257,228;13,413	616	1436654555
367,14;142,80;418,272	157,460;102,74;394,454	649	1436654561
77,378;218,284;101,337	215,241;326,234;38,256	459	1436654570
357,452;459,332;190,314	152,200;24,147;358,186	447	1436654580
490,171;176,107;107,269	150,22;417,16;374,391	132	1436654585
413,36;359,63;226,311	103,487;450,73;299,109	129	1436654590
215,192;480,472;474,272	70,435;167,359;65,336	380	1436654595
434,46;256,333;263,59	311,71;418,298;48,144	314	1436654605
363,136;200,405;255,458	168,176;292,273;88,78	762	1436654610
37,199;83,217;133,28	135,488;348,464;161,15	205	1436654615
76,347;113,369;99,460	62,42;81,20;367,144	347	1436654622
215,192;480,472;474,272	116,112;465,42;445,182	575	1436654640
398,474;21,332;153,380	398,474;21,332;153,380	0	1436654649
70,177;108,411;342,128	363,482;480,149;124,25	159	1436654654
288,255;363,115;201,424	361,328;456,371;192,254	0	1436654664
305,104;59,376;250,409	438,169;219,69;386,479	361	1436654674
154,238;467,70;310,310	130,230;295,35;189,143	157	1436654683
135,41;460,109;390,41	134,365;267,341;184,252	704	1436654689
367,14;142,80;418,272	335,20;184,106;127,358	532	1436654705
344,39;276,30;391,483	270,439;209,46;166,229	457	1436654711
386,315;443,160;486,139	372,32;378,71;181,444	47	1436654717
236,141;360,287;97,263	180,440;464,397;23,395	396	1436654725
411,385;75,466;242,191	202,344;106,95;13,283	288	1436654730
209,487;360,42;61,305	104,372;93,347;180,270	46	1436654737
17,46;151,56;365,187	385,420;88,55;100,140	660	1436654742
25,366;463,113;459,357	216,130;125,370;129,303	519	1436654750
163,62;52,204;431,228	472,357;100,166;434,405	410	1436654759
281,293;134,442;28,68	284,206;145,385;360,278	140	1436654766
80,481;154,280;176,316	374,428;35,330;428,283	125	1436654773
238,224;430,459;354,20	222,61;94,426;439,408	581	1436654779
33,209;12,45;453,237	180,364;27,47;409,62	758	1436654784
149,207;426,247;34,439	487,320;180,105;346,471	488	1436654821
340,383;182,282;34,79	57,359;448,26;122,239	390	1436654826
17,46;151,56;365,187	402,427;51,427;54,191	729	1436654833
157,361;169,91;49,447	309,437;364,384;156,363	209	1436654839
43,236;379,412;248,230	356,466;387,109;404,232	605	1436654844
188,443;158,207;184,286	480,380;354,230;319,283	482	1436654850
165,353;21,269;375,230	62,486;154,330;41,481	272	1436654857
47,391;148,373;38,126	433,285;250,394;174,229	671	1436654876
27,166;224,232;336,184	12,484;355,52;253,125	256	1436654889
336,289;102,247;285,196	316,79;326,481;199,283	267	1436654893
391,41;216,359;395,193	381,167;418,187;105,322	556	1436654902
43,236;379,412;248,230	354,58;272,446;252,186	289	1436654907
307,219;449,393;84,274	209,212;362,294;120,87	440	1436654911
49,112;364,31;448,309	303,413;340,202;440,458	315	1436654916
284,63;406,327;288,260	428,246;323,288;181,462	180	1436654922
486,420;466,135;48,26	267,99;487,317;206,98	716	1436654930
302,153;253,50;22,320	484,338;110,397;236,177	717	1436654935
17,46;151,56;365,187	460,210;116,485;106,355	346	1436654939
259,12;379,60;30,391	259,12;379,60;30,391	20	1436654946
133,266;300,97;377,234	55,483;288,168;211,295	562	1436654962
17,46;151,56;365,187	274,158;266,436;245,144	281	1436654969
434,46;256,333;263,59	262,480;400,425;242,140	548	1436654977
74,248;95,41;316,390	21,358;398,387;206,210	341	1436654983
391,41;216,359;395,193	472,46;326,13;83,295	82	1436654991
131,240;276,317;442,73	478,387;470,97;33,263	742	1436655000
348,115;438,274;26,142	394,297;413,70;110,179	599	1436655007
361,351;363,67;427,305	217,346;367,361;22,441	524	1436655016
3G6x7M140