136	L	0.0.0.0	1436646274
86,169;120,216;436,399	144,391;208,137;457,168	737	1436646366
86,78;211,107;147,483	300,72;222,477;113,110	315	1436646382
42,319;93,132;46,412	429,92;312,197;119,197	785	1436646396
321,361;415,193;224,237	321,361;415,193;224,237	46	1436646418
213,263;455,213;370,59	177,372;447,44;475,193	664	1436646428
280,308;219,21;355,351	311,180;66,426;446,166	535	1436646450
196,412;444,339;304,208	471,57;76,353;53,84	662	1436646461
223,126;340,163;87,453	303,264;60,108;290,28	677	1436646471
16,42;318,315;118,80	236,169;446,463;30,471	927	1436646484
163,62;52,204;431,228	351,144;51,462;425,394	651	1436646495
195,212;111,183;273,283	122,325;334,368;415,413	743	1436646507
434,42;258,218;447,313	153,160;178,375;46,188	669	1436646516
67,215;473,407;217,122	381,312;488,427;488,198	774	1436646527
264,426;482,179;18,329	474,245;25,323;24,446	744	1436646538
140,445;339,480;74,382	365,29;67,252;128,347	733	1436646549
76,347;113,369;99,460	75,306;31,71;34,452	845	1436646557
320,418;228,280;13,41	153,373;477,330;289,71	915	1436646564
415,162;135,449;331,60	183,291;66,456;432,283	801	1436646572
347,119;193,213;98,56	434,27;176,227;414,424	658	1436646580
324,14;418,79;322,368	485,29;306,63;71,275	756	1436646608
459,123;309,420;219,404	482,84;219,130;416,54	787	1436646622
77,378;218,284;101,337	354,389;427,447;191,85	785	1436646627
115,203;397,433;47,250	361,263;179,58;207,234	668	1436646639
106,64;466,431;23,193	50,418;208,291;143,379	881	1436646646
260,215;464,485;209,59	417,288;465,445;162,198	807	1436646653
447,83;485,459;160,469	145,292;204,47;480,245	624	1436646661
326,263;82,340;352,362	342,421;60,488;182,292	630	1436646672
426,423;260,418;118,450	277,431;48,272;464,88	886	1436646684
423,315;45,250;19,53	199,488;39,87;424,187	768	1436646692
439,479;314,286;38,166	209,334;455,191;136,226	830	1436646707
254,421;291,307;450,150	447,36;60,393;316,321	723	1436646715
430,321;167,177;252,84	146,264;204,196;308,430	586	1436646727
35,425;89,233;175,236	370,357;236,281;354,392	597	1436646734
367,14;142,80;418,272	474,455;87,130;302,308	987	1436646742
47,391;148,373;38,126	268,435;471,183;132,70	763	1436646749
237,152;242,200;252,74	331,81;449,429;416,181	850	1436646762
214,58;329,67;163,421	376,41;382,90;35,413	859	1436646769
308,141;121,362;28,113	487,81;108,461;153,281	847	1436646775
430,321;167,177;252,84	308,37;283,127;452,267	743	1436646785
76,358;489,417;96,438	104,124;239,478;56,356	792	1436646792
451,398;119,210;123,346	27,465;459,342;68,109	715	1436646800
391,41;216,359;395,193	178,256;190,464;316,57	687	1436646805
215,192;480,472;474,272	70,435;167,359;65,336	751	1436646815
50,230;454,95;53,165	484,91;125,384;21,344	648	1436646821
218,279;290,470;372,91	69,232;354,76;62,471	551	1436646839
264,426;482,179;18,329	415,264;467,45;92,324	303	1436646848
485,183;350,205;317,228	314,360;259,150;232,297	897	1436646855
328,478;105,100;94,196	309,397;125,137;162,201	903	1436646867
87,22;183,211;222,311	196,441;92,490;489,400	838	1436646875
451,398;119,210;123,346	238,436;85,456;111,61	543	1436646885
457,165;192,326;265,107	472,348;412,161;90,91	459	1436646894
134,64;131,247;225,178	428,399;271,25;408,68	674	1436646901
437,319;434,366;263,222	359,335;198,472;343,228	620	1436646909
76,358;489,417;96,438	454,436;119,456;124,95	799	1436646918
369,71;75,28;27,254	12,285;209,101;71,444	612	1436646924
43,236;379,412;248,230	80,229;39,367;79,61	814	1436646933
76,347;113,369;99,460	131,293;66,276;442,247	734	1436646938
90,423;62,361;169,336	443,345;272,229;181,265	680	1436646948
106,64;466,431;23,193	226,166;15,19;283,456	777	1436646960
372,17;80,106;317,46	428,111;409,93;139,364	676	1436646968
348,115;438,274;26,142	73,211;359,321;153,325	597	1436646975
122,281;39,151;209,490	44,427;383,241;389,202	628	1436646981
154,238;467,70;310,310	253,310;37,331;44,63	360	1436646987
347,486;436,94;124,465	65,109;444,99;440,235	398	1436646996
132,173;72,359;17,327	359,401;198,198;149,341	697	1436647005
77,378;218,284;101,337	335,137;172,104;289,285	732	1436647012
218,109;361,185;123,379	409,197;16,355;259,390	650	1436647027
222,408;164,124;245,176	281,318;253,146;20,273	672	1436647035
154,238;467,70;310,310	26,361;69,167;450,351	324	1436647044
118,71;352,404;451,404	461,431;182,15;372,97	411	1436647051
254,421;291,307;450,150	222,225;31,39;422,436	899	1436647062
83,486;84,230;32,399	243,416;388,300;221,291	607	1436647070
426,423;260,418;118,450	376,74;375,49;376,294	951	1436647077
281,293;134,442;28,68	465,65;460,417;54,188	429	1436647088
77,378;218,284;101,337	48,360;209,335;312,375	428	1436647093
299,440;289,210;181,414	426,395;271,396;263,219	395	1436647099
480,200;18,58;163,93	451,351;183,315;101,190	795	1436647106
94,322;203,172;357,266	149,449;374,197;125,11	374	1436647113
23,28;369,459;24,30	142,321;439,197;64,305	813	1436647119
44,216;18,283;221,415	325,65;249,391;164,231	438	1436647128
289,168;87,464;57,220	172,31;395,82;24,404	312	1436647139
106,64;466,431;23,193	338,166;105,359;216,419	235	1436647145
387,278;60,469;402,475	363,323;485,275;37,405	879	1436647152
149,207;426,247;34,439	116,324;291,439;137,460	342	1436647167
254,421;291,307;450,150	133,332;183,468;179,477	880	1436647173
414,489;468,222;467,385	249,131;232,155;40,466	852	1436647178
54,78;409,217;107,98	345,482;224,154;276,273	561	1436647186
30,231;131,192;281,449	189,108;90,242;244,233	442	1436647191
144,277;199,257;323,247	16,362;453,26;140,407	843	1436647197
68,282;389,465;290,59	408,406;348,456;390,142	743	1436647204
196,412;444,339;304,208	231,393;218,80;193,459	799	1436647209
228,339;349,374;222,436	172,281;177,257;128,250	579	1436647218
89,154;125,240;275,406	358,166;433,103;32,239	558	1436647226
391,333;115,44;465,145	172,389;403,152;60,146	345	1436647234
428,425;425,339;146,102	27,401;150,220;396,472	725	1436647239
65,301;454,395;167,284	296,71;96,98;170,80	774	1436647245
331,59;98,201;91,149	297,426;384,314;116,88	707	1436647249
237,152;242,200;252,74	157,315;43,116;82,80	785	1436647255
347,119;193,213;98,56	182,431;303,162;460,283	353	1436647259
214,314;416,159;480,443	36,192;329,129;318,229	622	1436647264
76,358;489,417;96,438	439,449;11,357;202,11	744	1436647271
394,137;456,46;118,364	475,307;444,311;110,141	706	1436647277
367,14;142,80;418,272	432,332;86,278;351,146	302	1436647282
14,381;248,59;194,65	266,427;353,236;339,58	730	1436647287
84,411;347,471;487,416	238,57;391,391;172,280	665	1436647292
367,14;142,80;418,272	63,106;103,235;393,177	395	1436647296
391,41;216,359;395,193	281,232;373,41;291,193	861	1436647301
215,192;480,472;474,272	116,112;465,42;445,182	293	1436647306
398,474;21,332;153,380	398,474;21,332;153,380	59	1436647312
394,19;269,372;231,245	487,155;328,128;208,459	397	1436647316
480,200;18,58;163,93	44,250;44,450;237,314	852	1436647321
418,81;141,116;372,336	488,469;300,36;35,199	407	1436647327
50,230;454,95;53,165	441,212;277,278;20,462	799	1436647332
426,423;260,418;118,450	95,286;21,28;45,88	792	1436647337
165,353;21,269;375,230	490,175;333,20;155,481	436	1436647343
50,230;454,95;53,165	160,342;198,294;109,399	901	1436647348
480,200;18,58;163,93	19,172;275,173;245,143	772	1436647352
283,480;469,358;261,39	440,113;455,380;126,273	426	1436647357
391,41;216,359;395,193	472,46;326,13;83,295	712	1436647363
236,139;206,63;253,319	293,271;293,222;286,198	743	1436647370
288,255;363,115;201,424	317,159;360,82;324,291	841	1436647376
217,369;224,465;358,28	234,428;327,246;383,66	790	1436647381
198,48;410,471;54,117	177,101;182,173;402,162	465	1436647387
214,214;351,50;32,123	13,136;324,97;397,160	652	1436647392
419,197;116,277;249,57	326,456;336,393;46,105	708	1436647396
76,347;113,369;99,460	55,165;46,94;362,485	750	1436647401
214,348;103,241;313,155	237,432;137,280;472,87	427	1436647406
35,425;89,233;175,236	414,118;466,27;51,210	384	1436647412
198,348;409,23;386,440	416,40;185,147;281,313	413	1436647417
35,425;89,233;175,236	348,377;199,334;14,41	443	1436647421
391,41;216,359;395,193	276,22;134,384;292,152	436	1436647426
242,307;222,412;123,230	381,394;267,248;95,393	436	1436647431
50,312;460,337;35,192	50,312;460,337;35,192	157	1436647437
259,12;379,60;30,391	259,12;379,60;30,391	64	1436647445
451,398;119,210;123,346	192,235;479,231;441,155	166	1436647451
3H4u8M695