136	L	0.0.0.0	1436647125
86,169;120,216;436,399	144,391;208,137;457,168	913	1436647221
86,78;211,107;147,483	300,72;222,477;113,110	214	1436647233
42,319;93,132;46,412	429,92;312,197;119,197	717	1436647245
321,361;415,193;224,237	321,361;415,193;224,237	12	1436647254
213,263;455,213;370,59	177,372;447,44;475,193	618	1436647267
280,308;219,21;355,351	311,180;66,426;446,166	182	1436647296
215,192;480,472;474,272	111,330;18,164;120,232	339	1436647365
343,382;307,38;171,63	433,69;190,327;77,422	932	1436647374
89,154;125,240;275,406	328,131;327,87;31,480	227	1436647385
50,230;454,95;53,165	368,254;76,181;451,213	187	1436647395
17,46;151,56;365,187	301,28;243,373;172,162	513	1436647407
50,312;460,337;35,192	50,312;460,337;35,192	0	1436647416
106,433;402,82;218,138	70,460;101,95;191,305	164	1436647432
25,405;103,152;313,202	113,367;326,294;187,445	445	1436647445
149,207;426,247;34,439	116,324;291,439;137,460	435	1436647453
428,58;228,125;188,159	380,244;236,244;384,216	566	1436647462
200,381;163,110;469,441	229,437;442,306;20,144	166	1436647471
55,458;458,132;432,24	382,441;276,133;36,144	720	1436647481
437,319;434,366;263,222	463,141;46,280;440,199	605	1436647491
336,164;338,255;166,164	190,35;59,294;396,294	922	1436647499
154,238;467,70;310,310	253,310;37,331;44,63	475	1436647507
89,154;125,240;275,406	322,413;106,154;433,441	416	1436647518
89,154;125,240;275,406	466,24;397,444;481,27	204	1436647525
248,388;417,384;69,239	106,377;346,423;326,17	611	1436647534
76,347;113,369;99,460	107,360;310,258;434,249	772	1436647541
319,226;148,146;22,205	451,414;108,359;273,329	72	1436647550
231,143;446,21;348,467	250,416;470,89;198,206	166	1436647559
149,207;426,247;34,439	173,417;172,254;480,287	324	1436647568
244,342;60,435;47,354	457,474;160,187;265,341	918	1436647576
165,353;21,269;375,230	384,115;189,477;80,480	832	1436647585
480,200;18,58;163,93	111,412;27,70;174,228	954	1436647592
352,130;236,484;85,263	332,304;182,55;284,85	719	1436647601
476,439;339,103;226,177	46,302;33,484;74,341	895	1436647608
436,241;346,162;209,334	302,146;240,429;419,174	294	1436647619
50,230;454,95;53,165	361,116;292,465;126,349	524	1436647627
50,230;454,95;53,165	354,143;169,180;116,263	788	1436647635
428,449;56,262;217,474	158,479;263,219;299,315	483	1436647645
348,115;438,274;26,142	452,276;177,463;171,118	849	1436647653
44,216;18,283;221,415	306,259;16,156;377,76	749	1436647667
35,425;89,233;175,236	76,438;258,66;200,446	428	1436647677
440,73;266,296;53,430	488,237;436,297;207,45	931	1436647686
299,87;198,274;274,328	414,261;391,172;183,337	594	1436647693
420,439;433,13;230,448	215,337;68,40;286,250	317	1436647703
264,426;482,179;18,329	148,50;371,445;415,108	618	1436647711
395,167;482,252;486,99	226,373;460,484;305,465	955	1436647721
27,166;224,232;336,184	187,201;153,448;195,155	951	1436647736
119,484;412,308;426,104	60,184;124,51;442,382	710	1436647750
460,478;252,489;20,253	483,72;384,328;421,216	926	1436647785
47,391;148,373;38,126	281,362;194,29;475,61	826	1436647792
65,301;454,395;167,284	296,71;96,98;170,80	931	1436647799
77,378;218,284;101,337	335,137;172,104;289,285	834	1436647806
347,119;193,213;98,56	410,238;125,257;327,105	162	1436647817
234,177;91,104;345,327	265,103;347,235;447,369	911	1436647826
436,397;257,297;167,38	317,370;182,278;338,113	688	1436647834
382,382;399,396;73,159	380,179;365,416;413,335	937	1436647842
425,47;304,304;485,343	305,217;379,28;148,47	632	1436647853
395,223;347,321;440,150	124,281;172,289;124,256	921	1436647861
344,39;276,30;391,483	270,439;209,46;166,229	632	1436647870
44,216;18,283;221,415	363,67;93,87;71,353	556	1436647878
115,72;67,147;76,253	313,42;395,107;187,189	673	1436647885
149,207;426,247;34,439	38,89;214,163;123,436	593	1436647892
47,391;148,373;38,126	142,172;312,26;359,426	560	1436647902
327,271;299,329;488,206	156,186;446,155;399,178	970	1436647915
235,310;109,428;57,128	151,198;91,194;143,204	952	1436647928
480,200;18,58;163,93	119,57;432,331;335,31	952	1436647936
361,351;363,67;427,305	389,238;269,191;223,355	766	1436647945
165,353;21,269;375,230	15,297;329,167;490,51	692	1436647952
229,300;342,199;166,104	251,113;50,453;135,125	707	1436647960
232,450;479,56;58,230	477,184;305,142;463,309	902	1436647968
239,29;273,395;53,470	135,388;176,420;412,363	881	1436647976
23,28;369,459;24,30	243,388;138,349;487,478	129	1436647985
67,215;473,407;217,122	270,156;442,34;446,293	752	1436647993
372,17;80,106;317,46	428,111;409,93;139,364	702	1436648002
255,259;442,368;388,356	344,67;373,293;393,324	112	1436648009
44,216;18,283;221,415	11,105;338,414;32,31	468	1436648016
44,216;18,283;221,415	266,367;337,405;306,62	541	1436648023
480,200;18,58;163,93	274,46;209,363;264,234	341	1436648030
190,12;205,373;332,87	483,329;11,134;481,386	669	1436648039
103,415;388,475;88,354	288,109;416,132;460,198	625	1436648046
150,440;434,194;117,390	225,26;135,153;200,168	742	1436648054
174,82;267,278;237,127	203,71;102,468;159,413	768	1436648062
89,154;125,240;275,406	211,252;214,228;381,485	203	1436648069
155,176;250,220;156,394	472,350;99,84;101,402	793	1436648078
14,381;248,59;194,65	271,335;36,87;475,470	447	1436648084
50,230;454,95;53,165	131,441;70,123;418,219	770	1436648090
367,14;142,80;418,272	55,453;158,116;312,279	205	1436648097
307,197;221,285;139,343	307,235;248,373;296,131	801	1436648105
392,275;82,167;259,63	266,135;198,301;406,109	328	1436648111
187,144;206,412;341,405	486,405;463,404;152,258	948	1436648118
240,238;360,178;247,456	230,412;304,361;396,325	952	1436648125
215,192;480,472;474,272	189,58;316,484;21,485	415	1436648136
480,200;18,58;163,93	441,86;272,56;36,71	343	1436648143
447,232;88,373;441,389	395,299;301,98;309,73	767	1436648150
14,381;248,59;194,65	364,267;191,448;379,208	333	1436648157
351,277;16,62;172,298	432,89;54,67;213,459	751	1436648165
422,54;117,412;222,261	394,327;306,244;357,310	465	1436648171
430,321;167,177;252,84	389,487;144,440;294,248	448	1436648180
35,425;89,233;175,236	342,19;66,443;72,260	460	1436648187
61,390;178,474;395,193	254,17;426,387;138,268	431	1436648195
75,214;33,260;449,416	369,17;404,392;481,289	390	1436648201
111,38;364,327;344,278	168,140;60,485;310,483	836	1436648208
43,236;379,412;248,230	253,90;463,220;124,450	391	1436648216
106,428;236,364;244,331	118,33;253,299;389,40	755	1436648223
361,351;363,67;427,305	172,408;476,13;71,388	477	1436648229
76,358;489,417;96,438	94,53;484,222;281,202	344	1436648237
47,391;148,373;38,126	43,281;15,219;315,212	168	1436648247
274,201;471,116;162,35	489,13;78,408;383,392	627	1436648257
57,110;252,318;284,70	104,252;33,341;204,102	947	1436648265
78,40;272,210;187,12	261,371;107,156;265,118	562	1436648272
56,362;170,211;301,300	393,61;455,232;274,429	537	1436648279
27,166;224,232;336,184	68,107;341,394;213,107	535	1436648288
328,478;105,100;94,196	180,276;488,476;43,29	417	1436648295
291,284;172,229;443,397	180,305;254,195;47,416	102	1436648303
266,417;349,433;185,171	432,217;45,58;303,467	888	1436648313
133,325;443,196;463,109	290,442;190,164;311,376	332	1436648319
340,30;42,217;206,132	433,98;479,239;373,159	851	1436648327
47,391;148,373;38,126	402,51;137,297;109,348	842	1436648334
437,319;434,366;263,222	38,265;63,229;168,153	407	1436648340
454,425;184,321;428,216	404,205;257,87;114,358	97	1436648346
428,58;228,125;188,159	286,83;471,280;40,395	913	1436648353
14,381;248,59;194,65	266,427;353,236;339,58	436	1436648361
149,448;192,326;127,303	79,470;106,336;137,444	55	1436648369
181,424;87,380;207,148	180,433;291,178;276,241	825	1436648377
165,353;21,269;375,230	348,390;367,79;324,80	826	1436648384
255,480;44,39;335,314	320,453;55,45;140,224	704	1436648390
89,154;125,240;275,406	392,49;15,78;466,120	755	1436648400
259,12;379,60;30,391	259,12;379,60;30,391	28	1436648407
398,474;21,332;153,380	398,474;21,332;153,380	12	1436648416
302,153;253,50;22,320	163,419;335,419;181,394	774	1436648422
434,46;256,333;263,59	447,300;225,129;103,99	749	1436648429
27,166;224,232;336,184	141,298;458,262;286,168	539	1436648435
233,210;379,177;269,373	417,22;404,66;281,58	347	1436648442
32,329;81,158;291,269	416,443;382,201;247,314	319	1436648449
194,118;168,256;366,62	369,119;110,453;57,116	675	1436648455
391,308;130,24;20,61	444,11;390,460;309,49	280	1436648462
1D4x6N464