137	L	0.0.0.0	1436647119
86,169;120,216;436,399	144,391;208,137;457,168	865	1436647233
86,78;211,107;147,483	300,72;222,477;113,110	225	1436647249
42,319;93,132;46,412	429,92;312,197;119,197	593	1436647266
321,361;415,193;224,237	321,361;415,193;224,237	0	1436647275
213,263;455,213;370,59	177,372;447,44;475,193	440	1436647283
280,308;219,21;355,351	311,180;66,426;446,166	137	1436647297
328,478;105,100;94,196	80,427;321,274;162,486	736	1436647305
439,365;425,63;231,182	215,151;445,373;184,459	127	1436647315
77,378;218,284;101,337	448,466;472,322;244,107	954	1436647323
364,32;62,161;383,238	119,62;373,207;152,268	218	1436647331
367,14;142,80;418,272	346,169;182,115;20,330	572	1436647338
50,230;454,95;53,165	68,101;283,61;213,378	982	1436647353
215,192;480,472;474,272	189,58;316,484;21,485	690	1436647363
77,378;218,284;101,337	481,142;213,292;102,439	501	1436647373
470,261;227,200;420,313	330,250;54,343;466,240	717	1436647385
279,177;37,482;90,282	24,308;190,296;469,471	130	1436647396
361,351;363,67;427,305	208,55;142,333;311,292	653	1436647406
47,391;148,373;38,126	472,236;439,26;153,198	424	1436647415
410,235;398,381;253,180	177,219;72,100;489,183	569	1436647421
385,371;300,112;305,166	268,465;373,297;235,377	866	1436647426
210,360;436,33;381,23	206,113;177,362;187,165	957	1436647433
23,28;369,459;24,30	266,197;451,377;218,169	692	1436647441
451,373;25,40;475,153	134,407;177,69;304,304	288	1436647448
391,41;216,359;395,193	189,480;206,42;188,183	615	1436647454
50,230;454,95;53,165	255,475;77,181;85,46	437	1436647462
469,183;233,465;46,183	34,108;196,458;487,78	143	1436647471
149,207;426,247;34,439	202,158;197,450;230,450	818	1436647476
302,153;253,50;22,320	424,44;270,476;50,99	780	1436647483
480,200;18,58;163,93	145,310;203,121;66,489	145	1436647493
165,353;21,269;375,230	348,478;69,193;183,338	914	1436647501
76,347;113,369;99,460	203,343;248,145;399,225	254	1436647512
70,269;193,221;253,338	241,405;13,288;114,399	348	1436647517
188,334;164,100;333,161	399,486;122,356;86,237	666	1436647523
430,321;167,177;252,84	188,406;260,434;66,267	827	1436647528
433,164;201,196;304,146	285,336;441,94;380,154	381	1436647534
426,423;260,418;118,450	233,108;445,400;311,184	139	1436647539
76,347;113,369;99,460	76,401;54,469;159,421	306	1436647546
391,41;216,359;395,193	76,242;318,236;21,323	249	1436647552
44,319;320,435;84,356	342,279;245,48;363,277	400	1436647559
114,26;479,109;395,243	65,380;47,244;460,373	194	1436647568
106,64;466,431;23,193	343,108;282,371;387,181	580	1436647574
89,154;125,240;275,406	382,268;464,29;226,430	452	1436647584
154,238;467,70;310,310	21,280;357,68;284,308	266	1436647590
255,480;44,39;335,314	320,453;55,45;140,224	899	1436647596
302,153;253,50;22,320	151,443;11,371;396,68	372	1436647602
149,472;373,24;339,29	97,321;57,276;126,36	738	1436647608
144,409;41,15;104,154	24,392;267,148;307,112	886	1436647614
51,78;78,214;266,179	361,389;374,241;119,138	310	1436647619
69,152;201,28;484,436	395,222;488,16;67,120	674	1436647627
135,261;296,77;302,265	263,140;274,41;394,463	898	1436647633
39,110;252,187;142,166	203,326;52,480;98,249	929	1436647642
317,257;169,276;69,427	178,402;219,372;160,180	698	1436647648
367,14;142,80;418,272	325,86;420,488;198,344	228	1436647653
215,192;480,472;474,272	247,97;416,32;385,378	328	1436647658
285,76;399,27;79,194	51,147;464,280;363,373	909	1436647663
348,115;438,274;26,142	13,279;241,153;168,172	924	1436647668
89,154;125,240;275,406	159,130;324,455;152,185	334	1436647673
328,478;105,100;94,196	283,424;398,231;457,116	696	1436647679
204,39;272,205;439,280	282,203;476,453;104,54	985	1436647687
133,141;387,321;387,219	450,346;345,467;216,405	288	1436647696
110,197;96,332;172,131	227,488;449,210;328,290	325	1436647702
83,486;84,230;32,399	107,460;397,79;209,402	589	1436647708
196,412;444,339;304,208	362,283;351,308;329,129	835	1436647713
27,166;224,232;336,184	238,51;297,431;479,228	844	1436647718
194,289;268,331;157,102	66,242;278,13;146,15	729	1436647725
220,320;197,212;287,275	21,253;220,58;401,264	498	1436647732
189,426;195,70;377,212	66,13;288,354;487,31	330	1436647737
367,14;142,80;418,272	359,373;323,101;89,355	46	1436647747
115,72;67,147;76,253	422,26;262,234;232,490	379	1436647754
43,236;379,412;248,230	210,276;449,362;260,408	376	1436647760
426,423;260,418;118,450	195,257;103,93;179,197	315	1436647766
208,456;197,291;73,80	21,262;280,348;153,300	557	1436647771
472,215;100,255;419,377	363,112;143,353;198,166	698	1436647778
115,72;67,147;76,253	363,150;175,370;297,483	865	1436647783
391,41;216,359;395,193	281,483;58,279;356,134	690	1436647792
34,479;326,155;36,366	417,459;149,258;103,53	621	1436647799
358,306;179,414;263,292	187,234;468,306;382,72	566	1436647806
48,339;193,331;373,396	151,451;470,205;181,403	815	1436647812
196,412;444,339;304,208	60,215;244,102;329,370	228	1436647817
398,474;21,332;153,380	398,474;21,332;153,380	0	1436647826
149,207;426,247;34,439	300,158;440,440;375,229	859	1436647835
89,154;125,240;275,406	451,112;349,148;32,220	375	1436647841
490,112;372,218;284,337	71,78;108,436;136,40	611	1436647846
484,140;283,393;112,280	225,139;340,239;245,280	838	1436647852
67,215;473,407;217,122	236,474;411,292;398,434	906	1436647860
281,293;134,442;28,68	135,261;374,139;85,207	366	1436647866
430,321;167,177;252,84	103,60;306,164;30,237	449	1436647874
14,381;248,59;194,65	480,241;415,138;404,198	1000	1436647881
243,67;134,101;413,344	454,165;116,489;458,159	1000	1436647889
109,13;349,298;369,22	170,455;275,40;240,365	920	1436647898
361,351;363,67;427,305	42,432;235,100;88,307	957	1436647904
302,153;253,50;22,320	48,418;440,107;42,423	1000	1436647910
278,223;14,348;367,271	296,350;383,15;223,156	954	1436647919
328,478;105,100;94,196	339,97;22,18;422,112	708	1436647926
480,200;18,58;163,93	29,188;14,85;141,76	1000	1436647934
367,14;142,80;418,272	483,322;433,475;194,109	626	1436647940
430,321;167,177;252,84	82,381;231,84;221,198	765	1436647945
17,46;151,56;365,187	32,130;265,155;80,116	378	1436647951
307,19;466,113;431,378	382,34;278,420;275,148	287	1436647956
428,58;228,125;188,159	394,444;260,383;184,211	434	1436647963
309,341;144,310;36,277	479,451;241,171;454,90	845	1436647967
69,270;129,267;106,441	101,395;42,82;104,57	279	1436647973
27,166;224,232;336,184	64,151;246,239;426,312	711	1436647981
17,46;151,56;365,187	401,406;367,482;134,401	838	1436647989
283,339;299,119;213,465	66,315;359,360;435,357	836	1436647994
49,464;236,423;260,188	468,181;32,69;373,440	887	1436647999
281,293;134,442;28,68	383,39;417,149;417,484	909	1436648005
428,58;228,125;188,159	378,407;143,456;43,47	1000	1436648011
47,391;148,373;38,126	461,480;53,384;60,153	750	1436648017
89,154;125,240;275,406	148,64;330,84;163,259	911	1436648022
347,119;193,213;98,56	372,385;331,413;106,131	915	1436648028
76,347;113,369;99,460	211,180;194,339;24,108	306	1436648035
50,259;249,488;86,47	175,318;213,98;48,90	422	1436648044
480,200;18,58;163,93	96,42;259,252;245,189	645	1436648050
50,312;460,337;35,192	50,312;460,337;35,192	0	1436648057
259,12;379,60;30,391	259,12;379,60;30,391	0	1436648063
106,64;466,431;23,193	379,130;153,194;219,326	602	1436648071
217,239;383,377;410,29	335,25;104,191;75,12	425	1436648077
489,281;186,280;247,51	225,400;117,429;147,307	170	1436648083
27,166;224,232;336,184	280,409;187,89;207,174	874	1436648090
214,408;96,75;97,390	20,34;480,83;321,21	778	1436648097
409,309;346,134;12,156	474,210;83,46;129,384	473	1436648103
453,108;203,62;223,163	467,49;272,104;205,404	780	1436648109
339,139;437,263;235,235	72,96;473,45;477,208	480	1436648115
194,85;468,488;88,105	279,24;262,324;282,42	963	1436648122
196,412;444,339;304,208	428,370;340,270;142,168	923	1436648130
83,257;454,269;464,300	91,98;93,367;102,277	1000	1436648137
367,14;142,80;418,272	63,106;103,235;393,177	535	1436648144
281,293;134,442;28,68	28,184;489,71;236,74	473	1436648150
231,424;126,490;261,36	133,165;334,56;300,140	838	1436648157
414,279;234,378;327,128	420,481;171,363;286,93	176	1436648163
67,215;473,407;217,122	270,156;442,34;446,293	759	1436648168
100,284;349,91;57,478	353,246;478,428;425,45	316	1436648174
437,319;434,366;263,222	349,345;98,380;236,161	868	1436648179
165,353;21,269;375,230	477,388;415,145;154,60	102	1436648185
434,46;256,333;263,59	32,329;478,128;94,134	345	1436648191
5C3x5R457