136	R	0.0.0.0	1436646649
86,169;120,216;436,399	144,391;208,137;457,168	886	1436646810
86,78;211,107;147,483	300,72;222,477;113,110	750	1436646838
42,319;93,132;46,412	429,92;312,197;119,197	888	1436646863
321,361;415,193;224,237	321,361;415,193;224,237	0	1436646881
213,263;455,213;370,59	177,372;447,44;475,193	363	1436646893
280,308;219,21;355,351	311,180;66,426;446,166	624	1436646920
394,468;235,307;343,48	209,471;173,400;112,286	974	1436646943
254,421;291,307;450,150	133,332;183,468;179,477	977	1436646961
257,356;335,18;354,345	55,59;58,90;405,177	820	1436646978
67,215;473,407;217,122	216,21;359,360;490,121	689	1436646994
76,347;113,369;99,460	80,361;99,376;316,440	798	1436647007
199,300;62,129;239,115	475,58;277,326;483,447	670	1436647017
302,153;253,50;22,320	308,325;446,360;196,125	629	1436647027
317,27;349,63;431,383	232,370;153,52;443,252	929	1436647033
264,426;482,179;18,329	372,382;58,467;79,204	539	1436647043
149,207;426,247;34,439	300,158;440,440;375,229	663	1436647052
241,182;365,56;218,205	409,151;20,371;107,125	1000	1436647063
449,258;17,126;408,307	97,53;147,25;468,335	496	1436647073
457,337;394,378;378,276	33,146;252,320;203,285	1000	1436647081
397,213;185,403;329,102	473,341;420,477;451,190	797	1436647090
456,169;457,69;120,61	49,197;412,103;22,53	702	1436647098
35,425;89,233;175,236	370,357;236,281;354,392	682	1436647111
306,231;412,156;490,64	197,235;195,81;20,78	797	1436647117
451,398;119,210;123,346	451,86;463,384;148,195	539	1436647122
76,347;113,369;99,460	211,180;194,339;24,108	531	1436647128
35,425;89,233;175,236	157,55;285,20;335,469	583	1436647143
196,412;444,339;304,208	76,40;232,484;278,411	603	1436647153
193,479;168,135;358,222	88,363;399,336;189,383	820	1436647159
396,29;378,99;240,141	220,409;277,403;301,156	521	1436647168
309,341;144,310;36,277	71,359;88,448;147,267	810	1436647174
43,236;379,412;248,230	145,83;318,250;97,342	553	1436647181
328,478;105,100;94,196	325,411;121,52;246,217	551	1436647191
76,358;489,417;96,438	57,53;344,307;414,106	559	1436647199
89,154;125,240;275,406	148,64;330,84;163,259	740	1436647210
322,132;427,305;125,89	258,378;351,123;151,253	527	1436647218
90,349;86,272;60,159	328,34;320,454;294,213	567	1436647230
259,188;370,226;309,311	149,489;39,96;338,275	460	1436647244
50,230;454,95;53,165	131,441;70,123;418,219	620	1436647250
434,46;256,333;263,59	45,264;90,463;367,385	400	1436647257
246,56;352,469;423,189	227,70;403,91;371,326	589	1436647267
77,378;218,284;101,337	425,81;82,123;70,144	567	1436647273
428,58;228,125;188,159	286,83;471,280;40,395	596	1436647279
409,97;164,30;421,26	69,86;191,148;342,362	624	1436647285
13,429;403,265;260,443	54,12;445,145;324,375	595	1436647293
450,358;17,232;64,311	341,286;309,367;153,153	587	1436647299
244,161;188,223;368,245	62,294;125,93;32,246	519	1436647315
251,74;93,335;92,461	49,174;366,415;390,469	596	1436647321
382,422;281,301;153,344	481,403;48,127;273,244	692	1436647330
166,53;129,52;467,331	213,169;69,300;362,12	820	1436647336
215,64;319,329;141,217	365,238;110,101;183,462	578	1436647341
431,305;150,332;312,23	472,185;235,118;68,453	540	1436647347
446,65;265,475;471,56	318,48;140,293;180,264	619	1436647358
364,292;84,412;177,324	386,485;446,419;400,459	576	1436647363
347,119;193,213;98,56	338,440;153,379;411,87	555	1436647369
163,62;52,204;431,228	220,266;335,228;87,247	535	1436647375
106,64;466,431;23,193	440,100;394,318;65,271	551	1436647380
49,112;364,31;448,309	303,413;340,202;440,458	526	1436647386
281,293;134,442;28,68	57,213;23,408;426,186	483	1436647394
309,23;360,111;406,300	203,442;477,266;433,344	543	1436647402
140,140;43,80;177,404	174,252;20,363;267,50	544	1436647411
321,369;13,409;17,19	449,248;273,65;308,342	601	1436647418
50,312;460,337;35,192	50,312;460,337;35,192	0	1436647430
137,485;29,24;162,282	250,173;408,414;276,231	759	1436647436
30,271;265,383;363,184	18,258;411,67;13,319	701	1436647441
398,474;21,332;153,380	398,474;21,332;153,380	0	1436647447
259,12;379,60;30,391	259,12;379,60;30,391	0	1436647455
260,215;464,485;209,59	417,288;465,445;162,198	602	1436647468
76,358;489,417;96,438	337,431;202,359;40,201	576	1436647473
16,165;142,486;443,332	388,17;51,487;278,339	581	1436647479
211,46;114,86;343,332	301,218;469,450;231,20	681	1436647484
215,192;480,472;474,272	406,115;234,98;415,404	546	1436647489
218,460;234,450;143,403	109,410;306,117;134,353	767	1436647495
23,28;369,459;24,30	307,393;440,442;63,340	687	1436647501
27,166;224,232;336,184	351,311;466,227;304,320	705	1436647510
94,322;203,172;357,266	427,325;160,356;326,67	620	1436647519
174,348;132,205;398,270	47,209;392,209;480,385	621	1436647524
43,236;379,412;248,230	411,125;192,91;309,416	593	1436647529
426,423;260,418;118,450	422,324;340,342;32,254	596	1436647535
286,450;69,253;259,14	431,233;155,149;18,397	553	1436647545
390,258;169,383;73,302	245,73;389,266;148,324	607	1436647560
76,358;489,417;96,438	349,427;244,120;20,52	596	1436647569
428,58;228,125;188,159	380,244;236,244;384,216	574	1436647576
434,46;256,333;263,59	488,434;197,377;182,220	565	1436647583
106,64;466,431;23,193	140,268;478,113;83,61	614	1436647588
382,444;23,433;417,478	339,19;261,393;370,79	544	1436647594
275,171;196,254;427,390	275,45;322,438;309,179	726	1436647600
456,223;140,201;442,74	439,308;311,84;190,258	510	1436647605
25,476;254,234;278,133	413,341;329,315;17,137	516	1436647612
434,46;256,333;263,59	315,340;23,406;88,256	532	1436647622
367,14;142,80;418,272	63,106;103,235;393,177	522	1436647628
472,215;100,255;419,377	300,84;60,199;438,268	526	1436647637
165,353;21,269;375,230	98,442;490,217;38,336	524	1436647643
76,347;113,369;99,460	34,403;303,318;152,152	641	1436647654
14,381;248,59;194,65	424,383;281,223;204,97	505	1436647665
20,66;211,36;419,422	97,132;161,481;269,190	512	1436647675
50,230;454,95;53,165	133,50;367,395;406,169	513	1436647687
106,64;466,431;23,193	50,418;208,291;143,379	686	1436647693
47,391;148,373;38,126	402,51;137,297;109,348	817	1436647699
312,344;478,390;191,459	163,268;212,449;221,251	636	1436647704
437,319;434,366;263,222	179,239;150,221;228,187	676	1436647711
134,410;95,29;379,475	232,49;179,328;95,51	589	1436647720
426,423;260,418;118,450	424,126;211,242;434,92	597	1436647726
25,128;204,20;96,353	219,175;303,139;370,372	672	1436647732
451,398;119,210;123,346	59,467;443,372;347,132	583	1436647743
50,230;454,95;53,165	366,182;96,281;203,37	693	1436647748
228,327;256,477;269,351	143,219;277,325;480,60	583	1436647754
70,269;193,221;253,338	241,405;13,288;114,399	579	1436647760
264,426;482,179;18,329	415,264;467,45;92,324	355	1436647769
272,210;70,139;335,222	395,276;179,240;244,11	730	1436647774
402,169;85,444;140,467	232,213;47,20;172,327	791	1436647779
134,15;380,375;383,339	294,88;143,454;265,180	776	1436647786
250,328;277,380;380,270	57,349;71,189;406,447	587	1436647792
275,65;445,195;450,364	346,203;475,472;84,252	549	1436647797
295,406;425,445;73,468	420,218;39,438;49,478	735	1436647803
417,137;308,231;475,150	239,318;368,294;124,127	426	1436647811
160,405;214,119;331,69	293,324;261,351;356,143	592	1436647817
486,420;466,135;48,26	455,469;460,354;203,249	72	1436647828
285,164;399,462;488,120	475,26;478,459;129,81	536	1436647833
106,64;466,431;23,193	338,166;105,359;216,419	567	1436647839
231,461;117,268;267,348	87,274;478,227;65,437	595	1436647845
235,310;109,428;57,128	151,198;91,194;143,204	878	1436647850
87,133;455,435;99,63	274,343;190,366;380,210	479	1436647862
430,321;167,177;252,84	389,487;144,440;294,248	511	1436647868
254,421;291,307;450,150	170,271;298,309;75,113	617	1436647873
243,67;134,101;413,344	454,165;116,489;458,159	1000	1436647879
251,481;380,487;314,153	281,409;98,311;423,378	619	1436647885
347,119;193,213;98,56	182,431;303,162;460,283	587	1436647892
430,321;167,177;252,84	188,406;260,434;66,267	703	1436647896
348,115;438,274;26,142	120,490;423,171;112,339	615	1436647905
94,307;461,136;180,138	62,79;175,107;194,372	422	1436647911
76,358;489,417;96,438	172,99;287,173;225,36	579	1436647917
138,108;436,99;326,436	171,450;125,371;275,74	633	1436647922
391,41;216,359;395,193	373,452;242,84;321,271	849	1436647928
149,207;426,247;34,439	162,414;445,136;19,34	562	1436647933
263,95;109,479;387,294	235,148;353,340;168,399	515	1436647939
2E4w9Q836