136	L	0.0.0.0	1436647292
86,169;120,216;436,399	144,391;208,137;457,168	993	1436647377
86,78;211,107;147,483	300,72;222,477;113,110	382	1436647385
42,319;93,132;46,412	429,92;312,197;119,197	907	1436647391
321,361;415,193;224,237	321,361;415,193;224,237	144	1436647400
213,263;455,213;370,59	177,372;447,44;475,193	399	1436647407
280,308;219,21;355,351	311,180;66,426;446,166	466	1436647413
196,412;444,339;304,208	449,163;218,413;402,77	564	1436647425
216,14;470,443;286,332	204,22;294,369;36,54	767	1436647435
391,344;151,416;294,374	269,233;475,416;460,456	1000	1436647442
389,292;309,338;307,451	435,13;169,335;175,342	993	1436647449
276,93;382,365;62,19	489,418;490,65;158,17	244	1436647455
462,290;336,373;18,373	272,334;208,265;88,128	1000	1436647461
50,312;460,337;35,192	50,312;460,337;35,192	205	1436647466
344,174;14,233;227,177	362,388;314,98;241,76	691	1436647475
242,476;305,254;419,231	346,357;92,14;183,160	854	1436647487
27,166;224,232;336,184	396,329;173,243;458,82	779	1436647493
486,420;466,135;48,26	455,469;460,354;203,249	223	1436647499
483,212;133,59;270,165	109,391;396,333;417,67	721	1436647506
326,263;82,340;352,362	342,421;60,488;182,292	279	1436647512
428,58;228,125;188,159	427,313;380,250;251,21	456	1436647519
77,378;218,284;101,337	367,347;275,14;199,42	563	1436647527
215,192;480,472;474,272	446,53;272,484;12,283	253	1436647537
165,353;21,269;375,230	295,60;228,396;215,306	731	1436647544
196,412;444,339;304,208	231,393;218,80;193,459	848	1436647551
344,366;91,297;178,387	408,391;313,388;188,23	352	1436647557
356,261;479,71;183,330	357,145;288,23;292,317	245	1436647563
348,115;438,274;26,142	365,424;425,49;304,424	453	1436647568
160,481;240,242;229,445	105,441;271,109;56,434	386	1436647579
480,412;455,122;425,314	11,187;474,330;332,416	470	1436647587
481,374;60,332;354,153	460,85;287,45;295,295	118	1436647594
437,319;434,366;263,222	325,176;286,308;400,52	869	1436647603
196,185;272,86;44,308	72,175;477,123;216,227	562	1436647610
110,311;412,270;173,22	56,367;227,180;434,331	195	1436647622
430,321;167,177;252,84	180,416;246,354;433,23	905	1436647635
281,293;134,442;28,68	83,329;45,28;87,130	445	1436647643
35,425;89,233;175,236	257,382;66,426;23,48	204	1436647664
51,321;263,278;427,390	411,127;101,190;402,367	393	1436647670
44,216;18,283;221,415	21,67;476,432;146,409	217	1436647685
480,200;18,58;163,93	20,475;302,57;284,144	272	1436647694
154,238;467,70;310,310	130,230;295,35;189,143	604	1436647701
428,58;228,125;188,159	445,18;384,53;165,412	342	1436647706
235,455;11,151;391,45	62,483;317,33;324,105	546	1436647713
89,154;125,240;275,406	358,166;433,103;32,239	429	1436647719
289,168;87,464;57,220	172,31;395,82;24,404	173	1436647726
282,28;485,294;58,277	181,303;226,54;67,287	348	1436647734
17,46;151,56;365,187	384,395;52,357;209,389	407	1436647766
94,322;203,172;357,266	16,176;269,168;464,452	248	1436647775
394,19;269,372;231,245	487,155;328,128;208,459	171	1436647781
14,381;248,59;194,65	137,370;384,18;242,292	586	1436647805
241,450;67,212;96,236	430,406;304,388;105,309	627	1436647810
328,478;105,100;94,196	80,427;321,274;162,486	340	1436647819
339,393;429,169;235,235	490,350;197,247;173,472	124	1436647830
475,223;278,64;405,397	166,141;448,168;403,402	213	1436647841
233,113;152,390;483,36	40,202;485,483;299,331	210	1436647847
77,378;218,284;101,337	48,360;209,335;312,375	258	1436647853
76,358;489,417;96,438	57,53;344,307;414,106	334	1436647858
244,54;408,274;59,21	45,181;230,428;344,63	338	1436647863
434,475;158,34;233,328	347,426;360,395;256,86	613	1436647873
395,287;467,308;414,224	439,160;476,397;25,329	212	1436647879
187,192;263,30;40,425	71,279;49,278;302,173	571	1436647886
391,41;216,359;395,193	28,108;59,261;380,311	164	1436647892
264,426;482,179;18,329	474,245;25,323;24,446	396	1436647899
450,358;17,232;64,311	341,286;309,367;153,153	409	1436647907
94,322;203,172;357,266	266,46;326,351;215,285	457	1436647914
140,364;396,396;270,149	226,362;39,57;390,14	61	1436647920
321,302;40,75;448,313	283,231;177,28;352,442	809	1436647926
35,425;89,233;175,236	221,250;461,218;60,395	616	1436647932
304,434;392,286;255,168	479,112;134,192;84,326	410	1436647939
347,402;64,223;358,402	371,253;224,176;317,233	479	1436647948
291,387;433,421;485,71	403,302;361,256;128,419	278	1436647957
446,65;265,475;471,56	318,48;140,293;180,264	226	1436647963
429,94;483,45;395,191	389,476;416,356;413,300	397	1436647970
84,95;168,25;195,325	288,366;96,284;480,234	375	1436647977
472,215;100,255;419,377	447,156;318,193;194,122	197	1436647986
156,133;327,22;187,112	69,270;189,60;70,348	998	1436647993
62,289;23,41;282,340	470,117;350,108;418,357	67	1436648002
398,474;21,332;153,380	398,474;21,332;153,380	0	1436648009
77,378;218,284;101,337	232,141;347,333;429,369	330	1436648016
410,294;414,147;241,23	226,74;436,118;266,28	347	1436648023
374,277;427,307;249,208	156,358;138,342;326,134	1000	1436648030
478,141;384,422;149,464	220,77;132,206;151,142	290	1436648038
455,460;200,267;348,322	212,490;364,191;448,193	583	1436648046
367,14;142,80;418,272	418,177;433,249;441,104	408	1436648056
163,62;52,204;431,228	345,79;422,369;26,221	113	1436648061
196,412;444,339;304,208	181,22;410,167;248,382	261	1436648067
367,14;142,80;418,272	116,365;414,272;370,108	189	1436648074
438,408;105,179;31,56	286,472;286,382;188,250	471	1436648080
436,397;257,297;167,38	338,107;374,277;449,383	345	1436648086
43,236;379,412;248,230	288,191;458,362;476,58	302	1436648092
437,319;434,366;263,222	279,423;131,321;418,99	236	1436648097
309,341;144,310;36,277	311,110;331,136;374,82	939	1436648106
148,213;106,478;487,172	240,438;302,199;452,437	263	1436648112
451,398;119,210;123,346	284,28;81,101;17,367	357	1436648117
244,336;22,332;348,265	128,197;35,206;78,51	312	1436648123
89,154;125,240;275,406	486,90;426,132;196,490	780	1436648131
165,353;21,269;375,230	22,437;67,61;457,447	226	1436648137
378,189;225,250;52,217	291,16;317,324;464,366	351	1436648145
340,30;42,217;206,132	352,122;21,69;397,176	725	1436648156
368,392;103,436;140,162	71,347;259,259;376,24	664	1436648164
374,108;448,344;303,130	277,149;173,168;244,300	315	1436648170
164,450;452,69;467,174	120,50;173,43;155,372	441	1436648175
76,347;113,369;99,460	211,426;484,161;386,345	424	1436648181
300,136;376,129;337,435	413,424;381,450;72,123	406	1436648189
255,47;434,70;485,479	247,439;58,199;397,61	444	1436648196
192,294;487,314;461,215	90,255;155,402;336,48	311	1436648202
450,488;437,127;22,141	225,408;402,218;79,291	205	1436648208
264,426;482,179;18,329	142,455;452,149;490,134	891	1436648213
105,141;402,394;353,201	270,460;12,459;476,110	256	1436648219
348,115;438,274;26,142	335,398;408,247;11,251	296	1436648225
354,100;139,176;44,88	166,187;220,339;173,148	426	1436648233
434,46;256,333;263,59	45,264;90,463;367,385	188	1436648239
264,426;482,179;18,329	174,329;253,295;478,368	228	1436648244
428,58;228,125;188,159	382,395;54,111;396,417	420	1436648250
320,97;288,294;469,456	209,123;355,46;263,475	365	1436648256
417,485;453,281;169,404	326,378;393,174;435,406	342	1436648261
259,12;379,60;30,391	259,12;379,60;30,391	4	1436648268
67,215;473,407;217,122	360,196;335,421;84,286	545	1436648276
428,58;228,125;188,159	140,31;382,302;200,71	603	1436648283
391,41;216,359;395,193	216,193;463,114;282,437	435	1436648290
254,411;204,226;33,172	150,116;409,153;354,373	339	1436648297
451,398;119,210;123,346	92,14;22,83;241,478	440	1436648303
434,46;256,333;263,59	328,78;358,397;455,363	526	1436648312
76,358;489,417;96,438	453,59;179,170;484,217	416	1436648319
163,62;52,204;431,228	316,374;207,102;416,29	522	1436648325
148,272;164,108;103,201	173,13;140,13;25,100	518	1436648331
211,347;475,203;109,470	388,441;359,80;277,409	803	1436648338
264,426;482,179;18,329	251,124;295,348;58,204	433	1436648343
361,351;363,67;427,305	307,199;340,405;210,19	738	1436648351
302,267;488,260;93,133	65,303;198,385;16,229	126	1436648358
106,64;466,431;23,193	245,249;91,374;418,418	724	1436648365
426,118;93,372;391,234	473,183;259,199;385,21	481	1436648372
87,133;455,435;99,63	274,343;190,366;380,210	557	1436648377
347,119;193,213;98,56	394,210;69,311;232,110	430	1436648383
361,351;363,67;427,305	220,203;133,16;406,309	536	1436648393
457,337;394,378;378,276	33,146;252,320;203,285	1000	1436648401
5B4y8P351