137	R	0.0.0.0	1436646622
86,169;120,216;436,399	144,391;208,137;457,168	880	1436646728
86,78;211,107;147,483	300,72;222,477;113,110	301	1436646739
42,319;93,132;46,412	429,92;312,197;119,197	422	1436646745
321,361;415,193;224,237	321,361;415,193;224,237	0	1436646752
213,263;455,213;370,59	177,372;447,44;475,193	720	1436646759
280,308;219,21;355,351	311,180;66,426;446,166	635	1436646767
289,447;355,334;405,444	23,385;140,63;483,150	648	1436646776
426,118;93,372;391,234	473,183;259,199;385,21	721	1436646782
420,439;433,13;230,448	215,337;68,40;286,250	371	1436646791
264,426;482,179;18,329	121,88;126,377;375,338	724	1436646796
50,312;460,337;35,192	50,312;460,337;35,192	383	1436646803
281,293;134,442;28,68	95,414;81,112;248,434	355	1436646808
47,391;148,373;38,126	131,433;171,48;216,219	370	1436646813
434,46;256,333;263,59	82,63;245,26;421,383	569	1436646819
35,425;89,233;175,236	484,395;14,138;127,421	671	1436646828
163,62;52,204;431,228	480,287;134,112;67,348	408	1436646836
27,166;224,232;336,184	361,109;490,288;319,142	328	1436646843
358,347;108,41;252,466	115,222;317,263;361,121	819	1436646850
326,304;449,454;98,346	459,136;231,194;140,412	222	1436646859
331,330;347,213;57,141	140,408;426,465;166,159	887	1436646865
259,12;379,60;30,391	259,12;379,60;30,391	3	1436646875
154,238;467,70;310,310	340,139;245,145;422,344	634	1436646883
234,403;315,431;187,103	300,310;361,204;269,336	354	1436646891
472,215;100,255;419,377	135,188;490,359;384,52	327	1436646896
288,255;363,115;201,424	361,328;456,371;192,254	716	1436646904
276,93;382,365;62,19	489,418;490,65;158,17	704	1436646911
237,152;242,200;252,74	45,379;103,322;384,233	760	1436646917
138,309;464,283;381,12	191,101;348,229;76,161	741	1436646922
281,293;134,442;28,68	284,206;145,385;360,278	301	1436646927
169,489;162,280;360,180	322,453;14,413;369,286	334	1436646932
163,62;52,204;431,228	168,292;452,98;483,201	747	1436646939
50,230;454,95;53,165	204,363;172,466;209,314	741	1436646945
50,230;454,95;53,165	254,476;446,66;482,67	714	1436646953
389,436;316,101;284,115	96,334;263,102;85,398	660	1436646961
222,408;164,124;245,176	281,318;253,146;20,273	774	1436646965
106,64;466,431;23,193	329,218;402,235;373,188	721	1436646970
292,416;350,79;155,60	135,387;449,95;270,413	355	1436646978
422,485;437,26;317,235	474,256;70,180;402,463	658	1436646983
426,423;260,418;118,450	469,211;229,81;453,232	1000	1436646990
328,478;105,100;94,196	339,97;22,18;422,112	228	1436646997
403,418;355,175;441,422	52,292;130,78;120,64	252	1436647004
446,303;134,198;474,105	83,307;420,322;362,466	710	1436647008
165,353;21,269;375,230	365,141;163,185;37,95	756	1436647014
232,193;166,278;430,450	51,156;232,213;175,164	734	1436647020
309,341;144,310;36,277	64,468;120,363;190,289	722	1436647025
347,119;193,213;98,56	420,258;59,405;234,482	702	1436647030
486,420;466,135;48,26	244,138;94,400;474,282	711	1436647036
430,321;167,177;252,84	29,368;283,297;275,435	764	1436647041
302,153;253,50;22,320	459,487;131,423;29,380	340	1436647093
182,111;442,395;269,211	381,351;240,131;342,405	377	1436647099
398,474;21,332;153,380	398,474;21,332;153,380	312	1436647105
117,234;296,410;462,435	22,179;13,319;15,166	294	1436647110
288,255;363,115;201,424	481,420;12,38;240,400	315	1436647115
22,234;410,399;65,307	258,114;81,46;341,182	314	1436647119
76,347;113,369;99,460	174,165;274,361;28,411	327	1436647125
47,391;148,373;38,126	407,177;178,338;428,339	320	1436647131
472,215;100,255;419,377	158,145;323,176;350,285	333	1436647136
27,166;224,232;336,184	288,490;271,159;235,163	685	1436647141
27,166;224,232;336,184	294,484;169,341;234,400	636	1436647146
154,238;467,70;310,310	39,347;470,193;325,48	407	1436647156
21,159;433,409;377,176	155,263;234,448;348,67	370	1436647161
430,321;167,177;252,84	35,263;118,73;281,484	342	1436647167
347,119;193,213;98,56	461,340;138,448;457,222	713	1436647172
44,216;18,283;221,415	46,37;23,444;247,267	643	1436647177
376,89;467,261;385,373	204,184;188,262;278,453	403	1436647184
291,284;172,229;443,397	180,305;254,195;47,416	407	1436647188
377,193;395,27;213,453	384,374;246,277;434,386	394	1436647193
472,215;100,255;419,377	292,85;298,332;400,34	812	1436647198
451,398;119,210;123,346	190,488;251,345;218,259	364	1436647204
440,223;88,407;289,158	181,414;232,130;325,282	369	1436647209
436,241;346,162;209,334	302,146;240,429;419,174	346	1436647214
231,143;446,21;348,467	250,416;470,89;198,206	400	1436647218
165,353;21,269;375,230	22,437;67,61;457,447	439	1436647222
361,351;363,67;427,305	322,264;174,295;169,61	367	1436647228
391,333;115,44;465,145	172,389;403,152;60,146	326	1436647234
106,64;466,431;23,193	151,115;17,161;476,113	695	1436647239
38,239;100,347;184,173	330,368;424,476;23,430	906	1436647245
237,152;242,200;252,74	239,120;250,173;311,35	730	1436647249
237,152;242,200;252,74	216,303;76,251;412,435	847	1436647254
94,322;203,172;357,266	188,24;233,424;85,475	756	1436647259
17,46;151,56;365,187	169,262;243,133;446,87	719	1436647263
69,415;314,259;136,252	488,58;345,285;360,414	806	1436647269
437,319;434,366;263,222	58,181;80,388;16,266	729	1436647274
367,14;142,80;418,272	333,250;183,121;198,246	755	1436647279
45,270;333,304;180,445	15,163;34,28;264,76	695	1436647283
340,30;42,217;206,132	433,98;479,239;373,159	743	1436647289
428,449;56,262;217,474	158,479;263,219;299,315	352	1436647293
165,353;21,269;375,230	430,392;348,364;388,411	356	1436647298
348,115;438,274;26,142	313,375;155,437;431,441	349	1436647303
340,30;42,217;206,132	438,48;307,474;419,357	364	1436647308
41,127;285,139;352,176	61,201;125,230;220,234	359	1436647313
133,266;300,97;377,234	55,483;288,168;211,295	345	1436647318
149,207;426,247;34,439	106,316;429,105;350,477	662	1436647332
437,92;119,438;398,282	228,303;339,291;346,67	710	1436647338
154,238;467,70;310,310	109,56;356,358;284,476	763	1436647342
367,14;142,80;418,272	72,300;382,232;152,73	716	1436647347
476,389;181,392;68,152	349,109;419,356;252,204	665	1436647352
434,46;256,333;263,59	482,231;334,88;174,316	438	1436647357
165,353;21,269;375,230	477,72;287,276;379,381	605	1436647362
76,358;489,417;96,438	459,64;52,287;43,298	783	1436647367
95,62;424,16;22,167	383,41;124,296;297,65	686	1436647372
321,139;227,30;395,84	164,360;335,110;202,338	414	1436647377
149,207;426,247;34,439	44,332;170,113;432,213	582	1436647383
147,430;48,32;237,116	12,18;203,397;281,374	772	1436647388
254,421;291,307;450,150	476,62;445,308;26,323	606	1436647393
483,84;50,74;415,78	217,271;437,17;477,237	399	1436647398
441,332;428,46;346,180	102,263;31,302;447,192	656	1436647402
114,92;60,216;67,43	105,186;212,181;123,204	661	1436647407
187,170;300,450;229,158	429,255;399,90;412,381	646	1436647412
361,351;363,67;427,305	208,55;142,333;311,292	403	1436647417
196,412;444,339;304,208	384,41;60,111;326,397	629	1436647421
347,119;193,213;98,56	145,264;197,174;415,485	785	1436647426
472,215;100,255;419,377	454,110;79,204;208,279	697	1436647430
100,284;349,91;57,478	353,246;478,428;425,45	314	1436647436
254,421;291,307;450,150	164,319;459,294;484,371	741	1436647441
264,426;482,179;18,329	148,50;371,445;415,108	312	1436647447
370,85;465,143;135,386	32,359;35,336;358,206	431	1436647453
319,226;148,146;22,205	451,414;108,359;273,329	640	1436647459
34,238;481,41;459,54	447,77;471,46;343,195	777	1436647464
426,423;260,418;118,450	240,122;239,188;340,381	808	1436647469
188,136;193,269;318,447	408,462;69,52;460,446	749	1436647475
426,423;260,418;118,450	95,286;21,28;45,88	761	1436647479
264,426;482,179;18,329	149,117;367,288;23,246	747	1436647484
50,230;454,95;53,165	57,278;473,476;298,355	700	1436647490
121,381;321,89;390,224	94,245;303,334;143,100	710	1436647495
89,154;125,240;275,406	162,69;206,234;196,156	690	1436647500
361,351;363,67;427,305	296,62;186,281;168,438	737	1436647504
14,381;248,59;194,65	266,427;353,236;339,58	734	1436647508
365,374;294,44;213,431	350,330;59,224;357,126	686	1436647513
17,46;151,56;365,187	184,51;303,273;137,41	418	1436647518
27,166;224,232;336,184	141,298;458,262;286,168	673	1436647524
350,428;81,399;260,182	171,443;337,465;436,378	706	1436647529
343,437;278,351;412,243	218,121;48,337;331,345	693	1436647533
480,200;18,58;163,93	19,172;275,173;245,143	406	1436647538
347,119;193,213;98,56	410,238;125,257;327,105	404	1436647543
163,62;52,204;431,228	337,290;479,52;342,482	343	1436647548
4C5v8P536