137	L	0.0.0.0	1436646957
86,169;120,216;436,399	144,391;208,137;457,168	832	1436647039
86,78;211,107;147,483	300,72;222,477;113,110	82	1436647047
42,319;93,132;46,412	429,92;312,197;119,197	316	1436647056
321,361;415,193;224,237	321,361;415,193;224,237	0	1436647064
213,263;455,213;370,59	177,372;447,44;475,193	356	1436647070
280,308;219,21;355,351	311,180;66,426;446,166	232	1436647076
411,41;59,322;112,267	139,165;385,304;441,473	657	1436647081
59,318;48,182;190,407	164,447;206,321;173,38	741	1436647087
20,66;211,36;419,422	97,132;161,481;269,190	424	1436647092
426,423;260,418;118,450	408,353;127,61;485,357	575	1436647097
56,410;235,188;70,347	194,167;152,168;472,479	773	1436647102
158,94;67,483;202,353	112,219;478,92;185,127	383	1436647107
44,216;18,283;221,415	33,65;48,449;22,229	767	1436647111
94,322;203,172;357,266	339,326;155,417;20,222	86	1436647116
65,301;454,395;167,284	296,71;96,98;170,80	603	1436647123
149,207;426,247;34,439	328,113;153,223;123,99	246	1436647128
436,301;49,25;186,84	418,118;213,403;255,55	660	1436647133
67,215;473,407;217,122	486,48;125,262;248,468	142	1436647138
344,160;213,36;64,343	229,32;407,376;474,280	174	1436647143
486,420;466,135;48,26	128,255;71,67;252,417	790	1436647148
437,319;434,366;263,222	179,239;150,221;228,187	393	1436647153
126,368;285,161;160,117	315,158;325,280;43,454	397	1436647157
361,351;363,67;427,305	328,208;294,442;101,305	811	1436647162
76,347;113,369;99,460	211,426;484,161;386,345	661	1436647167
430,321;167,177;252,84	29,368;283,297;275,435	424	1436647172
264,426;482,179;18,329	486,450;408,32;52,374	460	1436647177
423,130;144,393;405,225	52,28;86,55;141,269	534	1436647181
483,251;389,374;334,233	324,473;33,443;102,193	570	1436647185
328,313;30,477;434,463	313,304;247,343;94,474	983	1436647190
366,215;227,116;189,160	193,115;463,306;482,296	960	1436647195
14,193;405,407;189,95	159,164;244,308;336,296	436	1436647200
121,490;261,396;139,123	203,331;188,476;425,239	366	1436647206
328,478;105,100;94,196	195,291;177,323;439,28	1000	1436647210
391,41;216,359;395,193	413,241;490,469;84,37	625	1436647214
489,201;44,197;228,422	26,40;264,79;203,287	284	1436647219
77,378;218,284;101,337	236,153;377,446;284,152	716	1436647225
260,455;222,472;446,44	488,263;341,366;107,33	738	1436647229
35,425;89,233;175,236	378,327;244,378;31,189	397	1436647234
309,341;144,310;36,277	233,195;252,213;368,373	72	1436647242
43,236;379,412;248,230	80,229;39,367;79,61	947	1436647247
76,358;489,417;96,438	304,349;452,146;392,378	1000	1436647252
187,144;206,412;341,405	486,405;463,404;152,258	1000	1436647257
449,290;296,391;62,458	58,12;460,482;50,142	998	1436647261
171,249;16,74;392,139	12,174;381,187;462,49	723	1436647266
217,337;415,75;144,293	321,363;26,410;331,336	793	1436647271
176,459;112,57;358,106	45,425;33,479;286,135	791	1436647275
245,398;18,455;113,341	291,124;230,301;26,290	452	1436647280
53,411;332,107;275,161	203,379;338,130;158,478	348	1436647284
426,423;260,418;118,450	95,286;21,28;45,88	929	1436647290
94,322;203,172;357,266	333,465;436,215;467,250	916	1436647294
158,71;477,84;21,80	69,317;14,310;484,183	869	1436647299
99,276;44,352;63,461	124,230;180,247;47,449	934	1436647304
111,13;164,335;300,481	166,107;471,123;396,343	901	1436647309
206,38;452,472;82,271	442,102;222,170;357,461	234	1436647313
89,154;125,240;275,406	154,319;486,66;20,406	879	1436647319
163,62;52,204;431,228	162,466;252,98;17,105	899	1436647324
101,44;375,455;273,83	51,234;69,470;209,232	439	1436647328
340,30;42,217;206,132	438,48;307,474;419,357	914	1436647333
35,425;89,233;175,236	197,258;450,389;152,164	378	1436647341
398,474;21,332;153,380	398,474;21,332;153,380	0	1436647357
17,41;362,33;266,267	454,149;188,468;359,63	835	1436647362
115,72;67,147;76,253	38,396;93,270;303,33	831	1436647382
281,293;134,442;28,68	32,387;319,211;70,17	332	1436647387
213,383;98,57;304,200	396,146;200,298;380,69	724	1436647392
441,100;406,185;394,397	320,50;256,279;341,136	896	1436647397
17,46;151,56;365,187	384,395;52,357;209,389	1000	1436647401
385,164;279,192;104,441	300,44;212,307;385,442	844	1436647406
438,131;341,374;85,227	193,458;331,324;406,447	709	1436647420
476,389;181,392;68,152	349,109;419,356;252,204	831	1436647424
19,24;54,122;446,484	329,108;99,182;215,100	1000	1436647429
215,192;480,472;474,272	125,140;165,332;487,456	471	1436647434
426,423;260,418;118,450	174,107;256,175;422,161	1000	1436647440
215,192;480,472;474,272	461,262;40,11;223,417	777	1436647444
43,236;379,412;248,230	288,191;458,362;476,58	1000	1436647449
348,115;438,274;26,142	313,375;155,437;431,441	309	1436647454
445,291;343,38;227,26	458,240;188,169;122,173	374	1436647459
163,186;70,134;472,131	355,214;404,473;292,24	1000	1436647464
132,448;325,227;137,345	450,34;211,338;457,364	1000	1436647469
471,346;404,135;459,119	167,232;323,195;414,201	781	1436647474
447,454;173,308;101,236	386,50;391,220;150,164	861	1436647479
84,88;198,105;252,79	191,468;253,237;232,110	1000	1436647484
259,12;379,60;30,391	259,12;379,60;30,391	0	1436647488
406,311;374,41;238,490	189,110;241,462;140,147	1000	1436647492
455,167;384,95;111,429	322,184;20,266;371,38	1000	1436647497
187,192;263,30;40,425	71,279;49,278;302,173	929	1436647501
169,488;480,342;209,212	353,425;465,429;248,125	957	1436647505
50,230;454,95;53,165	477,61;271,223;123,206	1000	1436647509
83,486;84,230;32,399	251,142;384,335;442,278	1000	1436647513
154,238;467,70;310,310	340,139;245,145;422,344	1000	1436647517
215,192;480,472;474,272	87,319;376,288;14,231	861	1436647522
446,65;265,475;471,56	318,48;140,293;180,264	1000	1436647527
348,101;67,161;463,403	317,487;71,165;334,274	928	1436647531
436,397;257,297;167,38	152,19;105,470;26,276	898	1436647536
149,207;426,247;34,439	364,50;115,408;395,314	985	1436647542
78,40;272,210;187,12	261,371;107,156;265,118	1000	1436647546
196,412;444,339;304,208	423,185;270,315;161,188	362	1436647551
35,425;89,233;175,236	459,140;35,391;283,175	774	1436647555
163,62;52,204;431,228	351,144;51,462;425,394	770	1436647560
237,152;242,200;252,74	366,271;477,180;246,285	1000	1436647565
39,116;108,97;247,341	438,262;121,329;301,119	901	1436647570
120,421;472,311;267,13	477,266;313,294;267,467	372	1436647574
338,343;360,446;54,234	175,370;271,397;277,409	1000	1436647579
76,358;489,417;96,438	192,371;74,137;449,325	385	1436647583
115,72;67,147;76,253	305,422;29,210;154,313	1000	1436647587
436,397;257,297;167,38	277,124;421,444;62,304	1000	1436647592
272,218;197,336;235,213	410,55;464,68;489,423	1000	1436647596
232,77;347,330;107,108	489,127;413,463;77,445	839	1436647600
279,344;160,281;150,110	197,462;257,97;51,395	933	1436647604
267,393;373,27;477,407	26,269;146,49;211,432	327	1436647609
44,216;18,283;221,415	438,40;152,24;261,194	979	1436647613
376,77;302,284;482,353	271,454;60,350;414,356	1000	1436647617
367,14;142,80;418,272	116,365;414,272;370,108	818	1436647622
372,17;80,106;317,46	428,111;409,93;139,364	813	1436647627
381,435;363,360;239,70	237,387;453,53;411,363	1000	1436647631
391,41;216,359;395,193	416,15;285,412;322,481	598	1436647636
89,154;125,240;275,406	486,90;426,132;196,490	693	1436647640
43,236;379,412;248,230	258,62;294,58;282,379	908	1436647645
302,153;253,50;22,320	158,178;361,425;473,157	784	1436647651
486,420;466,135;48,26	83,237;302,16;111,154	794	1436647655
451,398;119,210;123,346	453,396;403,459;357,29	847	1436647662
165,475;252,378;450,119	213,297;281,56;223,352	372	1436647667
358,347;108,41;252,466	115,222;317,263;361,121	733	1436647672
309,341;144,310;36,277	118,126;82,174;416,334	1000	1436647677
395,272;180,447;156,165	417,452;240,24;144,359	713	1436647681
430,321;167,177;252,84	29,170;11,345;247,32	930	1436647686
44,216;18,283;221,415	357,142;452,122;401,340	381	1436647690
237,152;242,200;252,74	242,321;49,203;85,259	1000	1436647696
475,223;278,64;405,397	166,141;448,168;403,402	762	1436647700
76,358;489,417;96,438	192,462;415,144;228,367	1000	1436647705
62,289;23,41;282,340	470,117;350,108;418,357	353	1436647709
50,312;460,337;35,192	50,312;460,337;35,192	366	1436647721
426,423;260,418;118,450	337,391;157,208;447,377	1000	1436647726
196,177;214,413;138,216	386,213;380,390;314,73	379	1436647732
402,176;162,474;155,229	103,54;26,353;376,156	411	1436647736
347,119;193,213;98,56	450,330;191,207;377,214	705	1436647741
99,367;49,169;405,448	379,466;97,268;358,274	777	1436647745
4D7z6M449