137	L	0.0.0.0	1436655861
86,169;120,216;436,399	144,391;208,137;457,168	1000	1436655960
86,78;211,107;147,483	300,72;222,477;113,110	21	1436655975
42,319;93,132;46,412	429,92;312,197;119,197	1000	1436655984
321,361;415,193;224,237	321,361;415,193;224,237	0	1436655992
213,263;455,213;370,59	177,372;447,44;475,193	971	1436656002
280,308;219,21;355,351	311,180;66,426;446,166	19	1436656012
259,12;379,60;30,391	259,12;379,60;30,391	0	1436656020
215,192;480,472;474,272	111,330;18,164;120,232	58	1436656047
264,426;482,179;18,329	13,454;440,162;42,182	949	1436656068
265,303;366,364;342,44	133,127;421,411;270,205	1000	1436656075
258,394;226,462;316,354	386,234;448,302;376,183	81	1436656088
358,113;129,347;208,100	216,348;84,256;488,85	882	1436656099
64,471;460,96;458,377	254,158;397,78;475,205	94	1436656109
85,408;294,292;318,435	147,475;36,444;85,353	12	1436656116
472,215;100,255;419,377	135,188;490,359;384,52	0	1436656126
361,351;363,67;427,305	424,169;58,354;43,396	1000	1436656132
154,238;467,70;310,310	54,20;312,481;275,70	807	1436656147
44,216;18,283;221,415	54,472;372,422;286,89	872	1436656156
50,312;460,337;35,192	50,312;460,337;35,192	0	1436656162
354,37;84,322;153,399	308,61;78,12;249,384	1000	1436656169
340,30;42,217;206,132	412,387;229,412;455,122	1000	1436656176
375,235;259,479;295,96	310,46;43,28;190,460	954	1436656214
44,216;18,283;221,415	306,259;16,156;377,76	876	1436656221
188,334;164,100;333,161	399,486;122,356;86,237	927	1436656227
165,353;21,269;375,230	22,437;67,61;457,447	621	1436656232
67,215;473,407;217,122	242,13;283,444;361,150	613	1436656239
437,319;434,366;263,222	379,89;432,273;300,217	1000	1436656246
281,293;134,442;28,68	285,290;86,411;334,318	560	1436656254
106,64;466,431;23,193	313,278;317,97;461,347	556	1436656258
114,92;60,216;67,43	105,186;212,181;123,204	1000	1436656276
17,46;151,56;365,187	436,362;286,239;314,377	1000	1436656281
469,161;41,214;461,363	226,333;47,325;296,93	391	1436656291
188,136;193,269;318,447	408,462;69,52;460,446	781	1436656298
345,110;291,416;469,78	285,361;267,457;186,164	142	1436656304
77,378;218,284;101,337	297,282;41,382;73,234	1000	1436656308
248,165;38,456;63,106	42,24;479,66;394,186	777	1436656315
347,119;193,213;98,56	20,263;173,69;415,427	165	1436656321
40,325;29,222;83,120	162,325;429,416;132,419	1000	1436656326
196,412;444,339;304,208	362,283;351,308;329,129	1000	1436656333
274,201;471,116;162,35	489,13;78,408;383,392	693	1436656338
76,347;113,369;99,460	62,42;81,20;367,144	642	1436656345
254,421;291,307;450,150	400,187;99,90;188,171	105	1436656355
106,64;466,431;23,193	210,241;300,108;298,460	632	1436656360
434,46;256,333;263,59	306,487;124,463;57,109	595	1436656366
486,420;466,135;48,26	59,103;302,370;395,224	649	1436656370
272,218;197,336;235,213	410,55;464,68;489,423	66	1436656376
428,58;228,125;188,159	227,105;212,192;410,489	728	1436656381
351,245;464,25;157,411	296,369;453,284;419,429	1000	1436656386
42,102;118,230;476,123	67,400;325,338;270,159	266	1436656392
83,486;84,230;32,399	75,33;243,364;170,297	1000	1436656398
367,14;142,80;418,272	354,423;124,432;71,95	41	1436656428
149,207;426,247;34,439	263,382;25,351;357,211	0	1436656433
168,198;60,342;459,39	128,368;36,103;14,422	403	1436656438
347,119;193,213;98,56	175,437;88,203;417,54	117	1436656445
472,215;100,255;419,377	452,116;233,398;149,192	191	1436656452
14,381;248,59;194,65	364,267;191,448;379,208	810	1436656457
20,476;320,470;204,281	26,139;320,109;241,312	0	1436656462
418,107;13,124;193,105	391,186;427,403;412,124	228	1436656468
419,201;261,83;299,184	34,355;488,402;324,447	782	1436656474
264,426;482,179;18,329	386,407;448,165;120,424	0	1436656481
152,223;50,447;435,158	483,212;372,464;38,419	219	1436656486
47,391;148,373;38,126	487,109;308,427;478,292	652	1436656492
236,141;360,287;97,263	180,440;464,397;23,395	582	1436656497
309,341;144,310;36,277	463,348;35,446;369,434	1000	1436656503
157,434;344,194;26,489	58,58;29,71;227,476	1000	1436656508
115,72;67,147;76,253	362,259;333,241;426,113	824	1436656512
395,272;180,447;156,165	417,452;240,24;144,359	319	1436656519
436,397;257,297;167,38	421,307;209,295;138,376	339	1436656530
451,245;138,447;483,356	248,75;226,409;152,411	127	1436656534
89,154;125,240;275,406	249,388;397,141;267,361	1000	1436656539
106,64;466,431;23,193	229,134;213,370;60,17	671	1436656544
398,474;21,332;153,380	398,474;21,332;153,380	0	1436656550
234,403;315,431;187,103	300,310;361,204;269,336	1000	1436656554
94,322;203,172;357,266	266,46;326,351;215,285	20	1436656562
377,461;330,21;102,90	26,121;392,308;320,38	434	1436656569
56,352;230,393;458,87	194,229;403,262;171,348	714	1436656573
434,46;256,333;263,59	489,222;11,295;342,12	0	1436656578
47,391;148,373;38,126	81,208;204,384;279,25	405	1436656585
264,426;482,179;18,329	364,332;79,364;347,155	343	1436656591
165,475;252,378;450,119	213,297;281,56;223,352	917	1436656597
361,351;363,67;427,305	404,337;419,464;157,189	681	1436656604
215,192;480,472;474,272	53,481;373,486;18,327	258	1436656610
200,326;272,200;19,224	127,55;199,312;398,393	680	1436656614
437,319;434,366;263,222	372,444;430,380;301,346	555	1436656619
50,168;98,101;303,158	354,89;232,475;225,262	631	1436656623
428,58;228,125;188,159	286,83;471,280;40,395	1000	1436656628
327,34;370,122;297,198	145,121;263,60;411,79	641	1436656633
27,166;224,232;336,184	276,129;262,35;89,393	693	1436656638
428,58;228,125;188,159	159,401;229,185;239,198	1000	1436656644
391,344;151,416;294,374	269,233;475,416;460,456	1000	1436656650
472,215;100,255;419,377	329,180;355,399;421,462	1000	1436656655
24,184;317,127;169,197	348,383;266,331;84,85	641	1436656659
288,255;363,115;201,424	364,366;57,22;193,203	704	1436656664
51,321;263,278;427,390	411,127;101,190;402,367	678	1436656670
473,418;475,388;112,379	455,367;28,321;449,453	262	1436656675
433,164;201,196;304,146	285,336;441,94;380,154	1000	1436656679
242,307;222,412;123,230	381,394;267,248;95,393	248	1436656684
163,62;52,204;431,228	429,121;201,413;387,35	716	1436656688
27,166;224,232;336,184	36,112;363,144;421,289	0	1436656694
106,64;466,431;23,193	456,421;191,472;190,220	735	1436656698
309,341;144,310;36,277	438,437;117,53;479,425	1000	1436656702
94,362;247,412;142,472	284,389;332,205;276,240	684	1436656707
436,397;257,297;167,38	466,411;136,45;233,46	783	1436656712
434,46;256,333;263,59	488,434;197,377;182,220	171	1436656716
486,420;466,135;48,26	328,162;306,433;195,280	308	1436656721
215,192;480,472;474,272	446,53;272,484;12,283	666	1436656727
275,295;128,48;421,173	308,185;350,107;177,112	38	1436656732
50,230;454,95;53,165	408,175;462,411;130,483	934	1436656736
20,66;211,36;419,422	97,132;161,481;269,190	638	1436656741
430,321;167,177;252,84	89,296;446,102;482,393	27	1436656746
67,215;473,407;217,122	85,258;201,100;351,375	391	1436656752
30,231;131,192;281,449	189,108;90,242;244,233	718	1436656758
428,58;228,125;188,159	117,368;38,179;103,251	557	1436656763
430,321;167,177;252,84	460,453;28,249;484,176	0	1436656768
67,215;473,407;217,122	26,58;79,270;230,130	677	1436656772
235,455;11,151;391,45	62,483;317,33;324,105	1000	1436656778
237,152;242,200;252,74	96,331;447,95;152,292	1000	1436656782
130,399;227,341;111,275	230,26;76,313;325,229	42	1436656787
361,351;363,67;427,305	220,203;133,16;406,309	1000	1436656792
106,64;466,431;23,193	246,413;284,121;170,473	936	1436656798
397,213;185,403;329,102	473,341;420,477;451,190	798	1436656802
165,353;21,269;375,230	426,34;181,163;371,106	861	1436656806
84,326;485,334;433,124	94,12;402,322;300,50	219	1436656816
367,14;142,80;418,272	418,177;433,249;441,104	174	1436656820
227,312;425,15;356,99	143,243;249,252;190,157	1000	1436656826
361,351;363,67;427,305	232,36;244,314;208,45	401	1436656832
437,319;434,366;263,222	199,147;118,277;328,54	770	1436656837
106,64;466,431;23,193	140,268;478,113;83,61	365	1436656844
136,478;413,73;314,465	173,367;81,341;39,87	0	1436656849
472,215;100,255;419,377	200,68;149,406;80,234	408	1436656853
480,412;455,122;425,314	11,187;474,330;332,416	774	1436656858
361,351;363,67;427,305	23,194;24,183;305,416	1000	1436656862
43,236;379,412;248,230	174,57;99,482;428,257	628	1436656868
361,351;363,67;427,305	387,468;402,231;136,294	636	1436656872
275,171;196,254;427,390	275,45;322,438;309,179	1000	1436656876
214,314;416,159;480,443	36,192;329,129;318,229	43	1436656883
5C5w5M127