137	R	0.0.0.0	1436646344
86,169;120,216;436,399	144,391;208,137;457,168	854	1436646438
86,78;211,107;147,483	300,72;222,477;113,110	175	1436646448
42,319;93,132;46,412	429,92;312,197;119,197	331	1436646485
321,361;415,193;224,237	321,361;415,193;224,237	0	1436646493
213,263;455,213;370,59	177,372;447,44;475,193	869	1436646502
280,308;219,21;355,351	311,180;66,426;446,166	26	1436646509
300,240;369,472;450,287	105,285;43,459;59,272	712	1436646516
288,255;363,115;201,424	218,147;238,86;159,281	843	1436646526
347,119;193,213;98,56	461,340;138,448;457,222	771	1436646536
199,81;71,33;391,363	66,405;400,460;443,346	395	1436646547
281,293;134,442;28,68	32,387;319,211;70,17	549	1436646555
456,223;140,201;442,74	439,308;311,84;190,258	620	1436646561
106,433;402,82;218,138	70,460;101,95;191,305	440	1436646571
422,485;437,26;317,235	474,256;70,180;402,463	690	1436646581
50,230;454,95;53,165	37,75;20,83;438,395	358	1436646589
17,46;151,56;365,187	18,46;129,319;186,322	712	1436646596
361,351;363,67;427,305	381,14;471,402;346,225	720	1436646603
35,425;89,233;175,236	183,118;426,241;229,416	301	1436646611
328,478;105,100;94,196	226,482;25,341;159,90	775	1436646619
17,46;151,56;365,187	259,22;438,165;405,108	652	1436646628
348,115;438,274;26,142	480,457;437,123;195,130	717	1436646641
362,41;51,173;393,50	166,431;401,81;407,16	577	1436646656
340,30;42,217;206,132	34,213;70,311;261,477	633	1436646663
50,230;454,95;53,165	64,167;256,319;236,146	968	1436646670
207,86;344,115;103,413	148,436;327,24;445,107	645	1436646700
83,257;454,269;464,300	91,98;93,367;102,277	754	1436646706
161,71;269,131;478,482	136,364;296,85;430,413	952	1436646714
106,64;466,431;23,193	440,100;394,318;65,271	359	1436646720
43,236;379,412;248,230	133,441;76,201;444,105	625	1436646727
154,338;248,296;453,384	366,411;392,123;414,248	695	1436646734
83,486;84,230;32,399	411,59;15,269;49,27	267	1436646750
434,475;158,34;233,328	347,426;360,395;256,86	650	1436646758
115,72;67,147;76,253	109,135;81,252;118,175	726	1436646764
83,486;84,230;32,399	343,334;272,300;326,248	719	1436646778
294,255;46,185;278,176	295,313;93,288;67,188	196	1436646784
431,191;206,303;333,343	327,488;97,469;396,85	131	1436646791
452,73;249,298;142,362	253,211;133,155;11,109	807	1436646799
23,28;369,459;24,30	317,465;380,357;419,200	984	1436646806
41,219;225,126;483,435	427,173;247,461;91,481	298	1436646821
469,183;233,465;46,183	34,108;196,458;487,78	147	1436646831
434,46;256,333;263,59	117,94;365,315;237,13	65	1436646839
233,113;152,390;483,36	40,202;485,483;299,331	326	1436646845
94,322;203,172;357,266	101,404;202,394;101,250	787	1436646851
286,450;69,253;259,14	431,233;155,149;18,397	62	1436646858
50,230;454,95;53,165	361,116;292,465;126,349	780	1436646868
14,381;248,59;194,65	383,438;295,418;19,411	796	1436646874
77,378;218,284;101,337	297,282;41,382;73,234	293	1436646880
368,392;103,436;140,162	71,347;259,259;376,24	731	1436646890
50,230;454,95;53,165	31,129;166,247;441,128	757	1436646897
165,353;21,269;375,230	197,198;242,156;389,285	834	1436646903
304,57;161,158;54,139	451,344;226,315;412,433	713	1436646912
237,152;242,200;252,74	101,179;63,172;361,111	414	1436646920
428,119;291,286;166,215	401,320;209,307;370,145	367	1436646929
106,64;466,431;23,193	125,171;356,169;387,459	314	1436646938
438,408;105,179;31,56	286,472;286,382;188,250	80	1436646948
35,425;89,233;175,236	477,446;300,278;346,173	226	1436646958
14,351;59,413;239,433	321,278;333,461;380,30	394	1436646965
430,321;167,177;252,84	217,193;358,104;254,49	175	1436646973
56,423;154,113;147,154	69,364;445,234;19,218	338	1436646979
76,358;489,417;96,438	77,423;427,239;98,356	79	1436646987
115,72;67,147;76,253	376,396;94,259;471,330	828	1436646995
469,161;41,214;461,363	226,333;47,325;296,93	52	1436647001
47,391;148,373;38,126	472,236;439,26;153,198	565	1436647009
44,216;18,283;221,415	346,426;231,305;232,432	342	1436647016
146,184;338,246;322,384	217,283;347,471;431,112	522	1436647023
231,461;117,268;267,348	87,274;478,227;65,437	586	1436647031
361,351;363,67;427,305	23,194;24,183;305,416	632	1436647038
115,28;181,381;250,267	204,143;453,242;337,65	781	1436647044
271,489;256,415;222,103	427,366;34,347;141,322	232	1436647050
196,467;426,393;357,285	380,153;375,433;488,258	872	1436647063
43,236;379,412;248,230	210,276;449,362;260,408	868	1436647072
89,154;125,240;275,406	322,413;106,154;433,441	800	1436647081
328,478;105,100;94,196	108,333;438,95;190,428	795	1436647087
246,345;321,150;233,209	319,75;180,70;281,434	815	1436647094
131,227;89,67;338,141	265,472;23,173;449,102	57	1436647100
391,41;216,359;395,193	216,193;463,114;282,437	820	1436647107
17,46;151,56;365,187	274,158;266,436;245,144	774	1436647112
154,238;467,70;310,310	463,347;145,424;38,135	30	1436647120
430,321;167,177;252,84	120,208;486,204;65,482	776	1436647125
50,312;460,337;35,192	50,312;460,337;35,192	0	1436647130
348,115;438,274;26,142	120,490;423,171;112,339	823	1436647136
281,293;134,442;28,68	28,410;71,165;345,120	797	1436647145
340,379;107,473;117,374	81,69;32,341;267,388	160	1436647152
120,474;143,446;38,203	411,69;124,298;244,424	761	1436647158
182,372;476,438;302,165	145,435;381,350;410,231	760	1436647166
27,166;224,232;336,184	254,20;367,462;471,82	740	1436647178
394,445;377,375;129,121	103,230;454,108;236,191	310	1436647184
367,14;142,80;418,272	390,54;200,136;418,454	727	1436647189
215,64;319,329;141,217	365,238;110,101;183,462	813	1436647195
384,427;77,88;75,287	489,297;411,369;108,206	782	1436647200
76,347;113,369;99,460	209,143;376,297;79,144	834	1436647205
41,127;285,139;352,176	61,201;125,230;220,234	732	1436647210
283,485;226,233;402,139	206,223;296,375;387,185	745	1436647215
309,341;144,310;36,277	268,87;231,304;298,401	192	1436647221
83,486;84,230;32,399	376,70;253,281;124,161	779	1436647232
328,478;105,100;94,196	172,177;127,450;218,303	827	1436647237
302,153;253,50;22,320	230,22;151,179;454,204	767	1436647242
328,478;105,100;94,196	428,367;211,50;333,350	747	1436647247
489,201;44,197;228,422	26,40;264,79;203,287	834	1436647255
380,127;372,382;383,156	251,180;321,388;223,259	411	1436647262
413,108;257,190;318,247	67,441;199,462;381,290	857	1436647268
162,363;69,384;150,292	445,431;277,442;338,396	839	1436647275
76,358;489,417;96,438	58,296;415,308;120,364	184	1436647279
106,469;369,199;423,248	12,155;372,479;236,67	824	1436647284
309,341;144,310;36,277	118,126;82,174;416,334	770	1436647290
215,192;480,472;474,272	179,229;451,249;222,43	695	1436647295
27,166;224,232;336,184	36,112;363,144;421,289	187	1436647306
471,490;469,484;328,267	186,377;77,417;436,262	715	1436647311
398,474;21,332;153,380	398,474;21,332;153,380	0	1436647315
328,478;105,100;94,196	149,155;396,486;378,79	273	1436647321
94,322;203,172;357,266	382,420;78,286;171,161	794	1436647328
106,64;466,431;23,193	140,268;478,113;83,61	858	1436647332
434,46;256,333;263,59	337,54;27,121;399,317	812	1436647337
328,478;105,100;94,196	219,153;450,392;428,349	79	1436647344
11,265;292,192;100,482	449,409;426,389;325,372	829	1436647350
426,423;260,418;118,450	289,164;416,251;183,103	257	1436647354
76,358;489,417;96,438	82,185;144,102;255,415	787	1436647362
340,30;42,217;206,132	412,387;229,412;455,122	831	1436647369
361,351;363,67;427,305	296,62;186,281;168,438	732	1436647374
361,351;363,67;427,305	212,463;398,369;179,317	821	1436647379
367,14;142,80;418,272	333,250;183,121;198,246	784	1436647384
309,341;144,310;36,277	71,359;88,448;147,267	749	1436647390
84,88;198,105;252,79	191,468;253,237;232,110	91	1436647396
27,166;224,232;336,184	12,484;355,52;253,125	93	1436647401
361,351;363,67;427,305	208,55;142,333;311,292	870	1436647406
367,14;142,80;418,272	55,453;158,116;312,279	348	1436647412
346,199;75,473;477,351	147,200;283,61;357,403	3	1436647416
67,103;344,224;382,145	389,362;330,65;111,12	855	1436647422
264,426;482,179;18,329	132,25;44,330;261,229	716	1436647430
259,12;379,60;30,391	259,12;379,60;30,391	0	1436647435
237,152;242,200;252,74	205,207;357,71;115,244	197	1436647441
394,468;235,307;343,48	209,471;173,400;112,286	1000	1436647446
77,378;218,284;101,337	236,153;377,446;284,152	145	1436647451
375,229;57,169;334,138	129,104;69,488;224,359	941	1436647456
23,24;436,476;154,238	455,313;103,136;390,305	426	1436647462
67,215;473,407;217,122	113,65;487,343;283,429	940	1436647467
1B5y7M139