136	R	0.0.0.0	1436646238
86,169;120,216;436,399	144,391;208,137;457,168	395	1436646314
86,78;211,107;147,483	300,72;222,477;113,110	362	1436646324
42,319;93,132;46,412	429,92;312,197;119,197	384	1436646330
321,361;415,193;224,237	321,361;415,193;224,237	34	1436646335
213,263;455,213;370,59	177,372;447,44;475,193	424	1436646342
280,308;219,21;355,351	311,180;66,426;446,166	247	1436646348
295,470;432,74;243,122	79,437;431,353;56,244	345	1436646353
451,398;119,210;123,346	94,52;344,367;297,234	128	1436646357
267,213;172,251;111,274	19,24;307,369;449,196	795	1436646365
77,378;218,284;101,337	297,282;41,382;73,234	618	1436646370
33,82;460,405;231,339	246,393;341,198;442,393	663	1436646376
238,224;430,459;354,20	222,61;94,426;439,408	446	1436646381
391,41;216,359;395,193	373,452;242,84;321,271	263	1436646390
154,238;467,70;310,310	442,224;325,391;166,115	161	1436646396
215,192;480,472;474,272	189,58;316,484;21,485	192	1436646401
381,387;378,305;42,74	200,350;129,323;91,97	212	1436646407
367,14;142,80;418,272	142,140;431,86;253,344	99	1436646412
436,397;257,297;167,38	262,481;25,111;379,470	222	1436646417
476,479;133,144;446,439	109,168;190,228;45,399	236	1436646421
23,28;369,459;24,30	266,197;451,377;218,169	434	1436646426
115,72;67,147;76,253	109,135;81,252;118,175	457	1436646432
259,12;379,60;30,391	259,12;379,60;30,391	131	1436646437
479,120;345,43;155,474	383,328;169,408;359,47	602	1436646442
253,368;437,14;262,302	150,186;152,119;100,189	909	1436646446
76,399;70,277;410,190	484,213;244,59;361,417	645	1436646451
236,231;229,482;319,77	26,316;365,269;125,263	444	1436646458
142,468;370,220;111,446	243,428;329,52;276,327	361	1436646465
106,64;466,431;23,193	329,218;402,235;373,188	769	1436646470
44,216;18,283;221,415	282,47;12,279;246,100	438	1436646475
357,14;271,116;332,160	280,473;351,138;74,398	613	1436646480
14,479;283,431;291,279	198,120;348,275;86,134	352	1436646487
307,197;221,285;139,343	307,235;248,373;296,131	415	1436646493
305,20;237,116;138,327	389,412;292,221;374,365	382	1436646497
309,127;425,438;292,458	449,40;382,489;318,321	304	1436646502
82,149;59,68;456,270	15,289;200,130;372,221	725	1436646506
27,166;224,232;336,184	432,170;290,98;197,247	328	1436646512
346,199;75,473;477,351	147,200;283,61;357,403	386	1436646517
434,46;256,333;263,59	68,280;215,478;367,347	581	1436646527
428,58;228,125;188,159	174,402;85,465;258,325	711	1436646531
347,119;193,213;98,56	399,355;86,219;89,417	422	1436646539
163,62;52,204;431,228	18,370;463,22;474,179	673	1436646545
49,464;236,423;260,188	468,181;32,69;373,440	623	1436646553
196,412;444,339;304,208	47,220;276,365;376,276	459	1436646558
255,282;399,416;61,325	455,136;165,84;152,407	383	1436646564
175,156;251,360;400,188	59,366;416,477;72,88	749	1436646570
367,14;142,80;418,272	321,312;62,209;309,375	819	1436646575
94,79;274,230;124,87	408,221;160,457;472,173	447	1436646581
398,474;21,332;153,380	398,474;21,332;153,380	313	1436646587
17,46;151,56;365,187	398,321;480,469;36,146	342	1436646593
370,85;465,143;135,386	32,359;35,336;358,206	343	1436646599
35,425;89,233;175,236	378,327;244,378;31,189	395	1436646604
44,216;18,283;221,415	450,437;128,100;242,365	457	1436646616
27,166;224,232;336,184	351,311;466,227;304,320	475	1436646621
412,385;409,111;464,157	276,215;77,102;49,51	271	1436646627
373,253;316,203;185,435	110,83;147,464;124,448	224	1436646634
367,14;142,80;418,272	354,423;124,432;71,95	386	1436646639
143,416;251,125;313,232	25,468;286,218;141,197	244	1436646645
204,332;456,409;52,169	156,235;308,133;309,447	654	1436646650
445,291;343,38;227,26	458,240;188,169;122,173	274	1436646655
115,72;67,147;76,253	225,235;120,460;250,50	389	1436646662
23,28;369,459;24,30	142,321;439,197;64,305	420	1436646668
325,289;284,197;357,32	452,368;124,346;216,485	415	1436646676
46,386;200,316;17,387	41,298;315,281;162,277	440	1436646683
433,332;210,192;446,14	271,215;106,381;344,340	570	1436646689
59,318;48,182;190,407	164,447;206,321;173,38	650	1436646694
163,62;52,204;431,228	136,412;288,476;286,31	235	1436646699
464,104;203,129;99,433	489,32;412,294;375,484	248	1436646713
89,154;125,240;275,406	94,208;237,460;136,227	472	1436646731
430,321;167,177;252,84	82,381;231,84;221,198	264	1436646736
390,258;169,383;73,302	245,73;389,266;148,324	817	1436646741
169,456;296,212;52,115	70,385;458,396;287,14	417	1436646746
472,215;100,255;419,377	22,161;373,378;224,327	452	1436646753
245,398;18,455;113,341	291,124;230,301;26,290	418	1436646758
437,319;434,366;263,222	12,326;13,446;31,71	432	1436646764
163,62;52,204;431,228	351,144;51,462;425,394	308	1436646777
148,101;266,78;165,328	168,320;164,298;454,88	930	1436646786
214,348;103,241;313,155	237,432;137,280;472,87	631	1436646797
114,257;265,302;299,378	80,93;86,460;240,120	415	1436646806
475,223;278,64;405,397	166,141;448,168;403,402	274	1436646816
76,314;471,20;263,186	395,41;46,381;61,415	267	1436646820
328,478;105,100;94,196	219,153;450,392;428,349	352	1436646824
285,39;12,228;398,459	307,33;65,401;398,363	574	1436646832
27,166;224,232;336,184	254,20;367,462;471,82	399	1436646838
480,200;18,58;163,93	451,351;183,315;101,190	306	1436646845
196,412;444,339;304,208	108,322;387,263;145,91	602	1436646862
288,255;363,115;201,424	400,409;395,486;324,68	735	1436646887
132,116;262,116;242,277	460,123;377,38;62,181	690	1436646957
335,299;416,204;213,295	286,211;72,227;360,419	440	1436646968
393,261;194,422;317,169	369,110;167,365;46,240	367	1436646972
408,283;146,55;304,402	284,180;266,261;347,348	668	1436646977
443,470;306,312;381,341	352,80;276,205;370,387	388	1436646983
320,418;228,280;13,41	153,373;477,330;289,71	633	1436646988
328,478;105,100;94,196	108,333;438,95;190,428	280	1436646993
438,131;341,374;85,227	193,458;331,324;406,447	606	1436646998
17,287;22,259;370,116	328,387;489,214;127,187	677	1436647004
37,97;198,440;305,16	92,261;428,95;368,442	600	1436647035
240,292;79,112;138,295	362,298;437,394;227,431	586	1436647120
176,219;377,204;173,426	349,63;108,457;421,212	869	1436647126
13,429;403,265;260,443	54,12;445,145;324,375	440	1436647133
40,95;57,247;295,438	291,394;48,294;262,356	432	1436647138
264,426;482,179;18,329	55,173;326,187;139,358	459	1436647143
187,170;300,450;229,158	429,255;399,90;412,381	830	1436647148
426,423;260,418;118,450	140,425;386,322;176,384	408	1436647154
394,137;456,46;118,364	475,307;444,311;110,141	402	1436647161
198,254;298,311;401,489	450,168;65,380;450,239	454	1436647166
264,426;482,179;18,329	132,25;44,330;261,229	456	1436647174
384,427;77,88;75,287	489,297;411,369;108,206	439	1436647180
434,475;158,34;233,328	347,426;360,395;256,86	612	1436647186
50,230;454,95;53,165	354,143;169,180;116,263	620	1436647190
154,238;467,70;310,310	77,49;317,26;422,471	391	1436647195
228,473;475,127;325,461	65,125;173,469;474,103	646	1436647200
308,466;117,200;334,143	173,315;291,154;93,394	450	1436647206
361,351;363,67;427,305	445,417;66,446;452,38	607	1436647211
389,436;316,101;284,115	96,334;263,102;85,398	474	1436647215
472,215;100,255;419,377	297,373;272,252;444,209	781	1436647220
149,207;426,247;34,439	289,142;128,288;481,453	568	1436647226
12,445;370,373;309,478	112,277;23,349;352,193	294	1436647231
130,399;227,341;111,275	230,26;76,313;325,229	394	1436647235
288,255;228,130;251,399	386,23;152,469;350,455	716	1436647241
410,21;23,131;384,198	213,429;250,188;368,488	408	1436647246
230,215;196,217;337,298	382,194;172,135;397,252	421	1436647251
12,92;144,142;40,183	275,98;41,196;206,466	387	1436647256
83,486;84,230;32,399	243,416;388,300;221,291	627	1436647260
222,87;30,28;480,77	230,164;437,486;203,346	626	1436647267
163,62;52,204;431,228	162,301;376,328;127,57	615	1436647274
389,105;450,303;268,357	37,324;358,119;142,31	418	1436647279
382,382;399,396;73,159	380,179;365,416;413,335	459	1436647288
157,481;116,104;155,77	86,272;107,216;439,198	446	1436647293
374,59;242,356;173,349	459,388;378,413;290,230	537	1436647333
50,312;460,337;35,192	50,312;460,337;35,192	292	1436647342
453,248;406,252;487,119	289,24;388,170;265,103	388	1436647413
303,35;184,94;253,404	448,108;49,103;317,466	600	1436647418
67,215;473,407;217,122	264,332;431,58;46,44	598	1436647423
437,319;434,366;263,222	179,239;150,221;228,187	963	1436647429
43,236;379,412;248,230	227,161;93,409;487,89	385	1436647437
1H6v8M888