137	L	0.0.0.0	1436653581
86,169;120,216;436,399	144,391;208,137;457,168	950	1436653661
86,78;211,107;147,483	300,72;222,477;113,110	99	1436653668
42,319;93,132;46,412	429,92;312,197;119,197	347	1436653676
321,361;415,193;224,237	321,361;415,193;224,237	0	1436653682
213,263;455,213;370,59	177,372;447,44;475,193	728	1436653688
280,308;219,21;355,351	311,180;66,426;446,166	164	1436653717
281,293;134,442;28,68	92,120;240,335;345,231	606	1436653721
434,46;256,333;263,59	32,329;478,128;94,134	229	1436653729
320,97;288,294;469,456	209,123;355,46;263,475	280	1436653734
294,255;46,185;278,176	295,313;93,288;67,188	217	1436653740
165,353;21,269;375,230	252,388;271,50;333,490	754	1436653745
266,477;226,132;337,272	440,363;17,476;344,443	608	1436653752
428,256;275,257;477,381	361,268;361,373;418,209	601	1436653757
361,351;363,67;427,305	42,432;235,100;88,307	776	1436653763
83,486;84,230;32,399	458,175;256,69;432,66	695	1436653771
462,258;433,279;482,319	181,355;135,378;96,443	698	1436653777
300,136;376,129;337,435	413,424;381,450;72,123	762	1436653782
160,481;240,242;229,445	105,441;271,109;56,434	699	1436653808
197,303;405,437;384,36	119,399;113,49;300,263	177	1436653814
86,430;382,143;336,218	371,369;237,351;36,338	651	1436653818
44,216;18,283;221,415	25,329;280,49;228,166	651	1436653824
196,412;444,339;304,208	449,163;218,413;402,77	690	1436653830
386,391;20,184;258,12	481,446;170,462;305,76	207	1436653835
275,295;128,48;421,173	308,185;350,107;177,112	635	1436653841
302,153;253,50;22,320	121,129;271,29;345,353	410	1436653847
128,134;191,366;483,63	183,349;92,137;435,32	306	1436653852
451,398;119,210;123,346	411,400;184,478;202,282	739	1436653857
345,327;88,338;326,415	91,165;473,125;118,387	398	1436653863
115,72;67,147;76,253	436,320;52,474;238,323	676	1436653868
490,112;372,218;284,337	71,78;108,436;136,40	737	1436653873
437,319;434,366;263,222	368,490;130,91;156,11	819	1436653879
451,398;119,210;123,346	119,145;176,311;426,243	421	1436653884
436,397;257,297;167,38	432,135;141,296;248,293	677	1436653903
94,322;203,172;357,266	382,420;78,286;171,161	602	1436653908
405,247;176,348;249,396	208,187;183,258;284,200	884	1436653916
339,445;166,419;314,454	384,214;452,111;427,186	736	1436653922
398,474;21,332;153,380	398,474;21,332;153,380	0	1436653928
309,341;144,310;36,277	115,116;55,50;344,379	871	1436653941
84,88;198,105;252,79	191,468;253,237;232,110	816	1436653945
56,165;350,184;51,232	306,413;200,148;41,329	826	1436653953
196,412;444,339;304,208	349,93;362,205;40,317	835	1436653959
264,310;469,115;174,230	359,93;483,418;329,425	748	1436653966
220,407;282,381;448,57	51,479;277,410;119,393	883	1436654184
39,116;108,97;247,341	438,262;121,329;301,119	776	1436654189
437,319;434,366;263,222	369,433;450,47;441,334	869	1436654197
281,293;134,442;28,68	221,385;181,111;101,155	739	1436654202
454,150;330,203;41,29	177,53;321,240;159,198	727	1436654214
76,347;113,369;99,460	75,306;31,71;34,452	765	1436654220
281,293;134,442;28,68	32,387;319,211;70,17	694	1436654234
163,62;52,204;431,228	112,22;74,480;217,291	726	1436654240
83,486;84,230;32,399	376,70;253,281;124,161	684	1436654247
106,64;466,431;23,193	343,108;282,371;387,181	669	1436654256
443,470;306,312;381,341	352,80;276,205;370,387	710	1436654264
320,407;405,126;474,217	488,225;152,243;223,22	727	1436654270
328,478;105,100;94,196	180,276;488,476;43,29	690	1436654284
149,207;426,247;34,439	116,324;291,439;137,460	711	1436654294
56,410;235,188;70,347	194,167;152,168;472,479	739	1436654299
17,41;362,33;266,267	454,149;188,468;359,63	707	1436654304
23,28;369,459;24,30	142,321;439,197;64,305	995	1436654311
268,398;482,170;216,312	397,199;487,312;470,115	694	1436654316
288,255;363,115;201,424	305,485;182,85;157,26	787	1436654322
353,41;139,130;431,269	156,352;390,158;44,116	19	1436654368
343,207;119,23;470,327	19,22;315,384;140,161	664	1436654373
237,152;242,200;252,74	197,231;244,242;460,415	906	1436654379
481,375;321,301;145,217	366,211;100,186;180,204	807	1436654385
149,207;426,247;34,439	138,388;441,59;278,487	784	1436654394
430,384;413,207;234,269	124,334;53,322;322,445	770	1436654400
89,191;219,293;370,291	250,118;438,274;101,261	790	1436654405
327,320;281,153;460,258	331,318;278,221;337,473	755	1436654411
44,216;18,283;221,415	319,77;214,440;139,265	719	1436654417
48,339;193,331;373,396	151,451;470,205;181,403	837	1436654423
447,232;88,373;441,389	395,299;301,98;309,73	800	1436654428
408,309;207,449;283,472	112,21;255,488;110,48	902	1436654434
404,466;432,110;168,45	211,430;364,38;78,164	24	1436654440
472,215;100,255;419,377	252,259;480,265;396,82	863	1436654448
348,115;438,274;26,142	50,222;368,277;182,28	795	1436654455
300,360;312,457;170,365	195,367;27,160;268,238	791	1436654460
451,398;119,210;123,346	27,465;459,342;68,109	698	1436654466
154,238;467,70;310,310	253,310;37,331;44,63	121	1436654473
47,391;148,373;38,126	304,34;450,424;89,302	854	1436654479
430,321;167,177;252,84	24,364;344,176;17,110	812	1436654485
426,309;167,290;292,151	146,440;361,444;26,436	965	1436654491
51,406;294,62;250,133	96,29;73,103;196,153	858	1436654496
35,425;89,233;175,236	59,333;181,319;369,380	850	1436654502
154,338;248,296;453,384	366,411;392,123;414,248	824	1436654507
402,345;451,373;171,400	161,276;426,73;94,295	837	1436654514
410,235;398,381;253,180	177,219;72,100;489,183	859	1436654528
368,392;103,436;140,162	71,347;259,259;376,24	866	1436654533
89,154;125,240;275,406	486,90;426,132;196,490	599	1436654539
76,358;489,417;96,438	178,339;126,127;368,361	772	1436654545
198,161;13,242;92,45	350,151;476,27;363,390	728	1436654551
106,64;466,431;23,193	231,19;154,50;150,347	804	1436654556
38,326;94,255;266,301	375,267;194,61;87,130	712	1436654563
330,440;137,289;287,176	454,235;282,114;70,250	405	1436654581
264,426;482,179;18,329	474,245;25,323;24,446	698	1436654588
228,339;349,374;222,436	172,281;177,257;128,250	741	1436654594
259,12;379,60;30,391	259,12;379,60;30,391	0	1436654599
257,79;44,47;465,358	359,68;262,342;249,77	819	1436654606
76,347;113,369;99,460	76,401;54,469;159,421	780	1436654612
143,416;251,125;313,232	25,468;286,218;141,197	128	1436654618
36,20;439,77;128,404	366,325;63,246;344,411	696	1436654624
32,329;81,158;291,269	416,443;382,201;247,314	35	1436654630
144,409;41,15;104,154	24,392;267,148;307,112	790	1436654636
28,167;321,39;466,132	84,425;301,292;310,75	92	1436654641
255,47;434,70;485,479	247,439;58,199;397,61	751	1436654647
281,293;134,442;28,68	285,290;86,411;334,318	800	1436654654
306,329;229,119;143,223	82,170;235,99;268,461	784	1436654660
302,153;253,50;22,320	279,380;375,86;479,408	749	1436654665
144,140;310,173;282,24	78,319;266,312;261,202	745	1436654670
400,258;404,13;28,153	481,404;92,381;169,70	115	1436654676
237,152;242,200;252,74	157,315;43,116;82,80	781	1436654681
300,232;230,83;30,223	60,209;170,421;211,15	712	1436654687
214,408;96,75;97,390	20,34;480,83;321,21	796	1436654705
49,32;361,67;69,157	62,148;255,128;268,323	612	1436654710
41,219;225,126;483,435	427,173;247,461;91,481	679	1436654716
50,312;460,337;35,192	50,312;460,337;35,192	0	1436654723
326,225;237,380;469,194	247,289;276,295;423,400	765	1436654729
196,412;444,339;304,208	24,282;236,128;118,312	760	1436654735
76,358;489,417;96,438	137,121;292,471;432,252	803	1436654740
430,321;167,177;252,84	120,208;486,204;65,482	737	1436654746
348,115;438,274;26,142	427,389;309,159;246,262	802	1436654752
328,478;105,100;94,196	337,413;169,110;114,153	671	1436654758
254,421;291,307;450,150	240,251;225,405;473,202	733	1436654763
174,291;245,316;443,222	357,150;370,63;45,428	845	1436654768
344,39;276,30;391,483	270,439;209,46;166,229	748	1436654774
196,412;444,339;304,208	360,220;36,403;478,449	660	1436654780
83,486;84,230;32,399	243,416;388,300;221,291	712	1436654786
76,358;489,417;96,438	387,477;204,486;350,166	671	1436654792
168,131;359,372;118,236	39,373;376,27;481,125	751	1436654799
367,14;142,80;418,272	157,460;102,74;394,454	753	1436654805
257,426;47,462;113,341	13,313;468,335;284,357	688	1436654811
116,433;141,31;68,124	193,435;288,70;276,184	758	1436654816
92,280;287,461;482,97	366,224;301,229;398,157	740	1436654821
58,402;213,400;381,146	149,288;325,327;25,398	748	1436654829
83,486;84,230;32,399	273,13;370,186;485,205	327	1436654836
103,415;388,475;88,354	288,109;416,132;460,198	651	1436654844
2E7w8L245