136	R	0.0.0.0	1436646609
86,169;120,216;436,399	144,391;208,137;457,168	625	1436646688
86,78;211,107;147,483	300,72;222,477;113,110	201	1436646695
42,319;93,132;46,412	429,92;312,197;119,197	386	1436646701
321,361;415,193;224,237	321,361;415,193;224,237	2	1436646707
213,263;455,213;370,59	177,372;447,44;475,193	411	1436646718
280,308;219,21;355,351	311,180;66,426;446,166	351	1436646722
54,476;207,232;319,143	197,57;433,264;306,456	716	1436646729
17,46;151,56;365,187	385,420;88,55;100,140	448	1436646734
23,28;369,459;24,30	371,104;13,271;48,285	1000	1436646742
229,300;342,199;166,104	251,113;50,453;135,125	669	1436646747
437,319;434,366;263,222	410,222;354,440;194,163	662	1436646751
67,215;473,407;217,122	85,258;201,100;351,375	302	1436646756
340,30;42,217;206,132	34,213;70,311;261,477	363	1436646760
437,319;434,366;263,222	188,249;297,73;407,19	369	1436646765
196,412;444,339;304,208	362,283;351,308;329,129	982	1436646769
53,411;332,107;275,161	203,379;338,130;158,478	82	1436646773
480,200;18,58;163,93	187,418;239,313;225,338	1000	1436646778
474,322;242,110;51,279	403,346;159,17;422,328	880	1436646782
43,236;379,412;248,230	371,269;183,310;180,380	347	1436646786
132,448;325,227;137,345	450,34;211,338;457,364	433	1436646791
314,360;93,165;463,482	280,233;66,11;328,317	266	1436646795
53,352;481,386;197,406	97,255;371,287;59,57	675	1436646799
436,397;257,297;167,38	236,52;253,110;232,85	443	1436646804
146,28;27,198;133,475	465,407;135,93;452,463	328	1436646808
347,119;193,213;98,56	482,237;484,385;84,336	400	1436646812
340,52;327,227;464,443	22,374;379,149;244,317	209	1436646817
149,371;292,41;156,153	246,348;397,399;244,48	338	1436646821
374,483;409,302;388,151	360,145;131,305;343,74	291	1436646825
437,319;434,366;263,222	111,328;43,260;259,145	347	1436646829
264,426;482,179;18,329	386,407;448,165;120,424	279	1436646833
415,292;209,327;323,51	76,217;385,79;298,376	129	1436646838
297,82;132,72;279,57	73,320;336,231;243,283	389	1436646842
259,346;414,205;135,277	296,215;62,334;84,130	332	1436646847
89,154;125,240;275,406	175,276;440,459;380,326	402	1436646851
418,81;141,116;372,336	488,469;300,36;35,199	117	1436646855
326,42;338,386;170,183	163,267;327,379;235,323	870	1436646859
328,478;105,100;94,196	452,458;390,421;230,269	460	1436646863
480,200;18,58;163,93	119,57;432,331;335,31	974	1436646867
302,153;253,50;22,320	48,418;440,107;42,423	1000	1436646871
73,111;125,418;127,101	120,334;61,441;435,69	285	1436646875
272,218;197,336;235,213	410,55;464,68;489,423	570	1436646879
64,169;487,249;229,374	387,473;336,261;44,199	220	1436646883
194,85;468,488;88,105	279,24;262,324;282,42	877	1436646887
414,143;298,296;370,130	396,84;93,238;216,210	654	1436646891
339,393;429,169;235,235	490,350;197,247;173,472	129	1436646895
159,160;33,474;487,293	368,453;429,395;206,116	762	1436646900
472,215;100,255;419,377	150,19;20,379;220,438	162	1436646904
76,358;489,417;96,438	439,449;11,357;202,11	386	1436646908
171,249;16,74;392,139	12,174;381,187;462,49	360	1436646913
196,412;444,339;304,208	232,291;151,372;60,232	380	1436646917
274,362;48,252;360,126	258,208;404,168;130,257	944	1436646933
50,230;454,95;53,165	64,129;124,455;258,232	671	1436646937
154,238;467,70;310,310	439,30;69,384;272,209	949	1436646942
281,293;134,442;28,68	287,230;50,313;55,138	278	1436646946
132,375;263,217;217,424	254,335;365,130;377,162	305	1436646950
70,177;108,411;342,128	363,482;480,149;124,25	281	1436646954
469,161;41,214;461,363	226,333;47,325;296,93	337	1436646958
237,152;242,200;252,74	366,271;477,180;246,285	362	1436646962
85,41;159,135;381,82	110,114;175,252;442,242	178	1436646967
277,263;170,246;177,390	277,410;424,472;225,190	398	1436646971
234,177;91,104;345,327	265,103;347,235;447,369	876	1436646975
474,386;89,147;461,238	141,350;451,34;203,354	687	1436646979
434,46;256,333;263,59	296,331;252,318;305,191	645	1436646983
215,192;480,472;474,272	390,132;488,269;128,343	183	1436646987
398,474;21,332;153,380	398,474;21,332;153,380	2	1436646991
131,227;89,67;338,141	265,472;23,173;449,102	251	1436646995
389,105;450,303;268,357	37,324;358,119;142,31	347	1436646999
17,46;151,56;365,187	37,117;95,440;38,338	305	1436647003
348,115;438,274;26,142	480,457;437,123;195,130	389	1436647007
470,451;231,357;446,322	285,307;104,25;74,278	365	1436647012
476,294;303,467;230,176	285,361;450,336;468,131	355	1436647016
50,230;454,95;53,165	31,129;166,247;441,128	285	1436647020
309,127;425,438;292,458	449,40;382,489;318,321	342	1436647024
76,358;489,417;96,438	12,484;455,250;349,195	263	1436647028
401,471;68,88;169,403	424,110;340,177;82,93	335	1436647032
478,489;308,238;358,217	263,122;280,462;266,317	682	1436647038
76,358;489,417;96,438	193,105;157,486;60,349	386	1436647042
109,13;349,298;369,22	170,455;275,40;240,365	689	1436647046
205,124;356,162;420,45	312,76;88,179;464,229	345	1436647050
35,425;89,233;175,236	183,118;426,241;229,416	427	1436647054
283,485;226,233;402,139	206,223;296,375;387,185	438	1436647058
424,312;195,97;334,356	458,164;471,111;328,175	602	1436647062
164,450;452,69;467,174	120,50;173,43;155,372	252	1436647066
254,421;291,307;450,150	141,390;406,388;488,412	372	1436647070
27,166;224,232;336,184	396,329;173,243;458,82	379	1436647074
106,64;466,431;23,193	456,421;191,472;190,220	335	1436647078
426,423;260,418;118,450	140,425;386,322;176,384	199	1436647082
47,391;148,373;38,126	101,373;133,338;336,417	431	1436647086
47,391;148,373;38,126	142,172;312,26;359,426	411	1436647090
23,24;436,476;154,238	455,313;103,136;390,305	355	1436647094
237,438;63,255;451,190	154,247;153,24;408,304	348	1436647098
163,62;52,204;431,228	316,374;207,102;416,29	389	1436647103
137,241;345,60;452,337	308,12;44,443;404,115	615	1436647107
338,473;283,193;282,329	459,226;363,327;285,116	447	1436647111
146,379;281,87;205,70	69,427;221,106;262,26	990	1436647115
198,48;410,471;54,117	177,101;182,173;402,162	343	1436647120
264,426;482,179;18,329	410,90;193,123;327,238	411	1436647124
486,420;466,135;48,26	393,479;79,432;435,23	367	1436647129
94,322;203,172;357,266	13,109;316,54;369,352	406	1436647133
67,215;473,407;217,122	379,152;280,326;83,17	358	1436647138
165,353;21,269;375,230	295,60;228,396;215,306	377	1436647142
83,486;84,230;32,399	375,179;124,485;333,186	426	1436647146
76,347;113,369;99,460	281,118;220,234;13,423	761	1436647150
42,192;149,245;254,417	477,38;268,438;205,341	616	1436647154
367,14;142,80;418,272	359,373;323,101;89,355	197	1436647158
288,255;363,115;201,424	350,433;108,408;312,387	1000	1436647162
480,200;18,58;163,93	44,250;44,450;237,314	916	1436647167
76,347;113,369;99,460	55,165;46,94;362,485	749	1436647172
83,486;84,230;32,399	343,334;272,300;326,248	651	1436647176
426,423;260,418;118,450	403,183;427,238;210,458	658	1436647180
483,212;133,59;270,165	109,391;396,333;417,67	598	1436647184
472,215;100,255;419,377	61,477;227,111;78,165	362	1436647188
126,31;483,122;431,175	39,11;337,456;419,326	352	1436647192
43,236;379,412;248,230	252,227;317,435;149,360	325	1436647196
372,17;80,106;317,46	428,111;409,93;139,364	165	1436647201
106,64;466,431;23,193	296,37;454,490;200,440	55	1436647206
262,185;231,113;441,118	103,180;172,272;208,360	695	1436647210
347,119;193,213;98,56	175,437;88,203;417,54	70	1436647214
156,133;327,22;187,112	69,270;189,60;70,348	1000	1436647218
259,12;379,60;30,391	259,12;379,60;30,391	6	1436647223
134,338;22,407;26,111	363,17;207,118;453,451	293	1436647227
281,293;134,442;28,68	28,184;489,71;236,74	349	1436647231
480,200;18,58;163,93	20,475;302,57;284,144	147	1436647235
77,378;218,284;101,337	238,232;57,141;138,293	371	1436647239
245,398;18,455;113,341	291,124;230,301;26,290	295	1436647243
44,216;18,283;221,415	450,437;128,100;242,365	158	1436647247
42,168;52,55;236,465	253,117;423,123;269,406	294	1436647251
165,353;21,269;375,230	477,388;415,145;154,60	309	1436647256
121,490;261,396;139,123	203,331;188,476;425,239	263	1436647260
472,215;100,255;419,377	461,214;477,318;221,146	213	1436647264
380,430;29,24;137,12	259,163;169,53;468,314	332	1436647268
23,248;123,178;127,233	346,359;16,106;282,34	317	1436647272
89,154;125,240;275,406	159,130;324,455;152,185	162	1436647276
154,238;467,70;310,310	230,41;246,29;257,355	710	1436647281
50,312;460,337;35,192	50,312;460,337;35,192	4	1436647285
5H3z6N675