136	R	0.0.0.0	1436646125
86,169;120,216;436,399	144,391;208,137;457,168	948	1436646199
86,78;211,107;147,483	300,72;222,477;113,110	174	1436646207
42,319;93,132;46,412	429,92;312,197;119,197	846	1436646214
321,361;415,193;224,237	321,361;415,193;224,237	498	1436646228
213,263;455,213;370,59	177,372;447,44;475,193	705	1436646242
280,308;219,21;355,351	311,180;66,426;446,166	541	1436646255
23,28;369,459;24,30	307,393;440,442;63,340	298	1436646267
76,358;489,417;96,438	268,394;192,362;340,27	0	1436646273
43,236;379,412;248,230	133,441;76,201;444,105	345	1436646277
89,154;125,240;275,406	322,413;106,154;433,441	534	1436646285
348,115;438,274;26,142	427,389;309,159;246,262	400	1436646292
27,166;224,232;336,184	288,490;271,159;235,163	497	1436646298
433,164;201,196;304,146	285,336;441,94;380,154	347	1436646303
274,438;428,218;434,478	390,76;35,473;314,307	677	1436646309
115,72;67,147;76,253	304,333;20,425;39,253	899	1436646315
414,158;66,162;278,11	171,390;147,214;227,310	842	1436646320
215,192;480,472;474,272	36,85;452,267;348,397	370	1436646326
109,351;367,293;437,210	131,222;173,57;490,412	679	1436646331
166,421;181,321;295,80	208,346;490,68;482,394	807	1436646336
478,482;338,100;470,53	352,439;41,281;237,412	891	1436646347
51,207;342,471;103,232	142,486;260,262;414,95	161	1436646355
437,319;434,366;263,222	372,444;430,380;301,346	404	1436646360
412,385;409,111;464,157	276,215;77,102;49,51	96	1436646365
179,30;138,322;132,275	280,345;450,190;446,114	271	1436646369
35,425;89,233;175,236	286,143;24,265;232,72	134	1436646373
347,119;193,213;98,56	420,258;59,405;234,482	504	1436646378
136,235;56,45;62,32	375,456;45,418;11,279	981	1436646382
328,478;105,100;94,196	324,322;27,442;337,57	593	1436646387
325,289;284,197;357,32	452,368;124,346;216,485	696	1436646391
50,230;454,95;53,165	22,78;145,45;414,486	426	1436646395
44,216;18,283;221,415	46,37;23,444;247,267	919	1436646401
486,420;466,135;48,26	147,299;171,70;204,277	1000	1436646405
237,152;242,200;252,74	287,446;430,487;237,462	211	1436646410
44,216;18,283;221,415	306,259;16,156;377,76	820	1436646414
94,322;203,172;357,266	101,404;202,394;101,250	400	1436646418
165,353;21,269;375,230	348,478;69,193;183,338	773	1436646422
117,133;483,158;488,243	373,435;442,323;407,231	830	1436646426
309,341;144,310;36,277	438,437;117,53;479,425	781	1436646431
418,107;13,124;193,105	391,186;427,403;412,124	251	1436646435
198,161;13,242;92,45	350,151;476,27;363,390	502	1436646440
398,474;21,332;153,380	398,474;21,332;153,380	0	1436646446
215,216;217,203;132,97	115,257;351,47;173,111	786	1436646451
348,115;438,274;26,142	253,227;346,104;358,454	59	1436646458
367,14;142,80;418,272	359,373;323,101;89,355	0	1436646464
253,392;213,333;459,469	378,413;144,317;367,460	151	1436646471
386,314;64,242;41,146	472,434;111,396;27,416	429	1436646476
76,358;489,417;96,438	459,64;52,287;43,298	671	1436646480
17,46;151,56;365,187	162,125;422,255;29,256	716	1436646485
367,14;142,80;418,272	63,106;103,235;393,177	374	1436646490
50,230;454,95;53,165	408,175;462,411;130,483	571	1436646499
434,46;256,333;263,59	456,387;439,242;353,396	413	1436646504
305,408;116,244;28,51	434,138;83,302;268,72	585	1436646508
73,416;413,487;260,342	74,353;453,83;358,60	718	1436646512
287,439;74,262;126,204	20,333;89,156;214,194	286	1436646516
27,166;224,232;336,184	489,414;127,480;143,123	786	1436646520
47,391;148,373;38,126	37,28;397,369;73,203	786	1436646524
27,166;224,232;336,184	396,329;173,243;458,82	881	1436646529
47,391;148,373;38,126	55,15;118,82;72,396	483	1436646535
291,284;172,229;443,397	180,305;254,195;47,416	0	1436646539
123,287;102,463;124,184	304,453;158,467;84,337	624	1436646543
486,420;466,135;48,26	217,121;349,115;336,410	749	1436646548
428,119;291,286;166,215	401,320;209,307;370,145	339	1436646552
237,152;242,200;252,74	157,315;43,116;82,80	356	1436646558
245,398;18,455;113,341	291,124;230,301;26,290	364	1436646562
340,383;182,282;34,79	57,359;448,26;122,239	174	1436646575
67,215;473,407;217,122	360,196;335,421;84,286	253	1436646579
94,485;32,200;406,243	332,381;269,125;217,368	502	1436646587
23,28;369,459;24,30	219,251;21,346;344,191	118	1436646595
391,41;216,359;395,193	204,23;373,429;366,190	84	1436646601
142,464;402,211;168,411	450,334;273,76;102,33	584	1436646607
115,488;86,383;379,72	97,92;373,436;370,291	70	1436646613
472,215;100,255;419,377	360,49;468,314;154,388	30	1436646620
303,35;184,94;253,404	448,108;49,103;317,466	618	1436646624
437,184;178,47;327,275	465,38;272,65;289,38	967	1436646629
343,437;278,351;412,243	218,121;48,337;331,345	509	1436646635
144,409;41,15;104,154	24,392;267,148;307,112	261	1436646640
69,270;129,267;106,441	101,395;42,82;104,57	816	1436646646
35,425;89,233;175,236	148,179;26,271;370,483	575	1436646650
94,79;274,230;124,87	408,221;160,457;472,173	212	1436646655
50,312;460,337;35,192	50,312;460,337;35,192	0	1436646659
361,351;363,67;427,305	277,89;341,423;84,390	557	1436646665
99,128;43,391;145,125	287,159;307,208;415,212	839	1436646684
409,309;346,134;12,156	474,210;83,46;129,384	81	1436646689
232,77;347,330;107,108	489,127;413,463;77,445	591	1436646695
140,445;339,480;74,382	365,29;67,252;128,347	942	1436646700
83,486;84,230;32,399	185,93;78,178;241,75	337	1436646705
347,119;193,213;98,56	421,57;133,149;340,460	680	1436646709
76,358;489,417;96,438	199,120;467,107;428,16	323	1436646714
156,133;327,22;187,112	69,270;189,60;70,348	210	1436646718
47,391;148,373;38,126	268,435;471,183;132,70	629	1436646722
302,267;488,260;93,133	65,303;198,385;16,229	571	1436646726
413,108;257,190;318,247	67,441;199,462;381,290	727	1436646730
451,398;119,210;123,346	284,28;81,101;17,367	256	1436646735
198,48;410,471;54,117	177,101;182,173;402,162	900	1436646740
27,166;224,232;336,184	179,390;175,169;463,456	574	1436646744
35,425;89,233;175,236	59,333;181,319;369,380	326	1436646748
270,294;104,251;304,394	102,327;285,199;153,118	549	1436646752
106,64;466,431;23,193	338,166;105,359;216,419	724	1436646756
486,420;466,135;48,26	83,237;302,16;111,154	960	1436646760
348,101;67,161;463,403	317,487;71,165;334,274	187	1436646767
165,353;21,269;375,230	98,442;490,217;38,336	632	1436646771
47,391;148,373;38,126	395,238;316,48;165,402	405	1436646778
131,57;314,372;358,369	246,237;107,156;337,404	419	1436646784
361,351;363,67;427,305	22,203;14,22;132,473	415	1436646788
237,152;242,200;252,74	197,231;244,242;460,415	790	1436646792
254,421;291,307;450,150	96,120;101,314;286,285	608	1436646796
218,404;171,270;416,289	438,201;218,487;89,330	598	1436646801
347,119;193,213;98,56	399,355;86,219;89,417	246	1436646805
436,397;257,297;167,38	63,200;473,327;269,349	79	1436646810
157,434;344,194;26,489	58,58;29,71;227,476	481	1436646816
451,398;119,210;123,346	81,218;123,453;432,209	560	1436646821
14,381;248,59;194,65	266,427;353,236;339,58	626	1436646834
35,425;89,233;175,236	484,395;14,138;127,421	746	1436646838
149,207;426,247;34,439	173,417;172,254;480,287	243	1436646843
181,63;482,423;371,275	18,122;264,75;320,226	913	1436646848
75,380;453,231;433,382	124,253;331,217;208,402	496	1436646853
196,412;444,339;304,208	108,322;387,263;145,91	148	1436646858
340,52;327,227;464,443	22,374;379,149;244,317	0	1436646863
332,265;321,160;458,160	295,42;271,157;314,35	460	1436646867
20,66;211,36;419,422	97,132;161,481;269,190	433	1436646871
428,256;275,257;477,381	361,268;361,373;418,209	442	1436646875
254,421;291,307;450,150	256,285;202,395;15,420	586	1436646880
326,263;82,340;352,362	342,421;60,488;182,292	377	1436646884
259,12;379,60;30,391	259,12;379,60;30,391	0	1436646888
475,223;278,64;405,397	166,141;448,168;403,402	231	1436646892
27,166;224,232;336,184	316,178;310,226;381,240	628	1436646896
114,92;60,216;67,43	105,186;212,181;123,204	208	1436646902
132,116;262,116;242,277	460,123;377,38;62,181	590	1436646906
94,322;203,172;357,266	427,325;160,356;326,67	421	1436646910
391,41;216,359;395,193	416,280;441,46;108,452	445	1436646917
455,460;200,267;348,322	212,490;364,191;448,193	413	1436646922
153,59;299,332;405,355	311,259;487,28;79,424	389	1436646926
94,322;203,172;357,266	273,17;483,117;338,145	59	1436646931
87,133;455,435;99,63	274,343;190,366;380,210	655	1436646935
391,41;216,359;395,193	416,15;285,412;322,481	557	1436646939
2C7z6K525