137	R	0.0.0.0	1436646918
86,169;120,216;436,399	144,391;208,137;457,168	1000	1436647010
86,78;211,107;147,483	300,72;222,477;113,110	679	1436647027
42,319;93,132;46,412	429,92;312,197;119,197	923	1436647053
321,361;415,193;224,237	321,361;415,193;224,237	30	1436647062
213,263;455,213;370,59	177,372;447,44;475,193	545	1436647073
280,308;219,21;355,351	311,180;66,426;446,166	878	1436647082
259,12;379,60;30,391	259,12;379,60;30,391	0	1436647094
425,365;119,36;45,208	454,310;84,182;484,437	819	1436647101
430,321;167,177;252,84	209,252;147,279;486,355	846	1436647107
325,147;483,209;178,231	252,56;286,395;400,316	868	1436647115
157,434;344,194;26,489	58,58;29,71;227,476	897	1436647121
149,207;426,247;34,439	446,344;196,57;360,144	960	1436647127
350,428;81,399;260,182	171,443;337,465;436,378	782	1436647133
391,41;216,359;395,193	128,327;288,426;174,105	884	1436647142
420,439;433,13;230,448	215,337;68,40;286,250	894	1436647148
451,398;119,210;123,346	81,218;123,453;432,209	963	1436647155
50,230;454,95;53,165	26,389;360,73;43,289	419	1436647162
387,167;426,231;259,253	331,258;372,387;250,84	992	1436647170
464,104;203,129;99,433	489,32;412,294;375,484	992	1436647175
302,344;82,161;228,294	65,103;381,422;256,225	963	1436647182
59,41;257,470;389,223	394,259;323,453;84,195	416	1436647189
287,268;26,408;462,414	95,455;230,180;324,31	938	1436647238
149,371;292,41;156,153	246,348;397,399;244,48	841	1436647243
472,215;100,255;419,377	135,188;490,359;384,52	405	1436647250
83,486;84,230;32,399	177,319;379,214;244,226	872	1436647257
76,347;113,369;99,460	211,426;484,161;386,345	895	1436647263
486,420;466,135;48,26	417,397;72,487;394,44	425	1436647269
27,166;224,232;336,184	12,484;355,52;253,125	911	1436647275
398,474;21,332;153,380	398,474;21,332;153,380	19	1436647282
301,316;342,14;32,89	300,205;438,178;78,109	796	1436647288
275,65;445,195;450,364	346,203;475,472;84,252	870	1436647294
33,82;460,405;231,339	246,393;341,198;442,393	880	1436647299
44,216;18,283;221,415	363,67;93,87;71,353	887	1436647305
207,266;78,196;470,326	323,56;341,235;343,70	867	1436647319
76,358;489,417;96,438	387,477;204,486;350,166	919	1436647325
106,254;351,176;31,216	419,483;185,324;74,199	849	1436647331
49,237;385,459;391,228	395,34;17,94;279,446	861	1436647337
393,276;163,455;137,333	156,157;338,406;287,244	727	1436647342
47,391;148,373;38,126	142,172;312,26;359,426	806	1436647348
44,179;314,88;380,211	217,96;46,429;288,333	780	1436647355
196,412;444,339;304,208	108,322;387,263;145,91	226	1436647364
274,362;48,252;360,126	258,208;404,168;130,257	835	1436647379
76,358;489,417;96,438	398,253;159,432;179,394	897	1436647385
106,64;466,431;23,193	313,278;317,97;461,347	848	1436647391
382,422;281,301;153,344	481,403;48,127;273,244	901	1436647396
17,46;151,56;365,187	401,406;367,482;134,401	886	1436647403
462,258;433,279;482,319	181,355;135,378;96,443	895	1436647407
115,317;220,111;313,259	116,203;54,278;128,271	874	1436647413
83,486;84,230;32,399	411,59;15,269;49,27	884	1436647418
50,312;460,337;35,192	50,312;460,337;35,192	96	1436647424
281,293;134,442;28,68	285,290;86,411;334,318	870	1436647429
89,154;125,240;275,406	490,448;412,148;483,131	825	1436647435
76,358;489,417;96,438	77,423;427,239;98,356	883	1436647440
281,293;134,442;28,68	465,65;460,417;54,188	847	1436647447
367,14;142,80;418,272	474,455;87,130;302,308	973	1436647452
160,412;391,17;363,256	450,208;191,216;431,52	930	1436647458
149,472;373,24;339,29	97,321;57,276;126,36	911	1436647463
407,271;401,270;178,105	244,267;401,160;11,314	904	1436647468
281,293;134,442;28,68	92,120;240,335;345,231	696	1436647473
437,319;434,366;263,222	369,433;450,47;441,334	838	1436647479
366,76;283,33;99,25	117,80;116,330;24,229	874	1436647484
43,222;168,301;63,315	266,309;365,171;322,38	921	1436647489
174,283;179,124;480,242	250,355;19,312;379,21	838	1436647494
369,71;75,28;27,254	12,285;209,101;71,444	708	1436647499
20,66;211,36;419,422	97,132;161,481;269,190	628	1436647505
478,489;308,238;358,217	263,122;280,462;266,317	998	1436647511
94,322;203,172;357,266	432,177;142,406;134,51	940	1436647516
254,421;291,307;450,150	256,285;202,395;15,420	940	1436647526
237,152;242,200;252,74	220,379;470,271;239,269	913	1436647531
27,166;224,232;336,184	36,112;363,144;421,289	478	1436647538
419,197;116,277;249,57	326,456;336,393;46,105	789	1436647543
281,293;134,442;28,68	404,353;236,48;31,179	574	1436647548
360,65;163,274;48,300	440,402;456,38;402,286	823	1436647553
12,445;370,373;309,478	112,277;23,349;352,193	926	1436647558
43,236;379,412;248,230	177,369;292,477;139,124	949	1436647563
14,381;248,59;194,65	480,241;415,138;404,198	845	1436647568
23,28;369,459;24,30	383,212;438,362;300,233	989	1436647572
52,26;29,219;430,354	260,254;424,125;76,137	965	1436647577
43,236;379,412;248,230	371,269;183,310;180,380	679	1436647582
76,358;489,417;96,438	199,120;467,107;428,16	955	1436647587
264,426;482,179;18,329	353,353;15,483;460,26	622	1436647592
198,348;409,23;386,440	416,40;185,147;281,313	766	1436647597
94,322;203,172;357,266	111,478;473,477;433,267	466	1436647603
434,46;256,333;263,59	195,481;116,249;287,17	832	1436647608
240,238;360,178;247,456	230,412;304,361;396,325	877	1436647612
419,257;464,191;276,14	356,56;409,470;226,202	864	1436647618
35,425;89,233;175,236	225,332;346,437;446,381	934	1436647623
281,293;134,442;28,68	83,329;45,28;87,130	864	1436647628
254,421;291,307;450,150	96,120;101,314;286,285	805	1436647633
88,185;487,350;477,471	468,54;43,405;23,337	456	1436647639
378,164;126,320;12,79	413,444;392,190;58,449	662	1436647644
281,293;134,442;28,68	95,414;81,112;248,434	572	1436647649
486,420;466,135;48,26	235,396;75,360;131,101	566	1436647653
17,46;151,56;365,187	32,130;265,155;80,116	782	1436647658
348,115;438,274;26,142	452,276;177,463;171,118	574	1436647663
458,361;397,354;377,487	336,179;418,429;153,293	741	1436647667
486,420;466,135;48,26	382,358;379,254;381,438	869	1436647672
439,365;425,63;231,182	215,151;445,373;184,459	552	1436647677
76,347;113,369;99,460	295,238;488,167;31,302	894	1436647682
436,397;257,297;167,38	107,70;311,122;359,458	676	1436647686
36,20;439,77;128,404	366,325;63,246;344,411	703	1436647691
93,330;388,328;200,239	54,279;135,203;456,389	452	1436647700
115,72;67,147;76,253	305,422;29,210;154,313	803	1436647705
339,139;437,263;235,235	72,96;473,45;477,208	732	1436647710
165,353;21,269;375,230	15,393;166,332;280,446	771	1436647714
386,280;34,158;298,448	82,443;359,14;194,246	878	1436647719
302,153;253,50;22,320	163,419;335,419;181,394	883	1436647724
228,473;475,127;325,461	65,125;173,469;474,103	894	1436647730
436,397;257,297;167,38	437,269;270,410;288,485	828	1436647734
406,311;374,41;238,490	189,110;241,462;140,147	859	1436647739
138,108;436,99;326,436	171,450;125,371;275,74	820	1436647744
135,41;460,109;390,41	134,365;267,341;184,252	897	1436647748
196,412;444,339;304,208	104,202;134,48;346,172	459	1436647753
165,353;21,269;375,230	348,390;367,79;324,80	821	1436647758
154,338;248,296;453,384	366,411;392,123;414,248	840	1436647763
355,390;43,45;232,436	362,266;231,46;414,215	457	1436647768
182,372;476,438;302,165	145,435;381,350;410,231	482	1436647776
464,132;401,378;411,298	275,435;180,413;460,149	866	1436647781
14,381;248,59;194,65	266,427;353,236;339,58	750	1436647787
394,228;117,43;153,383	398,20;334,272;139,221	691	1436647793
17,46;151,56;365,187	402,427;51,427;54,191	864	1436647798
426,423;260,418;118,450	240,122;239,188;340,381	870	1436647804
382,444;23,433;417,478	339,19;261,393;370,79	848	1436647809
320,418;228,280;13,41	153,373;477,330;289,71	854	1436647814
77,378;218,284;101,337	406,250;366,260;444,118	860	1436647823
264,426;482,179;18,329	174,329;253,295;478,368	877	1436647828
328,478;105,100;94,196	283,424;398,231;457,116	866	1436647833
391,41;216,359;395,193	295,459;67,363;25,318	871	1436647838
366,215;227,116;189,160	193,115;463,306;482,296	891	1436647843
265,303;366,364;342,44	133,127;421,411;270,205	906	1436647847
475,223;278,64;405,397	166,141;448,168;403,402	461	1436647852
50,230;454,95;53,165	361,116;292,465;126,349	882	1436647858
43,236;379,412;248,230	258,62;294,58;282,379	844	1436647863
106,64;466,431;23,193	195,437;14,369;330,128	554	1436647868
426,118;93,372;391,234	473,183;259,199;385,21	718	1436647873
436,397;257,297;167,38	247,252;190,289;71,442	824	1436647878
4D4w6K455