136	L	0.0.0.0	1436646747
86,169;120,216;436,399	144,391;208,137;457,168	751	1436646847
86,78;211,107;147,483	300,72;222,477;113,110	371	1436646855
42,319;93,132;46,412	429,92;312,197;119,197	498	1436646865
321,361;415,193;224,237	321,361;415,193;224,237	7	1436646872
213,263;455,213;370,59	177,372;447,44;475,193	659	1436646878
280,308;219,21;355,351	311,180;66,426;446,166	131	1436646885
149,207;426,247;34,439	116,324;291,439;137,460	563	1436646907
246,461;276,13;198,279	220,126;279,449;443,355	596	1436646914
44,216;18,283;221,415	357,142;452,122;401,340	700	1436646920
35,425;89,233;175,236	192,206;160,224;345,388	812	1436646927
376,77;302,284;482,353	271,454;60,350;414,356	634	1436646935
428,58;228,125;188,159	427,313;380,250;251,21	570	1436646943
174,348;132,205;398,270	47,209;392,209;480,385	664	1436646948
452,198;239,54;313,426	165,240;464,34;376,184	818	1436646954
320,407;405,126;474,217	488,225;152,243;223,22	684	1436646959
352,130;236,484;85,263	332,304;182,55;284,85	727	1436646964
17,46;151,56;365,187	52,395;28,416;346,304	842	1436646970
215,192;480,472;474,272	87,319;376,288;14,231	537	1436646975
384,427;77,88;75,287	489,297;411,369;108,206	338	1436646980
67,215;473,407;217,122	113,65;487,343;283,429	98	1436646985
274,201;471,116;162,35	489,13;78,408;383,392	653	1436646991
389,482;441,156;461,339	329,475;269,285;277,434	611	1436646996
285,39;12,228;398,459	307,33;65,401;398,363	247	1436647002
106,428;236,364;244,331	118,33;253,299;389,40	649	1436647009
457,357;145,382;487,279	264,171;304,401;261,264	617	1436647014
76,358;489,417;96,438	94,53;484,222;281,202	474	1436647021
413,36;359,63;226,311	103,487;450,73;299,109	577	1436647026
76,347;113,369;99,460	472,283;366,228;75,431	752	1436647031
231,143;446,21;348,467	250,416;470,89;198,206	279	1436647036
367,14;142,80;418,272	269,143;443,456;373,160	593	1436647041
115,72;67,147;76,253	436,320;52,474;238,323	797	1436647046
94,322;203,172;357,266	483,421;108,268;103,322	928	1436647050
438,131;341,374;85,227	193,458;331,324;406,447	273	1436647056
174,291;245,316;443,222	357,150;370,63;45,428	403	1436647060
414,143;298,296;370,130	396,84;93,238;216,210	400	1436647066
332,265;321,160;458,160	295,42;271,157;314,35	894	1436647071
83,486;84,230;32,399	367,133;186,442;368,198	791	1436647076
63,306;109,408;252,381	258,197;124,95;53,171	388	1436647081
13,471;24,230;322,125	81,149;316,115;120,403	275	1436647086
162,363;69,384;150,292	445,431;277,442;338,396	415	1436647090
288,255;363,115;201,424	400,409;395,486;324,68	874	1436647095
44,216;18,283;221,415	346,426;231,305;232,432	762	1436647100
196,412;444,339;304,208	210,295;357,401;244,242	862	1436647106
94,322;203,172;357,266	427,325;160,356;326,67	403	1436647110
309,341;144,310;36,277	31,466;159,317;78,383	786	1436647116
50,312;460,337;35,192	50,312;460,337;35,192	435	1436647121
27,166;224,232;336,184	361,109;490,288;319,142	732	1436647127
378,208;449,317;289,20	486,363;370,368;247,142	780	1436647132
434,46;256,333;263,59	201,31;114,427;426,341	718	1436647139
165,353;21,269;375,230	477,72;287,276;379,381	582	1436647143
436,397;257,297;167,38	432,135;141,296;248,293	744	1436647149
254,421;291,307;450,150	476,62;445,308;26,323	786	1436647153
218,460;234,450;143,403	109,410;306,117;134,353	653	1436647158
176,219;377,204;173,426	349,63;108,457;421,212	692	1436647163
50,230;454,95;53,165	266,395;327,45;421,460	673	1436647167
365,285;164,362;318,39	247,214;304,143;26,243	643	1436647172
232,355;40,419;462,92	444,153;223,419;84,305	739	1436647176
423,196;148,161;315,389	475,428;270,398;327,460	728	1436647181
455,234;30,353;118,353	130,166;454,227;174,49	886	1436647185
17,287;22,259;370,116	328,387;489,214;127,187	1000	1436647190
165,353;21,269;375,230	287,81;243,411;390,445	625	1436647194
76,358;489,417;96,438	193,105;157,486;60,349	771	1436647199
208,91;333,381;338,127	94,375;247,323;240,259	693	1436647204
348,490;125,173;408,282	161,400;387,361;74,198	372	1436647209
347,119;193,213;98,56	434,27;176,227;414,424	409	1436647214
451,398;119,210;123,346	30,435;291,390;364,314	540	1436647221
302,153;253,50;22,320	203,86;63,40;125,404	106	1436647227
405,436;101,292;58,122	118,176;199,142;413,211	370	1436647231
237,152;242,200;252,74	101,179;63,172;361,111	793	1436647236
50,230;454,95;53,165	408,175;462,411;130,483	572	1436647241
480,200;18,58;163,93	119,57;432,331;335,31	1000	1436647246
309,341;144,310;36,277	438,437;117,53;479,425	1000	1436647250
149,448;192,326;127,303	79,470;106,336;137,444	124	1436647255
451,398;119,210;123,346	66,152;314,58;373,347	833	1436647262
76,358;489,417;96,438	459,64;52,287;43,298	1000	1436647266
437,319;434,366;263,222	188,249;297,73;407,19	427	1436647271
14,381;248,59;194,65	381,263;306,204;268,123	616	1436647276
302,153;253,50;22,320	354,325;148,342;73,31	225	1436647280
14,381;248,59;194,65	140,420;199,23;192,479	318	1436647286
259,12;379,60;30,391	259,12;379,60;30,391	125	1436647291
405,247;176,348;249,396	208,187;183,258;284,200	698	1436647296
47,391;148,373;38,126	395,238;316,48;165,402	354	1436647301
79,322;231,470;128,33	16,488;395,435;54,177	630	1436647307
343,207;119,23;470,327	19,22;315,384;140,161	257	1436647312
488,390;488,290;464,206	155,214;228,323;126,102	416	1436647317
236,128;384,60;407,204	54,381;14,102;440,432	791	1436647322
114,92;60,216;67,43	105,186;212,181;123,204	768	1436647328
142,40;149,179;130,180	280,260;35,376;480,146	801	1436647332
214,214;351,50;32,123	13,136;324,97;397,160	669	1436647337
136,417;143,229;278,310	188,162;375,169;98,361	411	1436647342
134,15;380,375;383,339	294,88;143,454;265,180	726	1436647347
296,440;164,242;381,391	179,126;364,253;307,386	758	1436647352
348,115;438,274;26,142	418,242;125,30;449,37	748	1436647357
385,89;204,309;181,192	367,86;386,415;300,253	759	1436647363
359,211;202,311;189,66	396,452;350,317;198,395	361	1436647368
94,362;247,412;142,472	284,389;332,205;276,240	639	1436647372
76,358;489,417;96,438	337,431;202,359;40,201	740	1436647380
35,425;89,233;175,236	157,55;285,20;335,469	353	1436647385
196,412;444,339;304,208	47,220;276,365;376,276	582	1436647389
482,270;383,160;188,252	220,378;394,127;203,174	246	1436647394
443,470;306,312;381,341	352,80;276,205;370,387	425	1436647399
309,127;425,438;292,458	449,40;382,489;318,321	395	1436647403
430,321;167,177;252,84	39,429;318,147;365,117	910	1436647408
347,119;193,213;98,56	108,378;250,39;36,122	146	1436647413
355,328;11,267;416,106	224,356;478,467;280,332	753	1436647418
486,420;466,135;48,26	129,199;112,79;199,292	843	1436647423
13,411;101,153;108,87	232,482;259,369;62,30	860	1436647427
76,347;113,369;99,460	61,455;327,50;352,346	737	1436647432
99,367;49,169;405,448	379,466;97,268;358,274	693	1436647437
391,41;216,359;395,193	270,279;137,78;15,288	879	1436647441
428,58;228,125;188,159	445,18;384,53;165,412	834	1436647446
347,119;193,213;98,56	333,345;143,109;212,31	891	1436647450
76,358;489,417;96,438	453,59;179,170;484,217	849	1436647455
47,391;148,373;38,126	67,348;248,327;285,192	812	1436647459
467,195;355,150;391,413	470,189;147,249;314,160	806	1436647464
130,163;253,239;399,287	421,419;133,478;398,242	870	1436647470
50,230;454,95;53,165	383,361;348,154;436,443	779	1436647475
44,216;18,283;221,415	33,65;48,449;22,229	797	1436647480
238,77;129,88;110,459	490,463;201,307;204,186	247	1436647485
137,241;345,60;452,337	308,12;44,443;404,115	729	1436647490
205,124;356,162;420,45	312,76;88,179;464,229	263	1436647495
89,154;125,240;275,406	392,49;15,78;466,120	887	1436647500
69,415;314,259;136,252	488,58;345,285;360,414	811	1436647505
56,352;230,393;458,87	194,229;403,262;171,348	781	1436647510
347,119;193,213;98,56	175,437;88,203;417,54	232	1436647515
398,474;21,332;153,380	398,474;21,332;153,380	0	1436647521
326,304;449,454;98,346	459,136;231,194;140,412	100	1436647526
361,351;363,67;427,305	385,475;130,149;416,282	561	1436647532
54,77;346,89;206,271	432,146;249,355;208,73	4	1436647537
237,152;242,200;252,74	331,81;449,429;416,181	848	1436647541
449,355;270,417;408,141	409,343;412,43;74,248	228	1436647546
76,347;113,369;99,460	62,42;81,20;367,144	834	1436647551
106,64;466,431;23,193	391,131;207,25;293,282	813	1436647556
312,423;145,130;100,326	456,205;301,154;94,200	855	1436647561
281,293;134,442;28,68	28,184;489,71;236,74	717	1436647566
3B6z8K919