136	L	0.0.0.0	1436653612
86,169;120,216;436,399	144,391;208,137;457,168	134	1436653716
86,78;211,107;147,483	300,72;222,477;113,110	722	1436653722
42,319;93,132;46,412	429,92;312,197;119,197	338	1436653729
321,361;415,193;224,237	321,361;415,193;224,237	288	1436653734
213,263;455,213;370,59	177,372;447,44;475,193	285	1436653740
280,308;219,21;355,351	311,180;66,426;446,166	656	1436653746
77,378;218,284;101,337	335,137;172,104;289,285	701	1436653751
302,153;253,50;22,320	354,325;148,342;73,31	241	1436653756
472,215;100,255;419,377	135,188;490,359;384,52	260	1436653760
15,141;480,432;353,450	253,188;17,126;395,131	198	1436653765
19,24;54,122;446,484	329,108;99,182;215,100	877	1436653770
437,319;434,366;263,222	20,64;245,316;117,305	807	1436653775
319,130;223,482;312,429	377,296;367,159;362,459	330	1436653780
339,393;429,169;235,235	490,350;197,247;173,472	638	1436653800
76,358;489,417;96,438	387,477;204,486;350,166	374	1436653805
43,236;379,412;248,230	280,115;241,18;93,324	213	1436653809
257,356;335,18;354,345	55,59;58,90;405,177	332	1436653814
149,207;426,247;34,439	446,344;196,57;360,144	283	1436653818
346,199;75,473;477,351	147,200;283,61;357,403	359	1436653823
115,72;67,147;76,253	304,333;20,425;39,253	862	1436653828
255,282;399,416;61,325	455,136;165,84;152,407	335	1436653832
349,180;55,212;387,436	167,454;16,239;470,109	71	1436653837
237,152;242,200;252,74	216,303;76,251;412,435	941	1436653842
299,440;289,210;181,414	426,395;271,396;263,219	389	1436653847
291,448;280,297;413,324	341,98;74,309;140,241	884	1436653852
76,347;113,369;99,460	76,401;54,469;159,421	298	1436653857
21,312;285,334;390,71	154,262;388,252;320,95	933	1436653864
35,425;89,233;175,236	378,327;244,378;31,189	677	1436653869
149,207;426,247;34,439	310,443;316,285;437,300	649	1436653875
314,321;239,485;440,386	159,80;166,383;459,313	684	1436653880
144,396;282,321;391,81	282,413;74,380;331,315	187	1436653884
237,152;242,200;252,74	320,447;228,74;330,414	749	1436653889
481,440;192,366;278,309	154,420;343,225;238,361	719	1436653893
76,358;489,417;96,438	75,348;128,448;124,306	779	1436653897
77,378;218,284;101,337	55,122;111,322;240,415	699	1436653902
41,219;225,126;483,435	427,173;247,461;91,481	367	1436653907
154,238;467,70;310,310	77,49;317,26;422,471	582	1436653912
472,215;100,255;419,377	61,477;227,111;78,165	406	1436653916
309,341;144,310;36,277	254,198;138,388;303,117	47	1436653921
270,124;168,394;223,81	366,401;288,341;224,44	682	1436653927
391,352;18,240;342,81	374,226;258,466;244,106	687	1436653934
259,12;379,60;30,391	259,12;379,60;30,391	685	1436653940
89,154;125,240;275,406	451,112;349,148;32,220	712	1436653945
234,403;315,431;187,103	300,310;361,204;269,336	611	1436653950
106,64;466,431;23,193	182,351;82,472;412,191	362	1436653955
387,278;60,469;402,475	363,323;485,275;37,405	588	1436653960
430,321;167,177;252,84	188,406;260,434;66,267	727	1436653964
23,28;369,459;24,30	337,358;396,296;200,456	501	1436653972
214,461;452,229;11,436	41,383;185,25;293,12	623	1436653977
101,190;130,38;397,73	321,433;28,298;358,147	642	1436653981
295,470;432,74;243,122	79,437;431,353;56,244	617	1436653986
50,230;454,95;53,165	383,361;348,154;436,443	583	1436653990
76,347;113,369;99,460	166,305;392,212;317,95	631	1436653995
47,391;148,373;38,126	423,21;317,412;186,336	369	1436654000
49,464;236,423;260,188	468,181;32,69;373,440	457	1436654005
50,312;460,337;35,192	50,312;460,337;35,192	425	1436654010
187,144;206,412;341,405	486,405;463,404;152,258	423	1436654018
451,398;119,210;123,346	27,465;459,342;68,109	385	1436654023
370,85;465,143;135,386	32,359;35,336;358,206	461	1436654029
486,420;466,135;48,26	417,397;72,487;394,44	440	1436654038
430,321;167,177;252,84	25,160;345,246;25,360	436	1436654044
75,11;396,474;302,294	263,287;26,301;77,376	627	1436654049
76,347;113,369;99,460	103,345;320,32;196,346	614	1436654054
281,293;134,442;28,68	284,206;145,385;360,278	412	1436654059
179,30;138,322;132,275	280,345;450,190;446,114	601	1436654064
23,28;369,459;24,30	142,321;439,197;64,305	416	1436654069
340,30;42,217;206,132	352,122;21,69;397,176	553	1436654074
394,137;456,46;118,364	475,307;444,311;110,141	659	1436654080
347,119;193,213;98,56	434,27;176,227;414,424	611	1436654087
94,322;203,172;357,266	111,478;473,477;433,267	587	1436654092
50,214;119,11;273,95	29,289;229,47;323,405	578	1436654096
27,166;224,232;336,184	396,105;463,302;203,340	547	1436654100
237,152;242,200;252,74	205,207;357,71;115,244	322	1436654104
50,230;454,95;53,165	37,75;20,83;438,395	343	1436654108
90,71;365,199;160,258	51,266;15,105;170,182	351	1436654113
244,342;60,435;47,354	457,474;160,187;265,341	320	1436654117
77,378;218,284;101,337	406,250;366,260;444,118	357	1436654122
17,287;22,259;370,116	328,387;489,214;127,187	615	1436654127
17,30;288,209;313,126	136,321;421,423;327,472	440	1436654131
350,323;362,239;303,269	72,447;334,414;85,246	427	1436654140
394,228;117,43;153,383	398,20;334,272;139,221	420	1436654145
476,389;181,392;68,152	349,109;419,356;252,204	403	1436654150
434,46;256,333;263,59	337,54;27,121;399,317	403	1436654155
249,205;288,147;189,365	262,224;346,225;421,13	575	1436654159
206,38;452,472;82,271	442,102;222,170;357,461	435	1436654163
436,397;257,297;167,38	203,94;471,37;286,58	326	1436654168
264,426;482,179;18,329	353,353;15,483;460,26	346	1436654172
163,62;52,204;431,228	447,122;379,433;164,89	361	1436654176
83,486;84,230;32,399	375,179;124,485;333,186	403	1436654181
281,293;134,442;28,68	57,213;23,408;426,186	356	1436654185
23,28;369,459;24,30	308,67;300,94;261,179	551	1436654190
33,38;440,472;482,48	486,451;42,45;202,477	659	1436654194
17,46;151,56;365,187	402,427;51,427;54,191	625	1436654200
67,215;473,407;217,122	360,196;335,421;84,286	662	1436654204
189,426;195,70;377,212	66,13;288,354;487,31	210	1436654210
165,353;21,269;375,230	477,72;287,276;379,381	299	1436654215
75,214;33,260;449,416	369,17;404,392;481,289	171	1436654219
398,474;21,332;153,380	398,474;21,332;153,380	174	1436654224
237,152;242,200;252,74	344,463;344,100;43,296	75	1436654228
302,153;253,50;22,320	147,143;230,200;25,296	110	1436654233
472,215;100,255;419,377	292,85;298,332;400,34	63	1436654237
325,127;61,12;38,369	392,217;302,129;333,407	110	1436654243
422,485;437,26;317,235	474,256;70,180;402,463	33	1436654247
84,88;198,105;252,79	191,468;253,237;232,110	45	1436654253
348,115;438,274;26,142	452,276;177,463;171,118	84	1436654257
51,406;294,62;250,133	96,29;73,103;196,153	62	1436654262
213,383;98,57;304,200	396,146;200,298;380,69	137	1436654266
106,64;466,431;23,193	143,310;193,274;212,142	197	1436654270
323,109;284,17;198,117	93,247;407,318;459,177	206	1436654275
34,479;326,155;36,366	417,459;149,258;103,53	669	1436654280
486,420;466,135;48,26	455,469;460,354;203,249	594	1436654284
105,262;485,344;146,168	11,428;19,271;101,471	672	1436654288
450,433;56,32;266,193	206,342;67,56;206,356	717	1436654292
212,445;179,174;380,30	139,431;441,407;404,100	137	1436654297
76,358;489,417;96,438	58,296;415,308;120,364	206	1436654301
127,351;154,223;338,151	148,85;165,467;139,265	276	1436654306
14,381;248,59;194,65	266,427;353,236;339,58	218	1436654310
391,308;130,24;20,61	444,11;390,460;309,49	140	1436654314
208,91;333,381;338,127	94,375;247,323;240,259	147	1436654318
344,174;14,233;227,177	362,388;314,98;241,76	99	1436654324
163,62;52,204;431,228	281,114;79,227;437,363	175	1436654328
343,382;307,38;171,63	433,69;190,327;77,422	275	1436654332
173,283;236,207;210,236	439,379;428,442;470,378	217	1436654338
363,136;200,405;255,458	168,176;292,273;88,78	194	1436654343
215,192;480,472;474,272	38,131;115,358;248,480	193	1436654349
428,58;228,125;188,159	118,83;63,168;95,406	232	1436654354
177,33;67,451;184,217	13,309;375,235;429,210	230	1436654358
437,319;434,366;263,222	349,345;98,380;236,161	161	1436654363
436,397;257,297;167,38	330,278;51,489;377,154	124	1436654368
163,62;52,204;431,228	120,356;322,149;219,24	232	1436654373
44,216;18,283;221,415	319,77;214,440;139,265	280	1436654378
149,207;426,247;34,439	24,229;429,31;372,486	225	1436654382
489,201;44,197;228,422	26,40;264,79;203,287	175	1436654391
120,474;143,446;38,203	411,69;124,298;244,424	155	1436654410
483,84;50,74;415,78	217,271;437,17;477,237	240	1436654416
2F3x7N359