136	L	0.0.0.0	1436653655
86,169;120,216;436,399	144,391;208,137;457,168	605	1436653912
86,78;211,107;147,483	300,72;222,477;113,110	72	1436653924
42,319;93,132;46,412	429,92;312,197;119,197	661	1436653936
321,361;415,193;224,237	321,361;415,193;224,237	0	1436653945
213,263;455,213;370,59	177,372;447,44;475,193	0	1436653954
280,308;219,21;355,351	311,180;66,426;446,166	0	1436653962
182,201;220,231;377,65	384,56;249,423;242,462	754	1436653976
196,412;444,339;304,208	60,215;244,102;329,370	234	1436653988
367,14;142,80;418,272	450,439;247,486;318,143	123	1436653998
254,421;291,307;450,150	476,62;445,308;26,323	239	1436654012
256,408;314,170;433,38	344,54;315,348;147,297	770	1436654019
165,475;252,378;450,119	213,297;281,56;223,352	781	1436654032
439,479;152,317;160,243	111,77;304,437;262,98	640	1436654053
486,420;466,135;48,26	267,99;487,317;206,98	373	1436654063
67,215;473,407;217,122	464,311;452,37;149,224	383	1436654076
385,371;300,112;305,166	268,465;373,297;235,377	620	1436654083
367,14;142,80;418,272	410,433;300,330;88,447	319	1436654091
56,352;230,393;458,87	194,229;403,262;171,348	670	1436654098
209,487;360,42;61,305	104,372;93,347;180,270	0	1436654106
23,28;369,459;24,30	337,358;396,296;200,456	1000	1436654114
227,312;425,15;356,99	143,243;249,252;190,157	761	1436654121
429,135;424,178;288,358	67,190;450,359;467,354	772	1436654133
163,62;52,204;431,228	429,121;201,413;387,35	0	1436654141
93,472;400,307;159,178	13,297;379,213;188,378	431	1436654150
106,64;466,431;23,193	38,171;431,219;400,378	432	1436654162
35,425;89,233;175,236	459,140;35,391;283,175	1000	1436654169
395,287;467,308;414,224	439,160;476,397;25,329	1000	1436654178
196,412;444,339;304,208	210,295;357,401;244,242	780	1436654185
33,340;232,347;403,490	172,190;104,422;252,357	338	1436654194
44,216;18,283;221,415	392,35;399,227;435,238	401	1436654201
76,347;113,369;99,460	75,306;31,71;34,452	611	1436654208
419,475;306,335;396,328	306,200;13,248;454,309	402	1436654214
288,255;363,115;201,424	116,453;397,30;456,414	1000	1436654221
179,30;138,322;132,275	280,345;450,190;446,114	0	1436654233
327,417;356,454;374,349	82,106;100,302;151,424	1000	1436654241
386,314;64,242;41,146	472,434;111,396;27,416	0	1436654252
165,353;21,269;375,230	15,297;329,167;490,51	225	1436654259
272,228;180,71;245,474	294,250;367,390;292,92	0	1436654266
50,312;460,337;35,192	50,312;460,337;35,192	0	1436654273
446,23;121,226;429,38	140,113;222,321;223,324	1000	1436654280
101,226;150,446;190,33	13,308;75,352;361,395	1000	1436654285
419,257;464,191;276,14	356,56;409,470;226,202	0	1436654291
232,450;479,56;58,230	477,184;305,142;463,309	1	1436654296
155,98;302,281;101,263	214,134;113,267;347,460	4	1436654302
50,230;454,95;53,165	366,182;96,281;203,37	317	1436654311
23,28;369,459;24,30	243,388;138,349;487,478	0	1436654319
447,159;305,227;306,129	187,289;56,376;15,266	0	1436654325
181,181;466,80;52,328	61,124;63,350;150,88	392	1436654331
436,397;257,297;167,38	276,337;252,215;181,448	440	1436654337
193,103;105,35;311,337	478,363;121,139;245,171	260	1436654344
451,398;119,210;123,346	429,213;257,228;13,413	5	1436654350
440,223;88,407;289,158	181,414;232,130;325,282	565	1436654356
76,358;489,417;96,438	199,120;467,107;428,16	333	1436654363
42,192;149,245;254,417	477,38;268,438;205,341	751	1436654371
154,238;467,70;310,310	83,275;124,326;314,114	0	1436654379
160,412;391,17;363,256	450,208;191,216;431,52	762	1436654385
196,412;444,339;304,208	232,291;151,372;60,232	243	1436654396
396,29;378,99;240,141	220,409;277,403;301,156	353	1436654404
78,55;472,314;336,296	103,48;28,480;74,352	119	1436654412
17,46;151,56;365,187	243,79;240,420;103,299	763	1436654419
398,474;21,332;153,380	398,474;21,332;153,380	1	1436654426
364,32;62,161;383,238	119,62;373,207;152,268	250	1436654434
426,423;260,418;118,450	76,100;136,375;102,250	0	1436654442
27,166;224,232;336,184	249,166;490,213;378,488	756	1436654449
17,46;151,56;365,187	285,208;341,357;321,400	417	1436654456
280,440;110,117;183,407	475,26;78,332;299,218	617	1436654463
446,108;328,461;337,257	227,445;269,383;347,379	0	1436654469
17,46;151,56;365,187	460,210;116,485;106,355	754	1436654476
306,231;412,156;490,64	197,235;195,81;20,78	87	1436654485
44,216;18,283;221,415	392,114;155,307;11,153	233	1436654495
249,470;254,249;292,142	483,321;304,355;83,450	0	1436654502
332,172;130,329;190,199	291,358;359,65;84,489	411	1436654509
257,426;47,462;113,341	13,313;468,335;284,357	997	1436654516
481,262;121,394;319,431	146,449;143,374;443,238	389	1436654522
394,228;117,43;153,383	398,20;334,272;139,221	137	1436654528
223,282;25,193;74,245	266,354;311,275;440,279	233	1436654535
262,185;231,113;441,118	103,180;172,272;208,360	397	1436654541
215,192;480,472;474,272	429,264;89,171;464,444	77	1436654547
47,391;148,373;38,126	180,87;344,176;185,488	0	1436654554
14,381;248,59;194,65	424,383;281,223;204,97	763	1436654562
89,154;125,240;275,406	447,302;78,387;441,374	735	1436654570
451,398;119,210;123,346	30,435;291,390;364,314	135	1436654577
73,111;125,418;127,101	120,334;61,441;435,69	1000	1436654587
434,46;256,333;263,59	224,354;23,433;11,355	430	1436654596
302,153;253,50;22,320	200,47;455,62;273,304	763	1436654602
43,236;379,412;248,230	253,90;463,220;124,450	913	1436654609
340,30;42,217;206,132	352,122;21,69;397,176	757	1436654614
14,381;248,59;194,65	137,370;384,18;242,292	391	1436654621
254,421;291,307;450,150	141,390;406,388;488,412	76	1436654627
194,118;168,256;366,62	369,119;110,453;57,116	231	1436654638
152,382;108,173;343,487	376,139;108,70;64,292	217	1436654645
50,262;192,249;101,402	450,470;73,51;116,17	894	1436654651
436,397;257,297;167,38	247,252;190,289;71,442	70	1436654657
47,391;148,373;38,126	395,238;316,48;165,402	995	1436654664
154,238;467,70;310,310	21,278;479,145;156,121	841	1436654670
469,99;241,464;423,183	252,375;404,40;104,58	1000	1436654676
59,41;257,470;389,223	394,259;323,453;84,195	1	1436654683
154,238;467,70;310,310	399,150;288,289;27,353	468	1436654689
56,165;350,184;51,232	306,413;200,148;41,329	768	1436654696
415,162;135,449;331,60	183,291;66,456;432,283	1000	1436654701
77,378;218,284;101,337	448,466;472,322;244,107	249	1436654708
134,64;131,247;225,178	428,399;271,25;408,68	854	1436654714
347,119;193,213;98,56	421,57;133,149;340,460	1	1436654720
189,426;195,70;377,212	66,13;288,354;487,31	21	1436654727
200,381;163,110;469,441	229,437;442,306;20,144	761	1436654733
266,481;284,70;235,307	97,408;105,245;454,49	952	1436654741
196,412;444,339;304,208	423,185;270,315;161,188	906	1436654747
115,203;397,433;47,250	361,263;179,58;207,234	890	1436654752
355,390;43,45;232,436	362,266;231,46;414,215	0	1436654758
302,153;253,50;22,320	459,487;131,423;29,380	460	1436654767
132,462;348,313;185,356	71,150;466,397;371,219	230	1436654774
259,12;379,60;30,391	259,12;379,60;30,391	1	1436654779
106,64;466,431;23,193	338,166;105,359;216,419	234	1436654787
300,478;335,362;272,352	233,424;155,12;355,225	444	1436654793
429,94;483,45;395,191	389,476;416,356;413,300	238	1436654800
118,71;352,404;451,404	461,431;182,15;372,97	1000	1436654806
43,236;379,412;248,230	438,401;86,242;320,373	1000	1436654814
218,109;361,185;123,379	409,197;16,355;259,390	998	1436654820
83,486;84,230;32,399	376,70;253,281;124,161	1000	1436654825
152,401;452,425;342,253	417,317;151,31;358,79	757	1436654834
426,423;260,418;118,450	337,391;157,208;447,377	999	1436654840
160,320;402,90;38,34	300,144;195,62;320,326	232	1436654847
437,184;178,47;327,275	465,38;272,65;289,38	230	1436654852
348,115;438,274;26,142	392,424;92,443;211,269	446	1436654858
347,119;193,213;98,56	172,386;26,90;417,53	0	1436654866
472,215;100,255;419,377	448,73;99,421;18,19	754	1436654872
389,482;441,156;461,339	329,475;269,285;277,434	942	1436654879
426,423;260,418;118,450	289,164;416,251;183,103	920	1436654887
315,264;142,472;399,101	164,429;384,339;372,362	1000	1436654893
420,155;335,411;113,334	154,386;186,212;221,427	227	1436654900
111,38;364,327;344,278	168,140;60,485;310,483	1000	1436654905
154,238;467,70;310,310	253,310;37,331;44,63	23	1436654912
228,423;164,419;14,164	323,113;483,436;235,57	64	1436654922
395,223;347,321;440,150	124,281;172,289;124,256	1000	1436654927
356,215;425,276;115,264	438,235;293,291;374,19	0	1436654934
3G6w7R107