136	L	0.0.0.0	1436653625
86,169;120,216;436,399	144,391;208,137;457,168	880	1436653704
86,78;211,107;147,483	300,72;222,477;113,110	434	1436653713
42,319;93,132;46,412	429,92;312,197;119,197	174	1436653719
321,361;415,193;224,237	321,361;415,193;224,237	485	1436653724
213,263;455,213;370,59	177,372;447,44;475,193	592	1436653730
280,308;219,21;355,351	311,180;66,426;446,166	413	1436653739
50,312;460,337;35,192	50,312;460,337;35,192	980	1436653747
426,423;260,418;118,450	233,108;445,400;311,184	322	1436653754
196,412;444,339;304,208	471,57;76,353;53,84	58	1436653761
315,349;239,69;118,324	273,296;197,156;270,450	268	1436653769
259,12;379,60;30,391	259,12;379,60;30,391	998	1436653775
347,119;193,213;98,56	46,411;113,321;13,310	304	1436653781
99,241;469,487;242,456	298,61;237,189;337,364	375	1436653786
12,378;139,383;89,376	331,164;342,51;46,258	16	1436653791
44,216;18,283;221,415	357,142;452,122;401,340	186	1436653796
344,160;213,36;64,343	229,32;407,376;474,280	174	1436653815
436,397;257,297;167,38	152,19;105,470;26,276	203	1436653820
343,207;119,23;470,327	19,22;315,384;140,161	870	1436653829
165,353;21,269;375,230	15,297;329,167;490,51	293	1436653835
244,336;22,332;348,265	128,197;35,206;78,51	240	1436653841
152,114;170,63;338,52	74,54;143,339;50,467	220	1436653846
33,209;12,45;453,237	180,364;27,47;409,62	200	1436653850
359,81;349,355;285,283	484,344;445,488;331,270	210	1436653855
44,216;18,283;221,415	11,105;338,414;32,31	833	1436653860
340,30;42,217;206,132	146,161;448,295;338,85	168	1436653864
424,312;195,97;334,356	458,164;471,111;328,175	226	1436653870
50,230;454,95;53,165	368,254;76,181;451,213	191	1436653875
44,216;18,283;221,415	119,205;152,42;196,217	274	1436653880
472,215;100,255;419,377	252,259;480,265;396,82	220	1436653884
218,404;171,270;416,289	438,201;218,487;89,330	406	1436653892
451,398;119,210;123,346	285,80;418,18;21,405	98	1436653896
77,378;218,284;101,337	477,307;194,250;358,285	198	1436653903
11,134;385,226;424,132	231,348;223,231;148,350	128	1436653908
391,41;216,359;395,193	281,483;58,279;356,134	140	1436653912
385,469;45,140;415,440	300,452;484,236;224,304	181	1436653917
349,151;208,317;95,172	413,109;303,355;207,84	332	1436653922
404,477;120,330;443,490	279,140;449,364;283,113	223	1436653931
428,58;228,125;188,159	382,395;54,111;396,417	203	1436653958
356,293;239,408;147,213	197,41;346,299;56,260	232	1436653963
54,357;250,374;174,378	417,450;446,472;95,69	152	1436653973
220,320;197,212;287,275	21,253;220,58;401,264	308	1436653978
237,152;242,200;252,74	193,441;364,310;450,181	294	1436653983
14,381;248,59;194,65	271,335;36,87;475,470	268	1436653988
381,321;487,486;49,203	29,452;352,49;79,278	431	1436653997
50,230;454,95;53,165	83,309;377,287;170,47	306	1436654026
254,421;291,307;450,150	427,181;25,207;13,122	393	1436654032
360,65;163,274;48,300	440,402;456,38;402,286	365	1436654037
374,108;448,344;303,130	277,149;173,168;244,300	575	1436654051
134,15;380,375;383,339	294,88;143,454;265,180	417	1436654056
394,122;428,303;486,266	343,451;368,423;96,382	376	1436654061
44,216;18,283;221,415	253,487;369,346;394,259	403	1436654066
209,487;360,42;61,305	104,372;93,347;180,270	574	1436654072
154,238;467,70;310,310	142,94;69,429;294,144	364	1436654077
398,474;21,332;153,380	398,474;21,332;153,380	998	1436654083
50,230;454,95;53,165	150,197;186,396;475,442	311	1436654088
27,166;224,232;336,184	318,342;122,301;240,300	279	1436654092
264,426;482,179;18,329	335,463;18,267;342,34	267	1436654096
254,421;291,307;450,150	84,358;417,247;53,405	336	1436654103
391,41;216,359;395,193	416,280;441,46;108,452	794	1436654109
238,77;129,88;110,459	490,463;201,307;204,186	241	1436654115
144,140;310,173;282,24	78,319;266,312;261,202	528	1436654120
419,257;464,191;276,14	356,56;409,470;226,202	360	1436654124
27,166;224,232;336,184	489,414;127,480;143,123	436	1436654129
89,154;125,240;275,406	486,90;426,132;196,490	182	1436654134
266,481;284,70;235,307	97,408;105,245;454,49	293	1436654139
361,351;363,67;427,305	43,60;57,28;392,440	142	1436654144
450,358;17,232;64,311	341,286;309,367;153,153	251	1436654148
261,241;149,381;371,99	27,349;46,482;365,55	30	1436654155
451,398;119,210;123,346	307,436;176,323;490,306	299	1436654160
347,119;193,213;98,56	27,489;58,320;37,325	278	1436654164
472,215;100,255;419,377	158,145;323,176;350,285	141	1436654170
436,397;257,297;167,38	421,307;209,295;138,376	254	1436654175
264,426;482,179;18,329	113,183;216,375;109,402	261	1436654180
466,106;19,393;33,149	112,242;146,287;475,378	254	1436654185
230,215;196,217;337,298	382,194;172,135;397,252	98	1436654189
132,375;263,217;217,424	254,335;365,130;377,162	308	1436654196
134,410;95,29;379,475	232,49;179,328;95,51	359	1436654203
215,192;480,472;474,272	36,85;452,267;348,397	270	1436654207
281,293;134,442;28,68	404,353;236,48;31,179	283	1436654214
469,99;241,464;423,183	252,375;404,40;104,58	5	1436654221
358,306;179,414;263,292	187,234;468,306;382,72	287	1436654226
131,227;89,67;338,141	265,472;23,173;449,102	258	1436654230
434,46;256,333;263,59	488,434;197,377;182,220	167	1436654235
24,184;317,127;169,197	348,383;266,331;84,85	139	1436654239
351,277;16,62;172,298	432,89;54,67;213,459	162	1436654245
17,41;362,33;266,267	454,149;188,468;359,63	228	1436654249
169,488;480,342;209,212	353,425;465,429;248,125	36	1436654255
43,236;379,412;248,230	42,481;302,435;244,267	256	1436654259
94,322;203,172;357,266	365,409;158,221;447,80	159	1436654264
287,410;266,468;285,258	467,40;405,91;144,434	113	1436654270
367,14;142,80;418,272	410,433;300,330;88,447	262	1436654368
325,147;483,209;178,231	252,56;286,395;400,316	255	1436654373
140,90;287,464;97,151	328,240;212,129;176,154	606	1436654380
368,392;103,436;140,162	71,347;259,259;376,24	398	1436654388
348,115;438,274;26,142	22,474;146,228;352,414	387	1436654394
50,230;454,95;53,165	31,129;166,247;441,128	558	1436654399
17,46;151,56;365,187	169,262;243,133;446,87	436	1436654403
391,41;216,359;395,193	128,327;288,426;174,105	408	1436654410
94,322;203,172;357,266	149,449;374,197;125,11	374	1436654414
76,358;489,417;96,438	192,462;415,144;228,367	353	1436654420
437,319;434,366;263,222	352,295;346,255;157,407	313	1436654425
410,62;383,256;195,198	141,428;193,318;225,144	224	1436654430
374,59;242,356;173,349	459,388;378,413;290,230	219	1436654435
76,358;489,417;96,438	192,371;74,137;449,325	195	1436654440
89,154;125,240;275,406	302,435;293,485;171,170	272	1436654445
361,351;363,67;427,305	328,208;294,442;101,305	171	1436654450
437,319;434,366;263,222	368,490;130,91;156,11	171	1436654455
451,398;119,210;123,346	469,36;54,145;220,485	199	1436654459
301,422;223,445;424,87	299,359;279,487;149,433	184	1436654463
196,412;444,339;304,208	114,146;47,299;333,219	36	1436654470
451,398;119,210;123,346	192,235;479,231;441,155	652	1436654474
472,215;100,255;419,377	457,474;33,378;488,411	795	1436654479
331,443;299,377;464,75	292,64;449,174;44,268	396	1436654485
267,213;172,251;111,274	19,24;307,369;449,196	0	1436654490
192,294;487,314;461,215	90,255;155,402;336,48	365	1436654494
115,72;67,147;76,253	422,26;262,234;232,490	771	1436654500
436,397;257,297;167,38	236,52;253,110;232,85	655	1436654508
148,244;350,105;386,184	146,337;390,410;223,322	321	1436654513
453,248;406,252;487,119	289,24;388,170;265,103	273	1436654519
44,216;18,283;221,415	223,460;309,487;244,409	716	1436654524
437,92;119,438;398,282	228,303;339,291;346,67	293	1436654529
250,328;277,380;380,270	57,349;71,189;406,447	338	1436654534
489,281;186,280;247,51	225,400;117,429;147,307	304	1436654538
228,346;404,478;320,21	76,470;230,161;361,330	294	1436654543
379,378;451,158;199,127	366,101;95,153;154,489	248	1436654549
91,170;14,221;231,152	230,85;248,69;101,91	154	1436654554
272,210;70,139;335,222	395,276;179,240;244,11	37	1436654558
314,360;93,165;463,482	280,233;66,11;328,317	526	1436654564
396,29;378,99;240,141	220,409;277,403;301,156	254	1436654568
27,166;224,232;336,184	391,283;58,403;480,57	204	1436654572
199,81;71,33;391,363	66,405;400,460;443,346	169	1436654577
408,283;146,55;304,402	284,180;266,261;347,348	95	1436654581
154,238;467,70;310,310	70,446;199,181;30,135	162	1436654586
347,119;193,213;98,56	108,378;250,39;36,122	124	1436654591
77,378;218,284;101,337	238,162;154,330;398,429	165	1436654596
4F5x6L492