136	R	0.0.0.0	1436647234
86,169;120,216;436,399	144,391;208,137;457,168	957	1436647329
86,78;211,107;147,483	300,72;222,477;113,110	40	1436647341
42,319;93,132;46,412	429,92;312,197;119,197	641	1436647380
321,361;415,193;224,237	321,361;415,193;224,237	0	1436647392
213,263;455,213;370,59	177,372;447,44;475,193	597	1436647402
280,308;219,21;355,351	311,180;66,426;446,166	121	1436647410
367,284;217,395;425,416	126,255;12,71;328,422	1000	1436647415
198,348;409,23;386,440	416,40;185,147;281,313	8	1436647423
89,154;125,240;275,406	94,208;237,460;136,227	181	1436647429
427,79;95,67;264,464	127,38;202,405;428,53	0	1436647435
67,215;473,407;217,122	441,355;430,431;234,213	426	1436647453
106,64;466,431;23,193	210,241;300,108;298,460	1000	1436647465
391,41;216,359;395,193	213,65;57,140;314,424	586	1436647470
472,215;100,255;419,377	292,85;298,332;400,34	533	1436647478
43,236;379,412;248,230	255,447;252,197;285,190	1000	1436647485
288,255;363,115;201,424	433,268;483,159;482,381	1000	1436647495
273,194;367,139;199,77	443,423;414,64;207,178	754	1436647501
115,72;67,147;76,253	50,99;91,407;77,85	624	1436647506
486,420;466,135;48,26	484,303;349,486;198,396	574	1436647512
76,358;489,417;96,438	459,64;52,287;43,298	1000	1436647517
189,486;452,106;105,180	349,459;392,198;52,480	349	1436647523
117,234;296,410;462,435	22,179;13,319;15,166	1000	1436647530
391,41;216,359;395,193	204,23;373,429;366,190	29	1436647535
337,274;246,466;448,485	406,454;347,218;92,304	12	1436647539
215,192;480,472;474,272	179,229;451,249;222,43	703	1436647546
44,216;18,283;221,415	95,242;56,373;386,82	910	1436647553
332,231;247,283;74,485	79,324;255,360;107,332	984	1436647561
391,41;216,359;395,193	16,202;154,478;226,464	633	1436647567
389,89;204,150;200,290	341,210;116,20;28,439	418	1436647572
478,450;271,114;331,218	394,480;316,350;290,290	6	1436647578
47,391;148,373;38,126	55,15;118,82;72,396	555	1436647583
421,235;123,132;65,237	342,269;166,214;478,98	260	1436647590
242,113;191,118;265,35	368,482;347,61;398,24	1000	1436647600
115,72;67,147;76,253	305,422;29,210;154,313	1000	1436647607
428,58;228,125;188,159	389,313;399,101;423,455	98	1436647612
422,485;437,26;317,235	474,256;70,180;402,463	834	1436647618
309,341;144,310;36,277	118,126;82,174;416,334	982	1436647623
67,215;473,407;217,122	433,348;26,355;356,298	979	1436647628
345,327;88,338;326,415	91,165;473,125;118,387	351	1436647637
133,141;387,321;387,219	450,346;345,467;216,405	390	1436647643
47,391;148,373;38,126	168,96;60,246;398,283	657	1436647648
398,474;21,332;153,380	398,474;21,332;153,380	0	1436647655
309,341;144,310;36,277	71,359;88,448;147,267	1000	1436647663
337,448;107,426;240,98	27,34;43,401;378,338	0	1436647667
436,397;257,297;167,38	247,252;190,289;71,442	1000	1436647673
35,425;89,233;175,236	192,206;160,224;345,388	215	1436647678
348,115;438,274;26,142	22,474;146,228;352,414	314	1436647683
374,270;310,141;204,214	243,243;289,349;420,113	704	1436647690
402,345;451,373;171,400	161,276;426,73;94,295	230	1436647697
30,91;139,376;373,470	394,477;186,259;16,449	379	1436647706
217,239;383,377;410,29	335,25;104,191;75,12	0	1436647711
472,215;100,255;419,377	61,477;227,111;78,165	0	1436647716
330,440;137,289;287,176	454,235;282,114;70,250	97	1436647722
302,153;253,50;22,320	158,178;361,425;473,157	795	1436647728
385,164;279,192;104,441	300,44;212,307;385,442	839	1436647734
264,426;482,179;18,329	410,90;193,123;327,238	892	1436647741
50,230;454,95;53,165	380,87;440,468;197,363	997	1436647747
410,235;398,381;253,180	177,219;72,100;489,183	301	1436647752
62,220;14,175;192,33	282,207;397,234;117,312	378	1436647758
298,423;414,472;26,249	34,233;336,474;90,440	1000	1436647762
14,351;59,413;239,433	321,278;333,461;380,30	893	1436647766
163,62;52,204;431,228	94,41;480,103;440,219	702	1436647771
14,381;248,59;194,65	281,22;334,21;231,143	583	1436647777
17,46;151,56;365,187	227,326;352,223;171,87	646	1436647782
238,77;129,88;110,459	490,463;201,307;204,186	157	1436647787
256,106;12,297;440,357	243,313;212,138;46,256	22	1436647792
13,484;125,87;389,447	144,104;215,333;427,308	441	1436647798
143,63;143,157;230,292	97,108;448,413;79,414	999	1436647803
437,319;434,366;263,222	349,345;98,380;236,161	995	1436647808
472,215;100,255;419,377	138,278;265,22;469,390	104	1436647813
27,166;224,232;336,184	396,105;463,302;203,340	724	1436647818
281,293;134,442;28,68	32,387;319,211;70,17	584	1436647823
76,358;489,417;96,438	337,431;202,359;40,201	994	1436647827
281,293;134,442;28,68	404,353;236,48;31,179	43	1436647832
43,236;379,412;248,230	408,428;284,66;130,453	667	1436647837
331,59;98,201;91,149	297,426;384,314;116,88	770	1436647842
89,154;125,240;275,406	190,42;244,176;441,479	0	1436647846
260,455;222,472;446,44	488,263;341,366;107,33	840	1436647852
196,412;444,339;304,208	76,40;232,484;278,411	998	1436647856
215,192;480,472;474,272	405,106;471,457;140,405	693	1436647862
451,398;119,210;123,346	332,432;408,313;98,42	52	1436647867
264,426;482,179;18,329	205,253;355,258;262,123	996	1436647872
94,322;203,172;357,266	426,230;53,87;347,258	995	1436647876
94,362;247,412;142,472	284,389;332,205;276,240	795	1436647880
200,324;143,436;428,343	89,200;461,354;33,224	998	1436647886
196,412;444,339;304,208	428,370;340,270;142,168	998	1436647890
220,362;198,118;62,429	54,51;150,412;271,335	303	1436647894
264,426;482,179;18,329	181,55;406,188;57,372	311	1436647899
391,41;216,359;395,193	39,288;150,443;150,125	662	1436647903
206,38;452,472;82,271	442,102;222,170;357,461	209	1436647908
165,475;252,378;450,119	213,297;281,56;223,352	1000	1436647912
134,194;106,178;445,461	481,322;53,53;38,15	14	1436647917
219,444;284,74;293,226	464,468;262,354;113,443	1000	1436647922
446,303;134,198;474,105	83,307;420,322;362,466	24	1436647927
423,130;144,393;405,225	52,28;86,55;141,269	588	1436647931
236,34;374,64;36,389	283,314;102,401;291,79	748	1436647936
317,257;169,276;69,427	178,402;219,372;160,180	871	1436647941
296,440;164,242;381,391	179,126;364,253;307,386	118	1436647946
83,257;454,269;464,300	91,98;93,367;102,277	250	1436647951
50,312;460,337;35,192	50,312;460,337;35,192	0	1436647956
215,74;161,202;355,181	234,272;48,228;83,76	2	1436647961
220,407;282,381;448,57	51,479;277,410;119,393	1000	1436647968
237,152;242,200;252,74	96,331;447,95;152,292	807	1436647977
391,41;216,359;395,193	416,280;441,46;108,452	147	1436647983
281,293;134,442;28,68	284,206;145,385;360,278	81	1436647988
328,478;105,100;94,196	309,397;125,137;162,201	615	1436647993
301,316;342,14;32,89	300,205;438,178;78,109	1000	1436648000
217,369;224,465;358,28	234,428;327,246;383,66	418	1436648005
236,141;360,287;97,263	180,440;464,397;23,395	678	1436648010
196,412;444,339;304,208	148,372;136,244;367,245	291	1436648014
94,322;203,172;357,266	483,421;108,268;103,322	987	1436648018
130,127;169,85;358,74	274,377;302,216;253,391	369	1436648023
147,390;50,458;11,129	443,321;147,236;298,323	438	1436648027
430,321;167,177;252,84	25,160;345,246;25,360	731	1436648031
182,111;442,395;269,211	381,351;240,131;342,405	997	1436648036
339,159;237,88;26,151	93,349;293,392;290,194	369	1436648040
434,46;256,333;263,59	277,145;466,104;296,424	1	1436648046
14,381;248,59;194,65	199,19;60,15;250,358	767	1436648050
490,112;372,218;284,337	71,78;108,436;136,40	837	1436648054
27,166;224,232;336,184	449,326;241,228;433,196	736	1436648058
106,64;466,431;23,193	343,108;282,371;387,181	319	1436648062
259,12;379,60;30,391	259,12;379,60;30,391	0	1436648068
379,295;374,435;446,346	110,105;206,400;388,200	394	1436648074
461,30;449,159;411,277	348,263;93,232;179,250	0	1436648078
335,299;416,204;213,295	286,211;72,227;360,419	346	1436648083
196,412;444,339;304,208	210,295;357,401;244,242	683	1436648087
278,223;14,348;367,271	296,350;383,15;223,156	602	1436648091
347,119;193,213;98,56	50,326;66,32;358,431	86	1436648096
204,39;272,205;439,280	282,203;476,453;104,54	998	1436648100
94,322;203,172;357,266	269,366;50,160;368,230	416	1436648105
309,341;144,310;36,277	268,87;231,304;298,401	1000	1436648109
165,353;21,269;375,230	25,71;390,12;353,361	615	1436648115
154,238;467,70;310,310	164,230;396,390;146,112	898	1436648122
120,412;260,461;326,221	440,100;141,171;322,316	368	1436648126
378,164;126,320;12,79	413,444;392,190;58,449	197	1436648134
4F4z6K359