136	R	0.0.0.0	1436646184
86,169;120,216;436,399	144,391;208,137;457,168	784	1436646263
86,78;211,107;147,483	300,72;222,477;113,110	125	1436646271
42,319;93,132;46,412	429,92;312,197;119,197	694	1436646278
321,361;415,193;224,237	321,361;415,193;224,237	0	1436646286
213,263;455,213;370,59	177,372;447,44;475,193	568	1436646292
280,308;219,21;355,351	311,180;66,426;446,166	579	1436646303
366,215;227,116;189,160	193,115;463,306;482,296	946	1436646310
163,62;52,204;431,228	112,22;74,480;217,291	752	1436646316
457,300;287,284;452,148	256,63;290,452;129,110	684	1436646322
35,425;89,233;175,236	197,258;450,389;152,164	633	1436646327
281,293;134,442;28,68	83,329;45,28;87,130	870	1436646334
451,398;119,210;123,346	453,396;403,459;357,29	692	1436646341
365,285;164,362;318,39	247,214;304,143;26,243	857	1436646349
386,280;34,158;298,448	82,443;359,14;194,246	954	1436646356
35,425;89,233;175,236	398,77;272,372;24,396	912	1436646362
361,351;363,67;427,305	402,250;181,262;352,207	635	1436646368
77,378;218,284;101,337	481,142;213,292;102,439	865	1436646377
43,236;379,412;248,230	103,45;170,129;199,138	995	1436646384
83,486;84,230;32,399	338,133;351,304;67,159	685	1436646389
50,230;454,95;53,165	361,116;292,465;126,349	637	1436646395
367,14;142,80;418,272	72,300;382,232;152,73	239	1436646402
361,351;363,67;427,305	220,203;133,16;406,309	718	1436646409
472,215;100,255;419,377	461,214;477,318;221,146	634	1436646440
43,236;379,412;248,230	258,62;294,58;282,379	765	1436646447
309,341;144,310;36,277	115,116;55,50;344,379	828	1436646452
94,322;203,172;357,266	13,109;316,54;369,352	592	1436646457
50,230;454,95;53,165	79,389;344,423;354,302	746	1436646462
425,47;304,304;485,343	305,217;379,28;148,47	539	1436646467
241,337;436,295;488,464	485,146;449,144;112,193	911	1436646472
128,110;149,298;419,51	162,442;182,93;81,334	702	1436646477
76,358;489,417;96,438	125,213;356,409;484,58	848	1436646482
76,347;113,369;99,460	55,165;46,94;362,485	975	1436646487
237,152;242,200;252,74	220,379;470,271;239,269	934	1436646491
361,351;363,67;427,305	307,199;340,405;210,19	827	1436646496
440,171;64,240;344,248	14,34;340,94;266,93	840	1436646501
94,322;203,172;357,266	432,462;375,58;140,429	728	1436646506
131,57;314,372;358,369	246,237;107,156;337,404	816	1436646511
361,351;363,67;427,305	22,203;14,22;132,473	849	1436646531
457,165;192,326;265,107	472,348;412,161;90,91	608	1436646549
458,57;56,330;118,107	484,424;164,277;341,47	269	1436646554
17,46;151,56;365,187	206,56;382,367;443,376	640	1436646560
430,384;413,207;234,269	124,334;53,322;322,445	834	1436646590
34,452;349,466;330,246	248,95;361,371;484,24	406	1436646595
35,425;89,233;175,236	342,19;66,443;72,260	915	1436646599
361,351;363,67;427,305	389,238;269,191;223,355	402	1436646603
398,474;21,332;153,380	398,474;21,332;153,380	9	1436646612
486,420;466,135;48,26	147,299;171,70;204,277	843	1436646617
319,226;148,146;22,205	451,414;108,359;273,329	31	1436646623
27,166;224,232;336,184	187,201;153,448;195,155	911	1436646628
288,255;363,115;201,424	433,268;483,159;482,381	730	1436646635
254,421;291,307;450,150	312,469;290,23;248,36	944	1436646640
309,341;144,310;36,277	463,348;35,446;369,434	900	1436646645
21,264;421,164;334,488	426,74;157,126;225,390	553	1436646650
328,313;30,477;434,463	313,304;247,343;94,474	839	1436646654
76,347;113,369;99,460	166,305;392,212;317,95	970	1436646659
188,334;164,100;333,161	399,486;122,356;86,237	856	1436646664
55,458;458,132;432,24	382,441;276,133;36,144	973	1436646669
165,353;21,269;375,230	68,99;253,233;73,309	649	1436646674
190,12;205,373;332,87	483,329;11,134;481,386	895	1436646678
360,65;163,274;48,300	440,402;456,38;402,286	212	1436646685
305,408;116,244;28,51	434,138;83,302;268,72	429	1436646690
288,255;363,115;201,424	174,229;431,149;307,184	770	1436646696
320,407;405,126;474,217	488,225;152,243;223,22	814	1436646703
428,58;228,125;188,159	339,115;68,325;454,126	875	1436646709
450,433;56,32;266,193	206,342;67,56;206,356	913	1436646713
361,351;363,67;427,305	385,475;130,149;416,282	908	1436646718
43,236;379,412;248,230	210,276;449,362;260,408	658	1436646722
285,76;399,27;79,194	51,147;464,280;363,373	889	1436646727
182,372;476,438;302,165	145,435;381,350;410,231	833	1436646731
154,238;467,70;310,310	70,446;199,181;30,135	177	1436646738
54,77;346,89;206,271	432,146;249,355;208,73	173	1436646744
426,423;260,418;118,450	233,108;445,400;311,184	733	1436646750
115,407;173,452;259,205	286,168;377,162;458,324	325	1436646756
76,347;113,369;99,460	203,343;248,145;399,225	770	1436646761
14,381;248,59;194,65	281,22;334,21;231,143	843	1436646780
50,230;454,95;53,165	408,175;462,411;130,483	937	1436646785
156,450;165,402;437,423	378,260;308,149;308,114	809	1436646789
120,412;260,461;326,221	440,100;141,171;322,316	481	1436646793
451,398;119,210;123,346	92,14;22,83;241,478	886	1436646802
394,445;377,375;129,121	103,230;454,108;236,191	785	1436646807
83,486;84,230;32,399	83,359;370,412;268,322	572	1436646812
35,425;89,233;175,236	484,395;14,138;127,421	903	1436646816
237,152;242,200;252,74	466,332;477,377;18,488	972	1436646821
65,301;454,395;167,284	296,71;96,98;170,80	874	1436646827
242,12;127,31;373,156	91,34;248,260;460,393	909	1436646831
144,277;199,257;323,247	16,362;453,26;140,407	955	1436646836
391,41;216,359;395,193	213,65;57,140;314,424	617	1436646840
127,351;154,223;338,151	148,85;165,467;139,265	783	1436646847
15,98;261,151;132,185	247,157;258,306;155,472	837	1436646852
348,115;438,274;26,142	418,242;125,30;449,37	219	1436646856
339,139;437,263;235,235	72,96;473,45;477,208	917	1436646861
21,159;433,409;377,176	155,263;234,448;348,67	714	1436646865
89,154;125,240;275,406	175,276;440,459;380,326	823	1436646871
357,120;299,18;342,387	446,85;104,398;380,114	580	1436646875
106,64;466,431;23,193	391,131;207,25;293,282	754	1436646880
430,321;167,177;252,84	65,283;382,32;179,376	854	1436646884
43,236;379,412;248,230	419,195;151,95;289,444	473	1436646888
320,97;288,294;469,456	209,123;355,46;263,475	644	1436646894
43,236;379,412;248,230	252,227;317,435;149,360	549	1436646899
354,37;84,322;153,399	308,61;78,12;249,384	656	1436646919
85,41;159,135;381,82	110,114;175,252;442,242	476	1436646924
119,345;238,432;89,135	195,289;82,70;249,437	775	1436646928
391,41;216,359;395,193	189,480;206,42;188,183	837	1436646933
16,165;142,486;443,332	388,17;51,487;278,339	655	1436646937
361,351;363,67;427,305	232,36;244,314;208,45	619	1436646942
332,313;148,100;450,224	375,480;151,241;89,319	429	1436646960
198,161;13,242;92,45	350,151;476,27;363,390	704	1436646970
309,341;144,310;36,277	71,359;88,448;147,267	707	1436646975
149,207;426,247;34,439	487,320;180,105;346,471	460	1436646985
348,115;438,274;26,142	253,227;346,104;358,454	419	1436646991
437,319;434,366;263,222	325,176;286,308;400,52	648	1436646995
209,54;293,85;208,379	441,469;358,397;431,118	287	1436647001
347,119;193,213;98,56	326,443;487,115;299,105	473	1436647006
264,426;482,179;18,329	13,454;440,162;42,182	405	1436647013
76,347;113,369;99,460	222,72;276,93;189,27	458	1436647017
95,19;170,215;33,180	418,200;319,324;75,475	786	1436647023
467,276;90,249;181,133	426,328;343,389;400,210	831	1436647029
486,420;466,135;48,26	83,237;302,16;111,154	845	1436647034
47,391;148,373;38,126	436,490;351,295;146,246	460	1436647039
143,63;143,157;230,292	97,108;448,413;79,414	849	1436647044
44,216;18,283;221,415	438,40;152,24;261,194	687	1436647050
132,372;462,375;38,274	195,174;342,382;437,125	793	1436647055
295,406;425,445;73,468	420,218;39,438;49,478	819	1436647060
391,41;216,359;395,193	28,89;377,167;33,212	575	1436647065
428,58;228,125;188,159	264,210;305,339;87,163	740	1436647070
259,12;379,60;30,391	259,12;379,60;30,391	19	1436647075
157,110;444,484;444,151	280,50;239,358;404,178	346	1436647080
55,14;304,357;283,57	467,295;429,21;134,200	602	1436647087
50,312;460,337;35,192	50,312;460,337;35,192	259	1436647092
417,137;308,231;475,150	239,318;368,294;124,127	583	1436647097
47,391;148,373;38,126	292,157;207,20;366,111	646	1436647102
475,14;216,211;203,146	103,13;401,455;420,440	944	1436647107
58,428;333,111;252,234	220,315;117,416;158,387	880	1436647111
76,347;113,369;99,460	134,438;180,115;144,283	939	1436647116
31,293;346,471;175,27	129,77;87,437;30,16	804	1436647121
4B5x7Q843