137	R	0.0.0.0	1436646311
86,169;120,216;436,399	144,391;208,137;457,168	1000	1436646512
86,78;211,107;147,483	300,72;222,477;113,110	340	1436646532
42,319;93,132;46,412	429,92;312,197;119,197	945	1436646546
321,361;415,193;224,237	321,361;415,193;224,237	0	1436646559
213,263;455,213;370,59	177,372;447,44;475,193	402	1436646567
280,308;219,21;355,351	311,180;66,426;446,166	318	1436646575
451,398;119,210;123,346	453,396;403,459;357,29	458	1436646583
106,64;466,431;23,193	151,115;17,161;476,113	1000	1436646590
376,77;302,284;482,353	271,454;60,350;414,356	362	1436646598
94,322;203,172;357,266	188,24;233,424;85,475	944	1436646604
480,200;18,58;163,93	187,418;239,313;225,338	1000	1436646611
165,353;21,269;375,230	477,72;287,276;379,381	823	1436646617
347,119;193,213;98,56	394,210;69,311;232,110	446	1436646623
381,387;378,305;42,74	200,350;129,323;91,97	472	1436646630
428,58;228,125;188,159	140,31;382,302;200,71	453	1436646636
67,215;473,407;217,122	85,258;201,100;351,375	714	1436646642
347,402;64,223;358,402	371,253;224,176;317,233	1000	1436646648
331,443;299,377;464,75	292,64;449,174;44,268	1000	1436646654
14,381;248,59;194,65	199,19;60,15;250,358	711	1436646661
145,357;308,455;337,22	87,29;411,177;460,47	380	1436646667
302,153;253,50;22,320	304,184;98,180;176,221	1000	1436646674
340,30;42,217;206,132	44,233;250,145;227,38	1000	1436646679
106,64;466,431;23,193	143,310;193,274;212,142	973	1436646684
447,350;223,20;162,482	441,425;59,262;24,37	692	1436646692
76,358;489,417;96,438	398,253;159,432;179,394	974	1436646700
333,414;105,206;131,489	488,282;29,281;320,353	721	1436646705
367,284;217,395;425,416	126,255;12,71;328,422	925	1436646710
120,412;260,461;326,221	440,100;141,171;322,316	802	1436646718
50,230;454,95;53,165	366,182;96,281;203,37	1000	1436646724
434,46;256,333;263,59	201,31;114,427;426,341	796	1436646729
412,340;245,260;95,76	329,186;251,20;411,208	1000	1436646736
94,307;461,136;180,138	62,79;175,107;194,372	380	1436646743
67,215;473,407;217,122	135,98;333,403;224,473	568	1436646753
254,411;204,226;33,172	150,116;409,153;354,373	676	1436646759
486,420;466,135;48,26	417,397;72,487;394,44	364	1436646764
74,248;95,41;316,390	21,358;398,387;206,210	382	1436646769
237,152;242,200;252,74	216,303;76,251;412,435	459	1436646775
454,425;184,321;428,216	404,205;257,87;114,358	427	1436646781
141,43;184,327;109,322	110,184;24,47;368,482	1000	1436646786
436,397;257,297;167,38	152,19;105,470;26,276	391	1436646791
14,295;274,190;417,65	64,18;430,190;162,216	414	1436646799
288,255;363,115;201,424	116,453;397,30;456,414	1000	1436646806
253,301;267,14;389,273	140,25;324,394;274,42	663	1436646812
400,258;404,13;28,153	481,404;92,381;169,70	392	1436646819
274,166;363,356;11,444	322,484;381,29;206,191	783	1436646824
369,11;470,267;204,71	248,161;392,315;65,307	428	1436646829
146,379;281,87;205,70	69,427;221,106;262,26	1000	1436646835
320,407;405,126;474,217	488,225;152,243;223,22	438	1436646841
51,207;342,471;103,232	142,486;260,262;414,95	1000	1436646847
79,296;21,137;58,269	153,48;92,103;14,107	1000	1436646853
296,184;155,486;241,445	35,415;324,258;429,159	1000	1436646859
486,420;466,135;48,26	311,93;28,325;382,465	790	1436646865
67,215;473,407;217,122	270,156;442,34;446,293	766	1436646871
391,41;216,359;395,193	16,202;154,478;226,464	741	1436646876
167,341;294,371;343,173	109,447;482,471;392,361	405	1436646882
306,47;106,440;353,462	192,490;132,31;347,136	155	1436646888
327,320;281,153;460,258	331,318;278,221;337,473	705	1436646895
56,352;230,393;458,87	194,229;403,262;171,348	435	1436646901
437,319;434,366;263,222	349,345;98,380;236,161	787	1436646906
66,452;384,88;181,479	330,35;344,380;389,74	75	1436646913
145,443;100,283;481,341	305,426;477,158;276,106	818	1436646920
280,440;110,117;183,407	475,26;78,332;299,218	1000	1436646927
90,472;124,209;136,146	125,212;413,362;44,162	273	1436646933
154,238;467,70;310,310	21,278;479,145;156,121	1000	1436646939
237,152;242,200;252,74	96,331;447,95;152,292	1000	1436646945
43,236;379,412;248,230	253,90;463,220;124,450	754	1436646951
116,433;141,31;68,124	193,435;288,70;276,184	873	1436646957
356,215;425,276;115,264	438,235;293,291;374,19	805	1436646963
367,14;142,80;418,272	418,177;433,249;441,104	284	1436646968
340,383;182,282;34,79	57,359;448,26;122,239	362	1436646975
149,207;426,247;34,439	310,443;316,285;437,300	422	1436646983
42,192;149,245;254,417	477,38;268,438;205,341	1000	1436646988
451,398;119,210;123,346	119,145;176,311;426,243	714	1436646993
398,426;355,402;317,366	460,31;16,146;108,437	1000	1436646998
367,14;142,80;418,272	116,365;414,272;370,108	685	1436647004
47,391;148,373;38,126	37,28;397,369;73,203	702	1436647008
323,49;351,327;93,154	447,297;290,60;33,292	693	1436647014
83,486;84,230;32,399	367,133;186,442;368,198	860	1436647019
83,486;84,230;32,399	281,197;48,409;281,240	920	1436647025
76,358;489,417;96,438	192,462;415,144;228,367	717	1436647030
116,103;110,84;119,313	179,346;15,244;20,332	1000	1436647035
355,396;14,459;13,254	166,173;406,412;33,409	697	1436647041
449,290;296,391;62,458	58,12;460,482;50,142	1000	1436647047
163,62;52,204;431,228	480,287;134,112;67,348	446	1436647054
430,321;167,177;252,84	39,429;318,147;365,117	1000	1436647060
398,474;21,332;153,380	398,474;21,332;153,380	0	1436647070
344,174;14,233;227,177	362,388;314,98;241,76	893	1436647076
41,280;16,149;382,372	267,33;112,235;100,418	383	1436647084
214,167;113,177;217,211	273,136;304,183;38,162	444	1436647089
437,319;434,366;263,222	12,326;13,446;31,71	907	1436647094
264,426;482,179;18,329	149,360;481,327;314,207	389	1436647099
395,234;149,230;427,120	114,161;387,479;83,294	928	1436647104
361,351;363,67;427,305	385,475;130,149;416,282	748	1436647109
165,353;21,269;375,230	106,159;435,43;478,413	638	1436647114
41,291;277,476;147,331	381,110;251,40;107,46	838	1436647120
381,82;274,376;422,221	95,414;393,291;466,155	416	1436647127
259,12;379,60;30,391	259,12;379,60;30,391	88	1436647132
21,159;433,409;377,176	155,263;234,448;348,67	169	1436647138
163,62;52,204;431,228	429,121;201,413;387,35	786	1436647143
95,249;294,15;97,465	199,228;30,231;138,397	722	1436647147
434,46;256,333;263,59	306,487;124,463;57,109	414	1436647154
478,450;271,114;331,218	394,480;316,350;290,290	58	1436647161
89,154;125,240;275,406	451,112;349,148;32,220	153	1436647167
411,385;75,466;242,191	202,344;106,95;13,283	356	1436647172
436,397;257,297;167,38	432,135;141,296;248,293	445	1436647178
76,358;489,417;96,438	208,290;21,387;279,243	923	1436647183
93,330;388,328;200,239	54,279;135,203;456,389	830	1436647188
348,115;438,274;26,142	369,324;22,471;154,25	756	1436647194
17,46;151,56;365,187	451,124;337,117;257,193	246	1436647200
482,474;66,126;358,173	303,182;130,226;425,352	263	1436647204
436,397;257,297;167,38	437,269;270,410;288,485	673	1436647210
237,152;242,200;252,74	242,321;49,203;85,259	431	1436647216
342,268;484,140;467,174	448,115;327,426;416,144	149	1436647222
43,236;379,412;248,230	419,195;151,95;289,444	612	1436647227
148,244;350,105;386,184	146,337;390,410;223,322	773	1436647232
33,38;440,472;482,48	486,451;42,45;202,477	677	1436647238
50,312;460,337;35,192	50,312;460,337;35,192	9	1436647245
344,39;276,30;391,483	270,439;209,46;166,229	718	1436647249
76,358;489,417;96,438	114,58;223,125;45,359	274	1436647256
154,238;467,70;310,310	142,94;69,429;294,144	0	1436647264
196,412;444,339;304,208	47,220;276,365;376,276	613	1436647269
149,207;426,247;34,439	366,119;403,248;378,490	783	1436647275
12,378;139,383;89,376	331,164;342,51;46,258	1000	1436647282
157,361;169,91;49,447	309,437;364,384;156,363	279	1436647287
436,397;257,297;167,38	392,309;156,415;90,152	851	1436647293
291,284;172,229;443,397	180,305;254,195;47,416	9	1436647301
163,62;52,204;431,228	413,43;155,136;216,415	227	1436647305
67,215;473,407;217,122	236,474;411,292;398,434	335	1436647311
157,447;334,279;341,447	387,57;72,34;12,408	9	1436647318
302,153;253,50;22,320	39,109;253,54;148,463	338	1436647324
359,81;349,355;285,283	484,344;445,488;331,270	303	1436647329
194,289;268,331;157,102	66,242;278,13;146,15	229	1436647334
163,62;52,204;431,228	361,458;88,313;233,47	687	1436647340
327,170;177,387;424,302	246,421;135,12;161,420	984	1436647345
76,358;489,417;96,438	90,202;335,329;101,61	592	1436647350
196,412;444,339;304,208	170,368;490,45;59,12	271	1436647355
4H5w9Q550