136	R	0.0.0.0	1436646103
86,169;120,216;436,399	144,391;208,137;457,168	949	1436646344
86,78;211,107;147,483	300,72;222,477;113,110	427	1436646351
42,319;93,132;46,412	429,92;312,197;119,197	669	1436646356
321,361;415,193;224,237	321,361;415,193;224,237	0	1436646361
213,263;455,213;370,59	177,372;447,44;475,193	322	1436646367
280,308;219,21;355,351	311,180;66,426;446,166	596	1436646372
264,426;482,179;18,329	372,382;58,467;79,204	597	1436646377
267,213;172,251;111,274	19,24;307,369;449,196	1000	1436646382
42,406;237,425;223,115	313,231;445,339;436,275	714	1436646387
106,64;466,431;23,193	231,19;154,50;150,347	701	1436646393
367,14;142,80;418,272	55,453;158,116;312,279	395	1436646398
331,330;347,213;57,141	140,408;426,465;166,159	629	1436646403
78,55;472,314;336,296	103,48;28,480;74,352	820	1436646410
228,423;164,419;14,164	323,113;483,436;235,57	674	1436646414
76,358;489,417;96,438	473,78;350,58;148,364	719	1436646419
67,215;473,407;217,122	486,48;125,262;248,468	603	1436646427
398,426;355,402;317,366	460,31;16,146;108,437	1000	1436646432
309,341;144,310;36,277	93,123;435,70;454,237	851	1436646436
426,309;474,137;26,222	140,395;190,74;350,253	475	1436646441
76,358;489,417;96,438	193,105;157,486;60,349	530	1436646446
490,119;49,104;145,447	181,439;292,409;159,235	755	1436646451
420,155;335,411;113,334	154,386;186,212;221,427	622	1436646455
471,416;458,427;20,198	299,141;390,362;353,298	697	1436646459
92,280;287,461;482,97	366,224;301,229;398,157	856	1436646463
332,313;148,100;450,224	375,480;151,241;89,319	584	1436646467
344,160;213,36;64,343	229,32;407,376;474,280	581	1436646471
467,325;395,451;455,277	438,337;192,213;234,57	621	1436646477
356,261;479,71;183,330	357,145;288,23;292,317	596	1436646490
147,390;50,458;11,129	443,321;147,236;298,323	644	1436646494
361,351;363,67;427,305	445,417;66,446;452,38	897	1436646499
154,238;467,70;310,310	270,191;374,437;354,220	829	1436646503
297,51;196,220;245,320	429,456;388,26;318,49	872	1436646507
294,255;46,185;278,176	295,313;93,288;67,188	689	1436646520
163,62;52,204;431,228	281,114;79,227;437,363	69	1436646540
369,71;75,28;27,254	12,285;209,101;71,444	313	1436646544
328,478;105,100;94,196	273,371;273,81;297,421	812	1436646548
50,312;460,337;35,192	50,312;460,337;35,192	22	1436646554
264,291;43,117;98,407	227,268;449,309;97,478	628	1436646558
434,46;256,333;263,59	224,354;23,433;11,355	888	1436646565
35,425;89,233;175,236	383,275;319,436;219,286	825	1436646569
281,293;134,442;28,68	383,39;417,149;417,484	971	1436646575
76,347;113,369;99,460	61,455;327,50;352,346	929	1436646579
451,398;119,210;123,346	332,432;408,313;98,42	762	1436646584
233,113;152,390;483,36	40,202;485,483;299,331	966	1436646588
196,412;444,339;304,208	349,93;362,205;40,317	359	1436646592
358,113;129,347;208,100	216,348;84,256;488,85	428	1436646596
254,421;291,307;450,150	397,188;262,403;452,446	813	1436646600
308,466;117,200;334,143	173,315;291,154;93,394	997	1436646603
192,294;487,314;461,215	90,255;155,402;336,48	886	1436646607
264,426;482,179;18,329	149,117;367,288;23,246	611	1436646611
110,197;96,332;172,131	227,488;449,210;328,290	667	1436646615
266,417;349,433;185,171	432,217;45,58;303,467	349	1436646619
258,394;226,462;316,354	386,234;448,302;376,183	197	1436646624
398,474;21,332;153,380	398,474;21,332;153,380	3	1436646630
437,319;434,366;263,222	379,89;432,273;300,217	682	1436646634
99,367;49,169;405,448	379,466;97,268;358,274	714	1436646639
394,137;456,46;118,364	475,307;444,311;110,141	482	1436646643
154,238;467,70;310,310	441,289;128,125;100,276	679	1436646650
426,423;260,418;118,450	424,126;211,242;434,92	363	1436646655
165,353;21,269;375,230	427,73;395,381;203,67	779	1436646659
163,62;52,204;431,228	13,327;424,174;60,92	327	1436646663
231,461;117,268;267,348	87,274;478,227;65,437	404	1436646667
231,387;25,178;159,249	258,391;22,392;160,210	600	1436646671
410,21;23,131;384,198	213,429;250,188;368,488	687	1436646675
309,341;144,310;36,277	463,348;35,446;369,434	724	1436646679
17,46;151,56;365,187	402,427;51,427;54,191	773	1436646683
115,72;67,147;76,253	15,393;87,394;237,116	682	1436646686
143,63;143,157;230,292	97,108;448,413;79,414	701	1436646690
241,450;67,212;96,236	430,406;304,388;105,309	716	1436646694
19,24;54,122;446,484	329,108;99,182;215,100	714	1436646698
131,240;276,317;442,73	478,387;470,97;33,263	463	1436646702
83,486;84,230;32,399	411,59;15,269;49,27	939	1436646706
210,360;436,33;381,23	206,113;177,362;187,165	884	1436646711
215,192;480,472;474,272	179,229;451,249;222,43	760	1436646716
149,207;426,247;34,439	203,404;210,112;14,143	720	1436646720
412,220;63,341;362,41	244,342;447,153;325,230	798	1436646724
189,486;452,106;105,180	349,459;392,198;52,480	817	1436646728
237,152;242,200;252,74	466,332;477,377;18,488	759	1436646734
154,238;467,70;310,310	113,235;377,127;105,73	766	1436646739
357,452;459,332;190,314	152,200;24,147;358,186	861	1436646743
391,41;216,359;395,193	317,302;332,108;251,94	783	1436646747
215,192;480,472;474,272	53,481;373,486;18,327	807	1436646751
480,200;18,58;163,93	451,351;183,315;101,190	989	1436646754
436,397;257,297;167,38	317,370;182,278;338,113	877	1436646758
472,215;100,255;419,377	22,161;373,378;224,327	829	1436646762
361,351;363,67;427,305	212,463;398,369;179,317	897	1436646766
417,459;436,439;37,319	95,293;42,185;130,322	948	1436646770
47,391;148,373;38,126	352,293;409,91;364,371	959	1436646773
347,119;193,213;98,56	36,167;114,473;20,407	900	1436646777
67,366;311,260;387,85	156,29;264,450;242,114	795	1436646781
33,38;440,472;482,48	486,451;42,45;202,477	387	1436646785
30,91;139,376;373,470	394,477;186,259;16,449	715	1436646789
302,153;253,50;22,320	39,109;253,54;148,463	658	1436646793
391,41;216,359;395,193	325,53;129,93;433,314	734	1436646797
65,176;422,68;95,428	319,201;118,94;77,325	730	1436646800
76,358;489,417;96,438	337,431;202,359;40,201	767	1436646805
62,93;462,421;174,258	352,218;457,197;212,383	742	1436646808
478,198;170,269;16,170	77,279;403,253;456,145	819	1436646812
154,238;467,70;310,310	442,224;325,391;166,115	768	1436646816
17,46;151,56;365,187	169,262;243,133;446,87	813	1436646820
67,215;473,407;217,122	441,355;430,431;234,213	799	1436646825
259,12;379,60;30,391	259,12;379,60;30,391	16	1436646829
256,106;12,297;440,357	243,313;212,138;46,256	386	1436646832
361,351;363,67;427,305	367,457;486,357;299,14	165	1436646837
261,409;350,267;163,82	203,106;124,336;386,413	352	1436646841
301,316;342,14;32,89	300,205;438,178;78,109	531	1436646845
260,455;222,472;446,44	488,263;341,366;107,33	812	1436646849
35,425;89,233;175,236	414,118;466,27;51,210	573	1436646853
475,14;216,211;203,146	103,13;401,455;420,440	429	1436646857
302,153;253,50;22,320	354,325;148,342;73,31	471	1436646860
288,255;363,115;201,424	116,453;397,30;456,414	871	1436646865
320,214;302,129;101,275	68,72;475,448;330,378	584	1436646868
94,322;203,172;357,266	266,46;326,351;215,285	739	1436646872
122,281;39,151;209,490	44,427;383,241;389,202	415	1436646877
43,236;379,412;248,230	354,385;422,220;64,319	662	1436646880
405,51;42,418;477,224	477,149;392,328;23,238	215	1436646884
428,58;228,125;188,159	431,73;404,87;227,51	386	1436646888
178,99;11,313;378,48	468,200;186,433;485,423	649	1436646891
196,412;444,339;304,208	449,163;218,413;402,77	569	1436646895
302,153;253,50;22,320	30,70;483,280;317,372	588	1436646901
149,207;426,247;34,439	116,324;291,439;137,460	667	1436646905
243,191;373,142;16,199	191,377;337,179;475,241	579	1436646909
154,238;467,70;310,310	478,53;267,146;270,446	560	1436646913
347,119;193,213;98,56	394,210;69,311;232,110	601	1436646921
401,471;68,88;169,403	424,110;340,177;82,93	624	1436646926
204,332;456,409;52,169	156,235;308,133;309,447	632	1436646934
34,317;87,141;14,149	150,106;172,87;212,109	718	1436646938
83,486;84,230;32,399	364,354;379,176;267,77	715	1436646942
281,293;134,442;28,68	287,230;50,313;55,138	694	1436646946
154,238;467,70;310,310	26,361;69,167;450,351	419	1436646950
227,312;425,15;356,99	143,243;249,252;190,157	681	1436646954
21,312;285,334;390,71	154,262;388,252;320,95	465	1436646957
434,46;256,333;263,59	489,222;11,295;342,12	480	1436646962
83,486;84,230;32,399	273,13;370,186;485,205	470	1436646965
163,216;333,451;54,330	134,13;140,144;415,334	466	1436646969
5C6z6Q622