136	L	0.0.0.0	1436646941
86,169;120,216;436,399	144,391;208,137;457,168	1000	1436647050
86,78;211,107;147,483	300,72;222,477;113,110	597	1436647072
42,319;93,132;46,412	429,92;312,197;119,197	1000	1436647111
321,361;415,193;224,237	321,361;415,193;224,237	0	1436647134
213,263;455,213;370,59	177,372;447,44;475,193	881	1436647166
280,308;219,21;355,351	311,180;66,426;446,166	41	1436647194
430,321;167,177;252,84	24,364;344,176;17,110	906	1436647212
106,64;466,431;23,193	38,171;431,219;400,378	860	1436647238
12,282;451,375;298,438	61,101;145,161;289,429	746	1436647263
163,62;52,204;431,228	322,454;40,462;299,44	155	1436647293
281,293;134,442;28,68	95,414;81,112;248,434	532	1436647310
106,64;466,431;23,193	391,131;207,25;293,282	638	1436647325
262,185;231,113;441,118	103,180;172,272;208,360	944	1436647335
437,319;434,366;263,222	20,64;245,316;117,305	615	1436647359
106,64;466,431;23,193	151,115;17,161;476,113	876	1436647378
448,116;148,189;248,384	81,172;41,199;214,297	665	1436647395
312,344;478,390;191,459	163,268;212,449;221,251	852	1436647412
378,208;449,317;289,20	486,363;370,368;247,142	1000	1436647420
309,341;144,310;36,277	115,116;55,50;344,379	689	1436647440
479,120;345,43;155,474	383,328;169,408;359,47	715	1436647458
430,321;167,177;252,84	25,160;345,246;25,360	660	1436647472
189,121;280,193;273,219	370,67;394,134;430,51	699	1436647480
434,46;256,333;263,59	179,51;166,202;171,61	690	1436647487
163,62;52,204;431,228	136,412;288,476;286,31	262	1436647507
321,317;146,171;312,218	307,325;104,412;338,281	775	1436647519
123,287;102,463;124,184	304,453;158,467;84,337	661	1436647527
434,46;256,333;263,59	296,331;252,318;305,191	313	1436647543
41,127;285,139;352,176	61,201;125,230;220,234	453	1436647560
149,207;426,247;34,439	138,388;441,59;278,487	816	1436647584
430,321;167,177;252,84	336,467;194,458;275,271	777	1436647596
76,358;489,417;96,438	82,185;144,102;255,415	401	1436647623
35,425;89,233;175,236	193,379;423,63;314,405	647	1436647633
450,433;56,32;266,193	206,342;67,56;206,356	818	1436647642
462,290;336,373;18,373	272,334;208,265;88,128	1000	1436647652
472,215;100,255;419,377	457,474;33,378;488,411	715	1436647675
17,46;151,56;365,187	348,104;106,417;225,166	240	1436647687
451,398;119,210;123,346	129,73;265,290;35,401	527	1436647701
252,111;192,53;387,347	465,50;228,434;170,40	738	1436647707
259,12;379,60;30,391	259,12;379,60;30,391	0	1436647717
151,295;210,145;368,211	19,111;330,285;368,465	683	1436647723
82,149;59,68;456,270	15,289;200,130;372,221	693	1436647753
280,387;159,457;316,121	179,469;58,70;428,120	649	1436647763
323,109;284,17;198,117	93,247;407,318;459,177	612	1436647771
347,119;193,213;98,56	182,431;303,162;460,283	723	1436647782
426,423;260,418;118,450	422,324;340,342;32,254	718	1436647791
437,319;434,366;263,222	280,393;274,405;368,266	1000	1436647798
472,215;100,255;419,377	61,477;227,111;78,165	731	1436647805
355,200;121,189;99,258	150,114;26,72;465,59	791	1436647813
27,166;224,232;336,184	110,70;361,405;341,289	438	1436647829
342,268;484,140;467,174	448,115;327,426;416,144	477	1436647840
378,237;33,110;77,62	212,228;215,282;336,236	829	1436647849
407,271;401,270;178,105	244,267;401,160;11,314	943	1436647858
381,387;378,305;42,74	200,350;129,323;91,97	108	1436647868
43,236;379,412;248,230	294,258;469,379;215,250	812	1436647875
149,202;405,197;237,458	338,458;143,92;81,435	615	1436647900
451,398;119,210;123,346	362,130;117,451;404,210	698	1436647907
17,46;151,56;365,187	96,355;221,309;331,41	403	1436647918
44,216;18,283;221,415	54,472;372,422;286,89	542	1436647938
309,341;144,310;36,277	321,162;305,214;464,70	714	1436647943
50,312;460,337;35,192	50,312;460,337;35,192	0	1436647953
44,216;18,283;221,415	119,205;152,42;196,217	704	1436647960
347,119;193,213;98,56	145,264;197,174;415,485	734	1436647965
115,72;67,147;76,253	310,341;310,251;256,425	699	1436647971
415,283;266,420;180,301	16,171;442,186;377,23	611	1436647981
428,58;228,125;188,159	239,53;232,25;135,411	699	1436647989
165,353;21,269;375,230	384,115;189,477;80,480	739	1436647994
254,421;291,307;450,150	312,469;290,23;248,36	677	1436648000
180,478;334,205;398,30	205,192;159,318;222,174	748	1436648006
398,474;21,332;153,380	398,474;21,332;153,380	41	1436648018
430,321;167,177;252,84	43,354;17,253;465,74	742	1436648026
44,216;18,283;221,415	266,367;337,405;306,62	610	1436648037
351,157;47,103;256,88	315,436;452,290;419,203	617	1436648044
156,450;165,402;437,423	378,260;308,149;308,114	734	1436648053
23,28;369,459;24,30	142,321;439,197;64,305	953	1436648060
54,77;346,89;206,271	432,146;249,355;208,73	464	1436648075
287,439;74,262;126,204	20,333;89,156;214,194	609	1436648082
430,321;167,177;252,84	180,416;246,354;433,23	702	1436648088
385,469;45,140;415,440	300,452;484,236;224,304	824	1436648095
457,19;206,405;63,247	56,481;275,293;451,355	567	1436648105
469,161;41,214;461,363	226,333;47,325;296,93	582	1436648115
21,159;433,409;377,176	155,263;234,448;348,67	690	1436648128
204,332;456,409;52,169	156,235;308,133;309,447	656	1436648136
201,421;50,133;483,266	165,272;319,76;352,346	315	1436648144
76,358;489,417;96,438	90,202;335,329;101,61	643	1436648153
337,448;107,426;240,98	27,34;43,401;378,338	719	1436648165
367,284;217,395;425,416	126,255;12,71;328,422	765	1436648172
480,200;18,58;163,93	187,418;239,313;225,338	663	1436648183
302,153;253,50;22,320	121,129;271,29;345,353	708	1436648190
476,259;226,317;404,254	338,461;131,105;67,151	734	1436648196
127,351;154,223;338,151	148,85;165,467;139,265	683	1436648203
166,179;488,165;217,120	295,68;31,85;426,336	704	1436648209
165,353;21,269;375,230	106,159;435,43;478,413	647	1436648217
14,381;248,59;194,65	195,456;27,77;192,376	674	1436648228
153,463;432,51;459,380	463,139;448,72;208,206	795	1436648235
115,203;397,433;47,250	361,263;179,58;207,234	791	1436648243
35,425;89,233;175,236	429,145;187,116;74,336	744	1436648249
426,423;260,418;118,450	277,431;48,272;464,88	920	1436648253
451,163;104,355;284,455	447,299;428,96;219,304	697	1436648259
430,321;167,177;252,84	35,263;118,73;281,484	715	1436648263
436,397;257,297;167,38	238,58;277,277;487,45	735	1436648271
348,115;438,274;26,142	73,211;359,321;153,325	701	1436648278
428,58;228,125;188,159	382,395;54,111;396,417	792	1436648284
215,192;480,472;474,272	53,481;373,486;18,327	731	1436648292
107,285;152,322;92,204	196,24;209,109;373,380	724	1436648297
342,279;99,116;100,391	147,399;22,33;255,121	569	1436648310
117,133;483,158;488,243	373,435;442,323;407,231	722	1436648315
473,418;475,388;112,379	455,367;28,321;449,453	311	1436648326
174,348;132,205;398,270	47,209;392,209;480,385	682	1436648332
32,329;81,158;291,269	416,443;382,201;247,314	238	1436648340
191,112;115,70;327,413	199,256;332,329;53,105	733	1436648347
197,292;450,382;143,244	450,407;274,467;344,418	721	1436648353
35,425;89,233;175,236	384,74;193,49;345,268	692	1436648358
154,238;467,70;310,310	70,446;199,181;30,135	732	1436648363
454,150;330,203;41,29	177,53;321,240;159,198	730	1436648369
50,230;454,95;53,165	254,476;446,66;482,67	774	1436648374
218,109;361,185;123,379	409,197;16,355;259,390	748	1436648378
264,426;482,179;18,329	121,88;126,377;375,338	783	1436648384
89,154;125,240;275,406	359,481;294,306;285,34	338	1436648397
428,256;275,257;477,381	361,268;361,373;418,209	271	1436648404
76,347;113,369;99,460	273,104;214,87;122,290	298	1436648414
102,118;102,245;165,280	389,309;281,369;315,414	566	1436648422
154,238;467,70;310,310	109,56;356,358;284,476	728	1436648427
43,236;379,412;248,230	408,428;284,66;130,453	708	1436648431
421,235;123,132;65,237	342,269;166,214;478,98	675	1436648438
34,317;87,141;14,149	150,106;172,87;212,109	717	1436648443
14,440;458,64;361,20	343,488;156,207;238,222	381	1436648451
331,145;364,272;379,451	223,296;156,315;485,79	743	1436648457
83,486;84,230;32,399	251,47;44,52;85,256	616	1436648464
428,425;425,339;146,102	27,401;150,220;396,472	685	1436648469
154,238;467,70;310,310	164,230;396,390;146,112	697	1436648474
448,49;220,205;334,182	305,49;136,395;225,305	393	1436648480
241,450;67,212;96,236	430,406;304,388;105,309	639	1436648487
246,345;321,150;233,209	319,75;180,70;281,434	646	1436648493
446,473;425,334;419,348	279,288;294,240;205,361	838	1436648498
442,72;382,370;455,357	95,391;382,202;82,152	765	1436648504
1D3y9Q240