136	L	0.0.0.0	1436647855
86,169;120,216;436,399	144,391;208,137;457,168	998	1436647942
86,78;211,107;147,483	300,72;222,477;113,110	322	1436647962
42,319;93,132;46,412	429,92;312,197;119,197	893	1436647983
321,361;415,193;224,237	321,361;415,193;224,237	0	1436647993
213,263;455,213;370,59	177,372;447,44;475,193	766	1436648009
280,308;219,21;355,351	311,180;66,426;446,166	28	1436648028
430,321;167,177;252,84	24,364;344,176;17,110	998	1436648054
77,378;218,284;101,337	238,162;154,330;398,429	1000	1436648066
237,152;242,200;252,74	168,100;153,216;65,190	1000	1436648078
176,459;112,57;358,106	45,425;33,479;286,135	1000	1436648088
65,176;422,68;95,428	319,201;118,94;77,325	996	1436648100
397,213;185,403;329,102	473,341;420,477;451,190	997	1436648113
367,14;142,80;418,272	410,433;300,330;88,447	967	1436648123
245,398;18,455;113,341	291,124;230,301;26,290	8	1436648135
17,46;151,56;365,187	52,395;28,416;346,304	998	1436648149
437,319;434,366;263,222	368,490;130,91;156,11	1000	1436648160
281,293;134,442;28,68	135,261;374,139;85,207	309	1436648170
154,238;467,70;310,310	54,20;312,481;275,70	257	1436648180
281,293;134,442;28,68	28,410;71,165;345,120	399	1436648191
106,64;466,431;23,193	313,278;317,97;461,347	1000	1436648201
237,438;63,255;451,190	154,247;153,24;408,304	175	1436648210
335,49;222,158;461,361	428,477;354,386;94,266	1000	1436648219
35,425;89,233;175,236	72,245;460,130;328,230	1000	1436648228
406,27;188,110;98,197	382,374;129,430;270,490	998	1436648242
326,42;338,386;170,183	163,267;327,379;235,323	1000	1436648251
254,421;291,307;450,150	111,358;401,137;199,435	1000	1436648259
35,425;89,233;175,236	459,140;35,391;283,175	1000	1436648269
386,315;443,160;486,139	372,32;378,71;181,444	804	1436648280
288,255;363,115;201,424	174,229;431,149;307,184	875	1436648293
214,408;96,75;97,390	20,34;480,83;321,21	997	1436648304
222,87;30,28;480,77	230,164;437,486;203,346	990	1436648314
207,439;238,130;436,487	330,128;335,230;382,144	456	1436648328
328,478;105,100;94,196	457,117;126,311;430,413	1000	1436648336
451,398;119,210;123,346	256,183;382,183;160,319	476	1436648347
115,203;397,433;47,250	361,263;179,58;207,234	998	1436648355
300,232;230,83;30,223	60,209;170,421;211,15	435	1436648365
44,319;320,435;84,356	342,279;245,48;363,277	977	1436648375
94,322;203,172;357,266	273,17;483,117;338,145	16	1436648384
125,224;51,109;21,173	135,212;86,475;225,365	679	1436648394
437,319;434,366;263,222	188,249;297,73;407,19	998	1436648403
259,12;379,60;30,391	259,12;379,60;30,391	0	1436648410
14,381;248,59;194,65	383,438;295,418;19,411	1000	1436648420
451,398;119,210;123,346	429,213;257,228;13,413	896	1436648431
142,464;402,211;168,411	450,334;273,76;102,33	975	1436648442
391,41;216,359;395,193	448,286;362,347;456,54	96	1436648453
132,372;462,375;38,274	195,174;342,382;437,125	1000	1436648461
56,352;230,393;458,87	194,229;403,262;171,348	382	1436648468
276,47;212,373;185,261	472,192;213,388;413,106	989	1436648478
83,486;84,230;32,399	411,59;15,269;49,27	380	1436648492
404,477;120,330;443,490	279,140;449,364;283,113	998	1436648499
132,173;72,359;17,327	359,401;198,198;149,341	471	1436648509
26,243;188,168;160,226	103,52;55,269;271,24	185	1436648519
163,62;52,204;431,228	403,353;467,425;343,485	406	1436648530
67,120;165,428;37,437	460,113;441,277;282,490	1000	1436648539
274,362;48,252;360,126	258,208;404,168;130,257	998	1436648552
158,71;477,84;21,80	69,317;14,310;484,183	669	1436648560
134,15;380,375;383,339	294,88;143,454;265,180	992	1436648567
257,468;429,144;181,111	255,412;252,348;405,55	1000	1436648573
44,216;18,283;221,415	25,329;280,49;228,166	996	1436648584
405,247;176,348;249,396	208,187;183,258;284,200	1000	1436648598
131,240;276,317;442,73	478,387;470,97;33,263	432	1436648609
464,104;203,129;99,433	489,32;412,294;375,484	993	1436648617
165,353;21,269;375,230	82,297;449,33;314,396	849	1436648639
431,191;206,303;333,343	327,488;97,469;396,85	190	1436648659
281,293;134,442;28,68	383,39;417,149;417,484	1000	1436648670
42,406;237,425;223,115	313,231;445,339;436,275	968	1436648678
428,58;228,125;188,159	378,407;143,456;43,47	1000	1436648701
165,353;21,269;375,230	435,283;381,287;352,256	462	1436648711
78,439;155,20;227,146	326,309;319,13;25,294	983	1436648743
430,321;167,177;252,84	29,368;283,297;275,435	44	1436648750
83,486;84,230;32,399	447,412;364,335;145,85	1000	1436648757
165,353;21,269;375,230	430,392;348,364;388,411	108	1436648765
14,381;248,59;194,65	209,430;401,399;469,204	1000	1436648772
94,322;203,172;357,266	327,483;179,181;451,294	174	1436648782
85,41;159,135;381,82	110,114;175,252;442,242	11	1436648789
418,339;165,412;331,453	459,15;208,311;428,377	1000	1436648794
77,378;218,284;101,337	257,90;460,111;339,74	9	1436648810
437,92;119,438;398,282	228,303;339,291;346,67	1000	1436648819
77,378;218,284;101,337	354,389;427,447;191,85	365	1436648829
230,215;196,217;337,298	382,194;172,135;397,252	252	1436648835
94,322;203,172;357,266	424,385;364,404;472,334	1000	1436648855
398,474;21,332;153,380	398,474;21,332;153,380	0	1436648864
430,321;167,177;252,84	425,118;242,360;380,468	222	1436648873
155,98;302,281;101,263	214,134;113,267;347,460	997	1436648885
419,197;116,277;249,57	326,456;336,393;46,105	1000	1436648898
94,73;238,249;482,62	59,295;132,344;353,138	483	1436648909
50,230;454,95;53,165	133,50;367,395;406,169	987	1436648925
309,127;425,438;292,458	449,40;382,489;318,321	1000	1436648932
197,303;405,437;384,36	119,399;113,49;300,263	58	1436648948
426,423;260,418;118,450	140,425;386,322;176,384	986	1436648958
258,394;226,462;316,354	386,234;448,302;376,183	0	1436648967
23,469;147,102;123,481	150,240;370,96;210,324	60	1436648977
257,356;335,18;354,345	55,59;58,90;405,177	566	1436648988
440,223;88,407;289,158	181,414;232,130;325,282	666	1436648999
361,351;363,67;427,305	23,194;24,183;305,416	745	1436649013
331,145;364,272;379,451	223,296;156,315;485,79	338	1436649022
196,412;444,339;304,208	179,322;301,110;54,53	82	1436649032
172,474;160,197;320,27	137,484;354,199;247,280	244	1436649042
106,254;351,176;31,216	419,483;185,324;74,199	891	1436649056
347,119;193,213;98,56	108,378;250,39;36,122	358	1436649065
428,58;228,125;188,159	264,210;305,339;87,163	1000	1436649077
340,30;42,217;206,132	412,387;229,412;455,122	995	1436649149
232,193;166,278;430,450	51,156;232,213;175,164	1000	1436649276
83,486;84,230;32,399	367,133;186,442;368,198	735	1436649286
165,353;21,269;375,230	68,99;253,233;73,309	903	1436649309
436,397;257,297;167,38	64,266;328,270;463,207	162	1436649317
34,238;481,41;459,54	447,77;471,46;343,195	224	1436649329
14,381;248,59;194,65	428,16;25,366;392,271	977	1436649337
322,368;283,266;403,161	264,218;145,276;429,171	958	1436649345
426,423;260,418;118,450	223,393;291,283;177,148	981	1436649353
436,301;49,25;186,84	418,118;213,403;255,55	1000	1436649361
215,27;219,183;455,63	357,374;24,11;389,151	366	1436649372
76,358;489,417;96,438	175,416;453,32;35,227	317	1436649382
13,429;403,265;260,443	54,12;445,145;324,375	621	1436649390
179,16;147,327;112,363	190,17;390,296;26,408	1000	1436649400
27,166;224,232;336,184	110,70;361,405;341,289	410	1436649407
288,255;363,115;201,424	364,366;57,22;193,203	1000	1436649415
451,398;119,210;123,346	27,465;459,342;68,109	1000	1436649421
76,347;113,369;99,460	174,165;274,361;28,411	1000	1436649430
358,362;104,35;155,195	210,386;451,178;84,446	398	1436649440
480,200;18,58;163,93	463,383;229,231;173,103	913	1436649450
434,46;256,333;263,59	456,387;439,242;353,396	214	1436649458
163,62;52,204;431,228	112,22;74,480;217,291	224	1436649467
14,440;458,64;361,20	343,488;156,207;238,222	190	1436649473
281,293;134,442;28,68	490,141;277,95;429,99	961	1436649481
306,329;229,119;143,223	82,170;235,99;268,461	366	1436649487
437,74;199,417;94,277	211,386;455,481;50,40	1000	1436649494
50,312;460,337;35,192	50,312;460,337;35,192	0	1436649504
328,478;105,100;94,196	294,65;231,404;341,38	23	1436649514
196,467;426,393;357,285	380,153;375,433;488,258	947	1436649522
44,216;18,283;221,415	384,133;421,403;61,150	1000	1436649529
145,357;308,455;337,22	87,29;411,177;460,47	15	1436649538
485,255;389,269;456,207	378,427;368,309;47,44	1000	1436649544
33,209;12,45;453,237	180,364;27,47;409,62	1000	1436649552
165,353;21,269;375,230	353,486;174,307;246,11	87	1436649562
2C3u9N325