137	L	0.0.0.0	1436646477
86,169;120,216;436,399	144,391;208,137;457,168	842	1436646572
86,78;211,107;147,483	300,72;222,477;113,110	535	1436646591
42,319;93,132;46,412	429,92;312,197;119,197	576	1436646600
321,361;415,193;224,237	321,361;415,193;224,237	0	1436646610
213,263;455,213;370,59	177,372;447,44;475,193	575	1436646617
280,308;219,21;355,351	311,180;66,426;446,166	381	1436646632
481,262;121,394;319,431	146,449;143,374;443,238	640	1436646638
165,353;21,269;375,230	348,390;367,79;324,80	797	1436646645
302,153;253,50;22,320	459,487;131,423;29,380	823	1436646652
67,215;473,407;217,122	103,474;381,28;290,366	559	1436646659
50,312;460,337;35,192	50,312;460,337;35,192	3	1436646670
394,445;377,375;129,121	103,230;454,108;236,191	409	1436646680
347,119;193,213;98,56	78,351;55,381;205,266	898	1436646687
309,341;144,310;36,277	321,162;305,214;464,70	552	1436646693
35,425;89,233;175,236	477,446;300,278;346,173	527	1436646699
281,293;134,442;28,68	285,290;86,411;334,318	769	1436646706
281,293;134,442;28,68	62,96;62,35;31,196	971	1436646712
467,276;90,249;181,133	426,328;343,389;400,210	850	1436646718
409,309;346,134;12,156	474,210;83,46;129,384	779	1436646729
193,103;105,35;311,337	478,363;121,139;245,171	347	1436646737
382,444;23,433;417,478	339,19;261,393;370,79	128	1436646744
176,459;112,57;358,106	45,425;33,479;286,135	931	1436646749
481,374;60,332;354,153	460,85;287,45;295,295	444	1436646759
37,199;83,217;133,28	135,488;348,464;161,15	854	1436646768
66,247;269,299;337,256	214,40;384,415;430,125	744	1436646772
50,230;454,95;53,165	344,475;428,366;405,145	658	1436646778
255,480;44,39;335,314	320,453;55,45;140,224	896	1436646784
328,478;105,100;94,196	93,446;420,42;263,168	280	1436646791
27,166;224,232;336,184	64,410;317,162;448,81	642	1436646797
27,166;224,232;336,184	24,196;310,192;133,487	552	1436646802
348,115;438,274;26,142	30,383;409,131;142,124	378	1436646808
106,64;466,431;23,193	313,278;317,97;461,347	847	1436646813
375,229;57,169;334,138	129,104;69,488;224,359	719	1436646819
348,115;438,274;26,142	294,261;414,466;84,395	472	1436646825
50,230;454,95;53,165	204,363;172,466;209,314	963	1436646831
376,89;467,261;385,373	204,184;188,262;278,453	569	1436646838
242,12;127,31;373,156	91,34;248,260;460,393	711	1436646846
34,317;87,141;14,149	150,106;172,87;212,109	617	1436646851
215,192;480,472;474,272	414,234;223,431;78,190	463	1436646858
475,223;278,64;405,397	166,141;448,168;403,402	562	1436646865
83,486;84,230;32,399	343,334;272,300;326,248	597	1436646871
111,81;245,377;443,191	60,406;315,13;324,334	450	1436646878
76,358;489,417;96,438	456,154;432,448;233,166	671	1436646883
472,215;100,255;419,377	448,73;99,421;18,19	685	1436646888
40,325;29,222;83,120	162,325;429,416;132,419	652	1436646895
50,230;454,95;53,165	57,278;473,476;298,355	320	1436646901
330,69;370,92;286,390	259,26;186,298;158,365	224	1436646908
361,351;363,67;427,305	208,55;142,333;311,292	609	1436646915
434,46;256,333;263,59	313,366;361,224;174,250	737	1436646921
69,196;136,162;276,240	122,216;143,226;403,171	585	1436646928
361,351;363,67;427,305	86,34;104,71;377,248	620	1436646935
391,41;216,359;395,193	325,53;129,93;433,314	568	1436646940
76,347;113,369;99,460	55,165;46,94;362,485	912	1436646947
76,62;359,401;46,439	297,126;166,409;233,194	898	1436646953
391,129;343,198;210,101	398,213;469,295;197,183	519	1436646961
281,293;134,442;28,68	95,414;81,112;248,434	532	1436646968
237,152;242,200;252,74	239,120;250,173;311,35	235	1436646976
196,412;444,339;304,208	162,324;239,215;187,347	665	1436646982
14,381;248,59;194,65	137,370;384,18;242,292	194	1436646988
115,407;173,452;259,205	286,168;377,162;458,324	446	1436646996
127,486;489,120;405,433	270,400;32,197;49,330	749	1436647002
423,315;45,250;19,53	199,488;39,87;424,187	696	1436647007
165,353;21,269;375,230	270,439;24,321;48,81	591	1436647013
115,72;67,147;76,253	185,132;202,292;195,472	780	1436647018
281,293;134,442;28,68	127,43;220,323;459,25	665	1436647024
307,197;221,285;139,343	307,235;248,373;296,131	408	1436647030
367,14;142,80;418,272	450,439;247,486;318,143	292	1436647036
147,359;456,24;487,165	254,211;393,401;118,307	739	1436647043
434,46;256,333;263,59	311,71;418,298;48,144	686	1436647048
309,341;144,310;36,277	31,466;159,317;78,383	276	1436647056
434,46;256,333;263,59	68,280;215,478;367,347	656	1436647062
27,166;224,232;336,184	238,51;297,431;479,228	775	1436647068
157,110;444,484;444,151	280,50;239,358;404,178	698	1436647075
204,332;456,409;52,169	156,235;308,133;309,447	779	1436647081
391,41;216,359;395,193	189,480;206,42;188,183	794	1436647087
23,28;369,459;24,30	26,394;14,141;176,167	999	1436647092
282,28;485,294;58,277	181,303;226,54;67,287	859	1436647097
83,486;84,230;32,399	392,17;388,69;476,61	527	1436647104
233,210;379,177;269,373	417,22;404,66;281,58	563	1436647111
223,354;275,323;373,156	285,352;239,355;22,32	394	1436647117
144,277;199,257;323,247	16,362;453,26;140,407	961	1436647124
154,238;467,70;310,310	441,289;128,125;100,276	307	1436647130
30,231;131,192;281,449	189,108;90,242;244,233	697	1436647136
35,425;89,233;175,236	315,317;240,425;215,376	479	1436647142
106,64;466,431;23,193	440,100;394,318;65,271	778	1436647147
35,425;89,233;175,236	233,91;119,246;44,356	996	1436647153
480,200;18,58;163,93	145,310;203,121;66,489	109	1436647161
131,485;147,168;29,201	216,467;165,365;390,81	425	1436647166
94,322;203,172;357,266	327,483;179,181;451,294	589	1436647173
381,317;224,365;216,322	436,354;127,128;436,198	745	1436647178
367,14;142,80;418,272	325,86;420,488;198,344	534	1436647186
76,347;113,369;99,460	107,360;310,258;434,249	899	1436647192
77,407;380,64;173,271	304,416;319,428;137,327	960	1436647197
430,321;167,177;252,84	103,60;306,164;30,237	775	1436647202
446,108;328,461;337,257	227,445;269,383;347,379	889	1436647208
63,441;208,274;278,164	216,200;335,399;158,29	266	1436647213
27,166;224,232;336,184	351,311;466,227;304,320	619	1436647219
241,182;365,56;218,205	409,151;20,371;107,125	1000	1436647224
436,397;257,297;167,38	64,266;328,270;463,207	690	1436647231
44,216;18,283;221,415	450,437;128,100;242,365	720	1436647237
163,62;52,204;431,228	162,301;376,328;127,57	299	1436647243
264,426;482,179;18,329	142,455;452,149;490,134	833	1436647249
465,260;93,438;52,464	288,467;349,305;316,116	863	1436647256
305,408;116,244;28,51	434,138;83,302;268,72	611	1436647263
227,312;425,15;356,99	143,243;249,252;190,157	701	1436647270
325,289;284,197;357,32	452,368;124,346;216,485	834	1436647277
166,179;488,165;217,120	295,68;31,85;426,336	834	1436647283
17,46;151,56;365,187	37,117;95,440;38,338	189	1436647289
185,130;303,432;425,447	327,157;310,16;166,401	165	1436647296
23,28;369,459;24,30	219,251;21,346;344,191	23	1436647303
165,353;21,269;375,230	81,352;373,489;319,285	414	1436647309
436,397;257,297;167,38	195,216;187,173;113,361	778	1436647314
82,149;59,68;456,270	15,289;200,130;372,221	582	1436647319
366,435;449,416;346,59	443,70;394,40;204,429	98	1436647325
254,421;291,307;450,150	400,187;99,90;188,171	242	1436647330
95,19;170,215;33,180	418,200;319,324;75,475	862	1436647336
200,93;21,334;329,359	467,379;192,465;469,371	954	1436647342
451,398;119,210;123,346	238,436;85,456;111,61	414	1436647348
14,381;248,59;194,65	233,332;461,68;325,487	586	1436647354
76,358;489,417;96,438	175,416;453,32;35,227	565	1436647361
44,216;18,283;221,415	65,32;45,186;217,236	414	1436647366
281,293;134,442;28,68	287,230;50,313;55,138	602	1436647373
143,63;143,157;230,292	97,108;448,413;79,414	842	1436647378
394,468;235,307;343,48	209,471;173,400;112,286	1000	1436647384
259,12;379,60;30,391	259,12;379,60;30,391	2	1436647390
208,456;197,291;73,80	21,262;280,348;153,300	635	1436647397
106,433;402,82;218,138	70,460;101,95;191,305	554	1436647403
283,480;469,358;261,39	440,113;455,380;126,273	469	1436647409
128,110;149,298;419,51	162,442;182,93;81,334	527	1436647417
426,423;260,418;118,450	422,324;340,342;32,254	589	1436647423
43,236;379,412;248,230	288,191;458,362;476,58	559	1436647429
367,14;142,80;418,272	276,63;21,92;419,365	420	1436647435
366,215;227,116;189,160	193,115;463,306;482,296	716	1436647441
302,153;253,50;22,320	48,418;440,107;42,423	994	1436647448
398,474;21,332;153,380	398,474;21,332;153,380	1	1436647456
345,173;33,132;159,283	395,356;201,141;317,29	452	1436647463
3F4x9N600