136	L	0.0.0.0	1436646094
86,169;120,216;436,399	144,391;208,137;457,168	942	1436646186
86,78;211,107;147,483	300,72;222,477;113,110	468	1436646201
42,319;93,132;46,412	429,92;312,197;119,197	607	1436646208
321,361;415,193;224,237	321,361;415,193;224,237	6	1436646214
213,263;455,213;370,59	177,372;447,44;475,193	804	1436646220
280,308;219,21;355,351	311,180;66,426;446,166	368	1436646227
302,153;253,50;22,320	14,26;39,391;360,370	629	1436646232
395,234;149,230;427,120	114,161;387,479;83,294	611	1436646239
106,64;466,431;23,193	303,173;234,435;216,269	674	1436646246
77,378;218,284;101,337	335,137;172,104;289,285	705	1436646252
430,321;167,177;252,84	168,409;241,184;248,99	660	1436646257
439,479;152,317;160,243	111,77;304,437;262,98	585	1436646264
196,412;444,339;304,208	484,52;138,284;425,266	631	1436646274
426,423;260,418;118,450	140,425;386,322;176,384	477	1436646279
446,108;328,461;337,257	227,445;269,383;347,379	728	1436646285
446,303;134,198;474,105	83,307;420,322;362,466	446	1436646290
165,353;21,269;375,230	21,15;347,50;209,320	596	1436646297
50,230;454,95;53,165	190,353;360,159;461,146	242	1436646307
297,82;132,72;279,57	73,320;336,231;243,283	534	1436646314
367,284;217,395;425,416	126,255;12,71;328,422	771	1436646321
451,398;119,210;123,346	119,145;176,311;426,243	603	1436646326
309,341;144,310;36,277	313,14;197,173;37,460	682	1436646333
154,238;467,70;310,310	373,352;411,206;80,47	320	1436646343
391,344;151,416;294,374	269,233;475,416;460,456	996	1436646352
115,28;181,381;250,267	204,143;453,242;337,65	728	1436646360
309,341;144,310;36,277	31,466;159,317;78,383	624	1436646368
340,30;42,217;206,132	164,189;387,473;180,169	751	1436646376
110,311;412,270;173,22	56,367;227,180;434,331	403	1436646382
437,319;434,366;263,222	349,345;98,380;236,161	648	1436646390
286,450;69,253;259,14	431,233;155,149;18,397	141	1436646401
44,319;320,435;84,356	342,279;245,48;363,277	485	1436646411
35,425;89,233;175,236	370,357;236,281;354,392	587	1436646419
140,140;43,80;177,404	174,252;20,363;267,50	625	1436646426
446,202;317,202;490,290	307,365;347,374;46,128	907	1436646431
344,96;488,24;60,275	251,58;71,105;241,86	788	1436646437
264,426;482,179;18,329	130,86;440,186;292,319	647	1436646449
14,381;248,59;194,65	381,263;306,204;268,123	692	1436646454
235,455;11,151;391,45	62,483;317,33;324,105	905	1436646459
50,230;454,95;53,165	37,75;20,83;438,395	667	1436646464
431,122;418,223;145,27	276,284;174,424;417,249	613	1436646469
451,398;119,210;123,346	102,155;118,431;327,45	551	1436646474
154,238;467,70;310,310	253,310;37,331;44,63	106	1436646481
144,396;282,321;391,81	282,413;74,380;331,315	696	1436646486
348,115;438,274;26,142	110,206;186,379;144,373	771	1436646491
393,261;194,422;317,169	369,110;167,365;46,240	467	1436646496
367,14;142,80;418,272	483,322;433,475;194,109	552	1436646501
426,423;260,418;118,450	469,211;229,81;453,232	747	1436646506
67,215;473,407;217,122	472,152;49,345;224,100	439	1436646516
254,421;291,307;450,150	312,469;290,23;248,36	834	1436646521
43,236;379,412;248,230	177,369;292,477;139,124	688	1436646531
238,224;430,459;354,20	222,61;94,426;439,408	706	1436646536
391,41;216,359;395,193	210,445;315,449;206,15	684	1436646545
292,426;474,86;284,39	81,362;332,486;182,221	683	1436646550
44,216;18,283;221,415	363,67;93,87;71,353	730	1436646560
106,300;329,335;344,151	489,300;45,178;318,177	616	1436646565
56,423;154,113;147,154	69,364;445,234;19,218	946	1436646572
429,66;147,290;434,56	267,299;264,61;102,278	942	1436646577
84,95;168,25;195,325	288,366;96,284;480,234	659	1436646582
326,225;237,380;469,194	247,289;276,295;423,400	683	1436646587
162,363;69,384;150,292	445,431;277,442;338,396	68	1436646593
165,353;21,269;375,230	62,486;154,330;41,481	879	1436646599
50,230;454,95;53,165	354,143;169,180;116,263	762	1436646604
394,19;269,372;231,245	487,155;328,128;208,459	129	1436646609
486,420;466,135;48,26	455,469;460,354;203,249	92	1436646617
437,93;387,370;47,32	82,96;144,152;331,15	884	1436646622
14,191;415,145;186,367	436,448;402,59;470,338	772	1436646627
147,430;48,32;237,116	12,18;203,397;281,374	807	1436646637
480,200;18,58;163,93	44,250;44,450;237,314	815	1436646649
237,438;63,255;451,190	154,247;153,24;408,304	255	1436646656
43,236;379,412;248,230	354,58;272,446;252,186	681	1436646664
35,425;89,233;175,236	221,250;461,218;60,395	734	1436646678
165,353;21,269;375,230	490,175;333,20;155,481	732	1436646690
154,238;467,70;310,310	363,185;423,388;85,216	700	1436646698
128,132;337,389;332,33	317,130;344,475;80,287	478	1436646704
396,29;378,99;240,141	220,409;277,403;301,156	770	1436646710
47,391;148,373;38,126	304,34;450,424;89,302	925	1436646715
215,192;480,472;474,272	402,188;311,380;51,83	223	1436646720
163,62;52,204;431,228	162,466;252,98;17,105	682	1436646725
437,319;434,366;263,222	20,64;245,316;117,305	392	1436646747
215,192;480,472;474,272	390,132;488,269;128,343	576	1436646753
391,41;216,359;395,193	281,483;58,279;356,134	640	1436646758
23,364;134,110;403,38	116,297;161,115;55,347	786	1436646765
227,335;469,477;241,117	284,84;398,33;97,51	748	1436646769
130,163;253,239;399,287	421,419;133,478;398,242	888	1436646774
253,368;437,14;262,302	150,186;152,119;100,189	1000	1436646778
434,46;256,333;263,59	311,71;418,298;48,144	611	1436646784
307,55;409,378;384,271	173,189;59,85;453,415	308	1436646790
67,215;473,407;217,122	433,348;26,355;356,298	651	1436646796
27,166;224,232;336,184	68,107;341,394;213,107	763	1436646804
77,378;218,284;101,337	477,307;194,250;358,285	953	1436646880
259,12;379,60;30,391	259,12;379,60;30,391	0	1436646887
106,137;323,65;435,312	46,39;463,80;363,233	302	1436646892
66,452;384,88;181,479	330,35;344,380;389,74	423	1436646897
364,51;285,186;307,431	167,178;272,140;344,249	842	1436646902
27,166;224,232;336,184	38,478;339,296;371,167	661	1436646911
169,489;162,280;360,180	322,453;14,413;369,286	612	1436646972
379,378;451,158;199,127	366,101;95,153;154,489	589	1436646977
35,425;89,233;175,236	398,77;272,372;24,396	567	1436646984
429,135;424,178;288,358	67,190;450,359;467,354	376	1436646991
361,351;363,67;427,305	60,425;164,441;376,37	483	1436646996
251,365;443,328;291,105	35,415;307,445;348,134	373	1436647002
334,175;30,443;201,65	126,444;176,284;71,16	535	1436647007
196,412;444,339;304,208	47,220;276,365;376,276	565	1436647012
217,337;415,75;144,293	321,363;26,410;331,336	482	1436647019
26,243;188,168;160,226	103,52;55,269;271,24	599	1436647024
336,164;338,255;166,164	190,35;59,294;396,294	803	1436647029
200,93;21,334;329,359	467,379;192,465;469,371	1000	1436647034
27,166;224,232;336,184	141,298;458,262;286,168	719	1436647038
215,192;480,472;474,272	116,112;465,42;445,182	561	1436647044
342,268;484,140;467,174	448,115;327,426;416,144	433	1436647049
472,215;100,255;419,377	158,145;323,176;350,285	539	1436647054
264,426;482,179;18,329	55,173;326,187;139,358	590	1436647059
391,308;130,24;20,61	444,11;390,460;309,49	353	1436647066
361,351;363,67;427,305	335,63;182,298;85,207	537	1436647071
44,216;18,283;221,415	319,77;214,440;139,265	589	1436647075
83,486;84,230;32,399	251,142;384,335;442,278	587	1436647080
76,49;124,56;58,377	12,45;22,477;378,211	933	1436647085
50,168;98,101;303,158	354,89;232,475;225,262	754	1436647089
436,397;257,297;167,38	113,197;371,240;234,60	729	1436647095
106,428;236,364;244,331	118,33;253,299;389,40	815	1436647100
14,295;274,190;417,65	64,18;430,190;162,216	699	1436647105
316,172;14,415;143,408	320,277;54,436;123,340	689	1436647110
425,441;460,413;381,487	195,160;315,390;342,145	1000	1436647115
302,153;253,50;22,320	459,487;131,423;29,380	661	1436647123
215,192;480,472;474,272	125,140;165,332;487,456	687	1436647129
50,312;460,337;35,192	50,312;460,337;35,192	0	1436647134
88,185;487,350;477,471	468,54;43,405;23,337	419	1436647140
340,30;42,217;206,132	152,110;270,403;454,172	1000	1436647145
250,349;385,137;115,479	118,407;119,220;428,326	916	1436647152
176,219;377,204;173,426	349,63;108,457;421,212	873	1436647157
361,216;132,47;50,403	418,223;370,220;254,393	786	1436647166
439,365;425,63;231,182	215,151;445,373;184,459	28	1436647175
430,321;167,177;252,84	39,429;318,147;365,117	965	1436647180
398,474;21,332;153,380	398,474;21,332;153,380	0	1436647186
383,110;173,181;308,475	429,19;280,149;394,207	752	1436647191
1E5y5Q907