136	R	0.0.0.0	1436646209
86,169;120,216;436,399	144,391;208,137;457,168	946	1436646302
86,78;211,107;147,483	300,72;222,477;113,110	197	1436646313
42,319;93,132;46,412	429,92;312,197;119,197	765	1436646327
321,361;415,193;224,237	321,361;415,193;224,237	8	1436646336
213,263;455,213;370,59	177,372;447,44;475,193	680	1436646347
280,308;219,21;355,351	311,180;66,426;446,166	63	1436646362
412,220;63,341;362,41	244,342;447,153;325,230	971	1436646379
121,381;321,89;390,224	94,245;303,334;143,100	144	1436646388
423,315;45,250;19,53	199,488;39,87;424,187	803	1436646394
281,293;134,442;28,68	285,290;86,411;334,318	940	1436646400
328,478;105,100;94,196	428,367;211,50;333,350	84	1436646409
35,425;89,233;175,236	199,360;179,12;141,298	552	1436646424
302,153;253,50;22,320	424,44;270,476;50,99	894	1436646430
27,166;224,232;336,184	455,116;346,477;213,471	637	1436646438
16,42;318,315;118,80	236,169;446,463;30,471	967	1436646445
430,321;167,177;252,84	25,160;345,246;25,360	923	1436646453
488,390;488,290;464,206	155,214;228,323;126,102	26	1436646461
94,415;388,79;51,222	289,40;288,357;42,46	670	1436646473
254,421;291,307;450,150	298,213;426,403;207,41	715	1436646484
78,49;51,344;355,483	260,445;30,382;299,372	803	1436646491
437,319;434,366;263,222	19,269;217,103;403,416	892	1436646502
339,159;237,88;26,151	93,349;293,392;290,194	782	1436646508
115,488;86,383;379,72	97,92;373,436;370,291	47	1436646515
239,184;19,250;15,201	478,22;451,212;215,312	842	1436646521
35,425;89,233;175,236	14,432;440,77;406,273	237	1436646530
451,398;119,210;123,346	469,36;54,145;220,485	724	1436646536
106,428;236,364;244,331	118,33;253,299;389,40	964	1436646541
165,353;21,269;375,230	15,393;166,332;280,446	666	1436646550
391,41;216,359;395,193	317,302;332,108;251,94	737	1436646559
44,216;18,283;221,415	65,32;45,186;217,236	777	1436646618
94,322;203,172;357,266	346,358;489,130;479,419	688	1436646624
47,391;148,373;38,126	407,177;178,338;428,339	663	1436646629
287,268;26,408;462,414	95,455;230,180;324,31	967	1436646634
76,347;113,369;99,460	273,104;214,87;122,290	761	1436646638
428,58;228,125;188,159	159,401;229,185;239,198	685	1436646648
419,197;116,277;249,57	326,456;336,393;46,105	852	1436646652
347,119;193,213;98,56	175,437;88,203;417,54	588	1436646657
361,351;363,67;427,305	212,463;398,369;179,317	815	1436646662
187,144;206,412;341,405	486,405;463,404;152,258	865	1436646668
228,346;404,478;320,21	76,470;230,161;361,330	652	1436646673
154,238;467,70;310,310	363,185;423,388;85,216	642	1436646679
175,203;277,140;251,452	223,340;420,30;153,317	688	1436646683
50,312;460,337;35,192	50,312;460,337;35,192	82	1436646695
237,152;242,200;252,74	344,463;344,100;43,296	924	1436646700
215,192;480,472;474,272	70,435;167,359;65,336	707	1436646705
44,216;18,283;221,415	33,65;48,449;22,229	918	1436646710
67,215;473,407;217,122	15,395;157,371;305,487	747	1436646715
45,151;305,204;352,116	469,212;115,99;377,402	652	1436646721
264,426;482,179;18,329	205,253;355,258;262,123	659	1436646726
68,282;389,465;290,59	408,406;348,456;390,142	787	1436646733
165,353;21,269;375,230	287,81;243,411;390,445	678	1436646741
35,425;89,233;175,236	257,382;66,426;23,48	379	1436646747
215,192;480,472;474,272	270,411;148,110;448,265	383	1436646755
49,112;364,31;448,309	303,413;340,202;440,458	184	1436646762
340,30;42,217;206,132	44,233;250,145;227,38	671	1436646767
67,215;473,407;217,122	433,348;26,355;356,298	647	1436646772
486,420;466,135;48,26	217,121;349,115;336,410	758	1436646779
76,358;489,417;96,438	104,124;239,478;56,356	750	1436646786
94,322;203,172;357,266	327,483;179,181;451,294	282	1436646798
455,234;30,353;118,353	130,166;454,227;174,49	719	1436646806
27,166;224,232;336,184	103,108;93,436;143,25	664	1436646812
76,358;489,417;96,438	309,385;380,246;380,489	670	1436646819
327,320;281,153;460,258	331,318;278,221;337,473	735	1436646824
345,173;33,132;159,283	395,356;201,141;317,29	534	1436646828
468,41;217,339;270,345	269,205;117,169;482,321	733	1436646834
430,321;167,177;252,84	389,487;144,440;294,248	625	1436646841
328,478;105,100;94,196	129,100;104,174;380,433	198	1436646847
472,215;100,255;419,377	447,156;318,193;194,122	537	1436646853
243,191;373,142;16,199	191,377;337,179;475,241	729	1436646860
264,426;482,179;18,329	474,245;25,323;24,446	540	1436646865
347,119;193,213;98,56	12,136;325,324;17,423	194	1436646870
434,46;256,333;263,59	201,144;389,113;203,128	618	1436646876
148,362;361,335;488,180	424,23;32,14;280,170	859	1436646882
288,255;363,115;201,424	389,285;367,194;439,431	692	1436646891
248,104;421,75;73,460	429,50;349,288;408,300	703	1436646896
340,30;42,217;206,132	381,48;470,151;309,420	891	1436646900
386,315;443,160;486,139	372,32;378,71;181,444	706	1436646907
368,392;103,436;140,162	71,347;259,259;376,24	731	1436646912
312,344;478,390;191,459	163,268;212,449;221,251	774	1436646920
43,236;379,412;248,230	255,447;252,197;285,190	778	1436646926
249,205;288,147;189,365	262,224;346,225;421,13	852	1436646931
228,339;349,374;222,436	172,281;177,257;128,250	611	1436646937
426,423;260,418;118,450	449,337;55,464;130,406	713	1436646943
436,397;257,297;167,38	195,216;187,173;113,361	293	1436646952
27,166;224,232;336,184	119,314;108,269;367,390	145	1436646958
328,478;105,100;94,196	195,291;177,323;439,28	415	1436646964
252,19;102,121;202,293	485,101;431,411;120,158	222	1436646970
91,170;14,221;231,152	230,85;248,69;101,91	644	1436646974
215,192;480,472;474,272	461,262;40,11;223,417	735	1436646980
35,425;89,233;175,236	429,145;187,116;74,336	697	1436646986
476,208;333,23;409,454	40,321;332,142;71,144	726	1436646991
83,486;84,230;32,399	251,142;384,335;442,278	713	1436647010
165,353;21,269;375,230	111,428;196,53;385,419	769	1436647014
196,412;444,339;304,208	428,370;340,270;142,168	882	1436647019
233,113;152,390;483,36	40,202;485,483;299,331	805	1436647028
382,294;207,333;280,232	460,125;258,112;100,214	854	1436647035
364,51;285,186;307,431	167,178;272,140;344,249	661	1436647041
39,16;84,400;37,182	469,197;252,187;31,52	277	1436647047
391,352;18,240;342,81	374,226;258,466;244,106	450	1436647054
246,345;321,150;233,209	319,75;180,70;281,434	687	1436647060
470,261;227,200;420,313	330,250;54,343;466,240	743	1436647067
14,381;248,59;194,65	233,332;461,68;325,487	646	1436647072
259,12;379,60;30,391	259,12;379,60;30,391	15	1436647079
398,474;21,332;153,380	398,474;21,332;153,380	7	1436647085
358,347;108,41;252,466	115,222;317,263;361,121	596	1436647093
89,154;125,240;275,406	466,24;397,444;481,27	723	1436647098
347,119;193,213;98,56	46,411;113,321;13,310	217	1436647104
98,206;379,52;379,157	479,169;338,341;58,46	215	1436647110
43,236;379,412;248,230	350,410;49,479;490,240	340	1436647117
171,249;16,74;392,139	12,174;381,187;462,49	576	1436647122
426,423;260,418;118,450	240,122;239,188;340,381	694	1436647129
77,378;218,284;101,337	48,360;209,335;312,375	372	1436647138
379,378;451,158;199,127	366,101;95,153;154,489	355	1436647145
76,62;359,401;46,439	297,126;166,409;233,194	749	1436647151
67,215;473,407;217,122	381,312;488,427;488,198	714	1436647156
426,118;93,372;391,234	473,183;259,199;385,21	763	1436647161
418,107;13,124;193,105	391,186;427,403;412,124	655	1436647167
446,303;134,198;474,105	83,307;420,322;362,466	337	1436647173
488,277;351,30;184,192	125,12;463,74;106,295	251	1436647178
410,95;285,18;449,447	465,353;263,310;406,382	267	1436647185
309,341;144,310;36,277	233,195;252,213;368,373	604	1436647190
446,208;367,447;349,267	280,374;426,470;428,164	211	1436647197
452,73;249,298;142,362	253,211;133,155;11,109	580	1436647202
76,347;113,369;99,460	295,238;488,167;31,302	829	1436647207
281,293;134,442;28,68	127,43;220,323;459,25	713	1436647213
89,154;125,240;275,406	392,49;15,78;466,120	828	1436647219
12,282;451,375;298,438	61,101;145,161;289,429	736	1436647223
109,13;349,298;369,22	170,455;275,40;240,365	806	1436647228
17,46;151,56;365,187	401,406;367,482;134,401	684	1436647233
391,41;216,359;395,193	169,450;360,356;133,284	752	1436647240
409,309;346,134;12,156	474,210;83,46;129,384	656	1436647245
330,440;137,289;287,176	454,235;282,114;70,250	280	1436647251
51,78;78,214;266,179	361,389;374,241;119,138	318	1436647257
115,72;67,147;76,253	50,99;91,407;77,85	767	1436647263
154,238;467,70;310,310	164,230;396,390;146,112	334	1436647270
1E7x5R754