136	R	0.0.0.0	1436646761
86,169;120,216;436,399	144,391;208,137;457,168	1000	1436646905
86,78;211,107;147,483	300,72;222,477;113,110	409	1436646914
42,319;93,132;46,412	429,92;312,197;119,197	603	1436646921
321,361;415,193;224,237	321,361;415,193;224,237	0	1436646927
213,263;455,213;370,59	177,372;447,44;475,193	674	1436646933
280,308;219,21;355,351	311,180;66,426;446,166	0	1436646939
478,482;338,100;470,53	352,439;41,281;237,412	871	1436646946
309,341;144,310;36,277	254,198;138,388;303,117	470	1436646951
14,381;248,59;194,65	312,291;24,179;457,250	675	1436646958
27,166;224,232;336,184	254,20;367,462;471,82	614	1436646964
163,62;52,204;431,228	220,266;335,228;87,247	630	1436646970
200,381;163,110;469,441	229,437;442,306;20,144	0	1436646975
406,27;188,110;98,197	382,374;129,430;270,490	789	1436646979
179,16;147,327;112,363	190,17;390,296;26,408	855	1436646984
237,152;242,200;252,74	193,441;364,310;450,181	945	1436646990
83,486;84,230;32,399	273,13;370,186;485,205	597	1436647016
148,213;106,478;487,172	240,438;302,199;452,437	435	1436647021
439,479;152,317;160,243	111,77;304,437;262,98	677	1436647029
405,51;42,418;477,224	477,149;392,328;23,238	253	1436647036
426,423;260,418;118,450	354,88;39,168;117,182	569	1436647040
23,28;369,459;24,30	308,67;300,94;261,179	625	1436647045
382,294;207,333;280,232	460,125;258,112;100,214	347	1436647060
14,381;248,59;194,65	424,383;281,223;204,97	401	1436647071
346,199;75,473;477,351	147,200;283,61;357,403	570	1436647077
106,64;466,431;23,193	231,19;154,50;150,347	423	1436647083
289,447;355,334;405,444	23,385;140,63;483,150	745	1436647088
35,425;89,233;175,236	221,250;461,218;60,395	618	1436647093
164,413;335,411;112,73	245,155;201,420;291,471	480	1436647099
17,46;151,56;365,187	18,46;129,319;186,322	567	1436647105
328,478;105,100;94,196	219,153;450,392;428,349	695	1436647112
358,176;450,27;11,430	181,171;484,489;31,125	80	1436647117
434,46;256,333;263,59	180,383;309,426;474,70	618	1436647123
61,109;258,190;228,198	452,149;204,239;14,338	838	1436647128
126,31;483,122;431,175	39,11;337,456;419,326	243	1436647137
267,393;373,27;477,407	26,269;146,49;211,432	582	1436647143
44,216;18,283;221,415	476,244;440,227;278,275	513	1436647153
398,474;21,332;153,380	398,474;21,332;153,380	1	1436647159
149,207;426,247;34,439	108,192;134,376;393,489	319	1436647176
114,257;265,302;299,378	80,93;86,460;240,120	721	1436647213
196,412;444,339;304,208	349,93;362,205;40,317	743	1436647281
434,46;256,333;263,59	262,480;400,425;242,140	136	1436647288
165,353;21,269;375,230	62,486;154,330;41,481	825	1436647295
27,166;224,232;336,184	300,241;299,287;88,91	707	1436647319
106,64;466,431;23,193	464,350;118,300;225,399	596	1436647328
391,41;216,359;395,193	28,89;377,167;33,212	601	1436647333
434,46;256,333;263,59	108,74;124,461;411,286	238	1436647338
115,72;67,147;76,253	376,396;94,259;471,330	810	1436647343
215,192;480,472;474,272	488,404;123,48;53,440	655	1436647349
115,72;67,147;76,253	375,25;475,91;343,137	681	1436647354
44,319;320,435;84,356	342,279;245,48;363,277	512	1436647361
149,207;426,247;34,439	323,97;293,461;458,301	80	1436647368
428,58;228,125;188,159	117,368;38,179;103,251	788	1436647386
468,41;217,339;270,345	269,205;117,169;482,321	937	1436647391
367,14;142,80;418,272	450,439;247,486;318,143	76	1436647397
34,465;187,14;196,124	422,153;312,157;447,21	849	1436647402
242,307;222,412;123,230	381,394;267,248;95,393	604	1436647407
302,153;253,50;22,320	424,44;270,476;50,99	597	1436647436
325,289;284,197;357,32	452,368;124,346;216,485	641	1436647443
40,95;57,247;295,438	291,394;48,294;262,356	596	1436647449
273,108;55,449;177,344	116,456;113,31;218,109	635	1436647454
428,119;291,286;166,215	401,320;209,307;370,145	670	1436647459
434,46;256,333;263,59	32,329;478,128;94,134	621	1436647464
15,141;480,432;353,450	253,188;17,126;395,131	392	1436647469
345,173;33,132;159,283	395,356;201,141;317,29	567	1436647473
50,312;460,337;35,192	50,312;460,337;35,192	0	1436647482
149,207;426,247;34,439	328,113;153,223;123,99	657	1436647488
196,412;444,339;304,208	449,163;218,413;402,77	609	1436647501
165,353;21,269;375,230	295,60;228,396;215,306	567	1436647513
89,154;125,240;275,406	328,131;327,87;31,480	760	1436647536
427,79;95,67;264,464	127,38;202,405;428,53	70	1436647552
309,341;144,310;36,277	232,184;249,59;287,19	867	1436647559
51,321;263,278;427,390	411,127;101,190;402,367	762	1436647565
67,215;473,407;217,122	242,13;283,444;361,150	765	1436647572
163,62;52,204;431,228	120,356;322,149;219,24	611	1436647592
50,230;454,95;53,165	477,61;271,223;123,206	44	1436647597
383,110;173,181;308,475	429,19;280,149;394,207	689	1436647604
196,412;444,339;304,208	361,369;180,243;300,455	642	1436647610
472,215;100,255;419,377	363,112;143,353;198,166	644	1436647616
35,425;89,233;175,236	477,446;300,278;346,173	280	1436647624
109,13;349,298;369,22	170,455;275,40;240,365	848	1436647630
95,62;424,16;22,167	383,41;124,296;297,65	716	1436647636
215,192;480,472;474,272	34,408;473,25;72,14	812	1436647641
255,47;434,70;485,479	247,439;58,199;397,61	269	1436647646
197,292;450,382;143,244	450,407;274,467;344,418	797	1436647699
321,139;227,30;395,84	164,360;335,110;202,338	735	1436647703
257,426;47,462;113,341	13,313;468,335;284,357	725	1436647709
309,341;144,310;36,277	411,204;403,86;294,430	843	1436647714
17,46;151,56;365,187	384,395;52,357;209,389	779	1436647720
281,293;134,442;28,68	62,96;62,35;31,196	888	1436647726
165,353;21,269;375,230	82,297;449,33;314,396	759	1436647735
264,426;482,179;18,329	474,245;25,323;24,446	823	1436647743
428,449;56,262;217,474	158,479;263,219;299,315	719	1436647748
67,215;473,407;217,122	433,348;26,355;356,298	222	1436647754
56,362;170,211;301,300	393,61;455,232;274,429	813	1436647758
340,30;42,217;206,132	475,327;463,284;461,273	914	1436647763
291,448;280,297;413,324	341,98;74,309;140,241	916	1436647768
259,12;379,60;30,391	259,12;379,60;30,391	0	1436647773
106,64;466,431;23,193	210,241;300,108;298,460	808	1436647780
366,366;127,372;437,381	443,117;392,169;17,294	804	1436647787
256,106;12,297;440,357	243,313;212,138;46,256	660	1436647801
434,46;256,333;263,59	313,366;361,224;174,250	664	1436647806
50,230;454,95;53,165	255,475;77,181;85,46	682	1436647811
309,341;144,310;36,277	268,87;231,304;298,401	908	1436647817
223,282;25,193;74,245	266,354;311,275;440,279	775	1436647822
189,486;452,106;105,180	349,459;392,198;52,480	658	1436647830
45,207;271,107;137,108	361,442;316,336;126,252	704	1436647835
196,412;444,339;304,208	201,318;163,70;474,282	608	1436647840
94,322;203,172;357,266	382,420;78,286;171,161	633	1436647847
165,353;21,269;375,230	15,297;329,167;490,51	635	1436647852
149,207;426,247;34,439	162,414;445,136;19,34	679	1436647857
451,398;119,210;123,346	228,177;451,61;83,481	709	1436647861
348,115;438,274;26,142	253,227;346,104;358,454	292	1436647870
27,166;224,232;336,184	489,414;127,480;143,123	759	1436647877
304,210;89,337;471,72	174,401;205,11;218,97	744	1436647883
251,481;380,487;314,153	281,409;98,311;423,378	646	1436647888
35,425;89,233;175,236	348,377;199,334;14,41	877	1436647893
52,49;59,407;345,63	463,49;412,375;49,88	301	1436647898
154,238;467,70;310,310	113,235;377,127;105,73	522	1436647906
77,378;218,284;101,337	477,307;194,250;358,285	926	1436647912
77,378;218,284;101,337	448,466;472,322;244,107	238	1436647917
27,166;224,232;336,184	351,311;466,227;304,320	833	1436647923
426,423;260,418;118,450	395,155;378,170;17,36	775	1436647929
364,51;285,186;307,431	167,178;272,140;344,249	271	1436647934
218,76;396,136;64,256	164,113;331,20;382,464	733	1436647939
304,57;161,158;54,139	451,344;226,315;412,433	648	1436647943
244,342;60,435;47,354	457,474;160,187;265,341	800	1436647964
209,487;360,42;61,305	104,372;93,347;180,270	344	1436647971
285,164;399,462;488,120	475,26;478,459;129,81	400	1436647977
458,57;56,330;118,107	484,424;164,277;341,47	379	1436647983
232,77;347,330;107,108	489,127;413,463;77,445	661	1436647988
478,198;170,269;16,170	77,279;403,253;456,145	671	1436647992
437,92;119,438;398,282	228,303;339,291;346,67	605	1436648000
169,456;296,212;52,115	70,385;458,396;287,14	649	1436648005
165,353;21,269;375,230	106,159;435,43;478,413	558	1436648011
455,167;384,95;111,429	322,184;20,266;371,38	629	1436648016
5F4u9K580