136	L	0.0.0.0	1436654556
86,169;120,216;436,399	144,391;208,137;457,168	1000	1436654680
86,78;211,107;147,483	300,72;222,477;113,110	277	1436654694
42,319;93,132;46,412	429,92;312,197;119,197	457	1436654708
321,361;415,193;224,237	321,361;415,193;224,237	0	1436654713
213,263;455,213;370,59	177,372;447,44;475,193	874	1436654725
280,308;219,21;355,351	311,180;66,426;446,166	0	1436654731
287,268;26,408;462,414	95,455;230,180;324,31	1000	1436654740
259,224;47,487;283,155	306,353;284,315;155,223	831	1436654747
87,22;183,211;222,311	196,441;92,490;489,400	1000	1436654755
402,31;67,441;155,458	330,435;183,148;363,206	1000	1436654761
35,425;89,233;175,236	484,395;14,138;127,421	1000	1436654768
342,186;255,417;289,88	28,385;164,313;410,342	992	1436654779
353,41;139,130;431,269	156,352;390,158;44,116	0	1436654788
279,62;109,340;350,198	162,337;25,24;114,127	896	1436654794
472,215;100,255;419,377	363,112;143,353;198,166	985	1436654799
264,426;482,179;18,329	148,50;371,445;415,108	160	1436654812
14,381;248,59;194,65	428,16;25,366;392,271	1000	1436654817
106,64;466,431;23,193	125,171;356,169;387,459	991	1436654824
426,423;260,418;118,450	363,384;200,50;293,279	328	1436654831
215,192;480,472;474,272	384,62;246,336;212,76	774	1436654844
264,426;482,179;18,329	474,245;25,323;24,446	1000	1436654851
50,230;454,95;53,165	57,278;473,476;298,355	1000	1436654857
75,11;396,474;302,294	263,287;26,301;77,376	1000	1436654865
89,154;125,240;275,406	322,413;106,154;433,441	1000	1436654873
50,312;460,337;35,192	50,312;460,337;35,192	0	1436654879
69,196;136,162;276,240	122,216;143,226;403,171	1000	1436654889
444,229;78,300;362,51	232,209;73,73;93,135	1000	1436654895
239,29;273,395;53,470	135,388;176,420;412,363	1000	1436654911
375,447;154,123;206,146	50,102;408,154;468,124	0	1436654919
254,421;291,307;450,150	96,120;101,314;286,285	1000	1436654924
134,410;95,29;379,475	232,49;179,328;95,51	1000	1436654933
259,12;379,60;30,391	259,12;379,60;30,391	0	1436654940
106,64;466,431;23,193	464,350;118,300;225,399	1000	1436654951
17,46;151,56;365,187	21,46;426,325;344,299	1000	1436654957
338,231;61,51;240,147	13,109;29,200;272,337	897	1436654967
133,162;128,431;130,236	31,446;302,28;93,412	1000	1436654972
208,91;333,381;338,127	94,375;247,323;240,259	841	1436654981
198,348;409,23;386,440	416,40;185,147;281,313	33	1436654990
266,303;97,49;394,346	293,155;325,124;421,278	1000	1436655001
105,262;485,344;146,168	11,428;19,271;101,471	927	1436655009
442,72;382,370;455,357	95,391;382,202;82,152	980	1436655020
436,397;257,297;167,38	317,370;182,278;338,113	1000	1436655030
220,407;282,381;448,57	51,479;277,410;119,393	961	1436655036
44,216;18,283;221,415	424,24;461,383;160,39	1000	1436655045
35,425;89,233;175,236	59,333;181,319;369,380	801	1436655052
209,487;360,42;61,305	104,372;93,347;180,270	1000	1436655058
115,72;67,147;76,253	225,235;120,460;250,50	996	1436655064
302,153;253,50;22,320	304,184;98,180;176,221	763	1436655070
76,358;489,417;96,438	398,253;159,432;179,394	962	1436655079
402,176;162,474;155,229	103,54;26,353;376,156	969	1436655090
15,98;261,151;132,185	247,157;258,306;155,472	27	1436655097
390,258;169,383;73,302	245,73;389,266;148,324	201	1436655102
381,317;224,365;216,322	436,354;127,128;436,198	833	1436655116
52,49;59,407;345,63	463,49;412,375;49,88	1000	1436655128
37,199;83,217;133,28	135,488;348,464;161,15	0	1436655136
47,391;148,373;38,126	433,285;250,394;174,229	242	1436655143
434,46;256,333;263,59	32,329;478,128;94,134	82	1436655149
406,311;374,41;238,490	189,110;241,462;140,147	978	1436655157
196,412;444,339;304,208	349,93;362,205;40,317	1000	1436655165
398,474;21,332;153,380	398,474;21,332;153,380	0	1436655171
149,371;292,41;156,153	246,348;397,399;244,48	125	1436655184
264,426;482,179;18,329	132,25;44,330;261,229	296	1436655195
288,255;363,115;201,424	174,229;431,149;307,184	319	1436655208
89,154;125,240;275,406	328,131;327,87;31,480	399	1436655216
426,423;260,418;118,450	230,206;371,193;205,20	1000	1436655230
67,366;311,260;387,85	156,29;264,450;242,114	120	1436655238
36,20;439,77;128,404	366,325;63,246;344,411	842	1436655259
205,124;356,162;420,45	312,76;88,179;464,229	148	1436655287
323,49;351,327;93,154	447,297;290,60;33,292	0	1436655295
391,41;216,359;395,193	189,480;206,42;188,183	1000	1436655308
469,99;241,464;423,183	252,375;404,40;104,58	896	1436655324
457,300;287,284;452,148	256,63;290,452;129,110	981	1436655337
165,353;21,269;375,230	435,283;381,287;352,256	878	1436655344
108,418;221,203;58,133	152,440;353,99;164,275	750	1436655349
141,246;247,257;220,364	198,48;62,188;311,116	368	1436655354
187,144;206,412;341,405	486,405;463,404;152,258	1000	1436655359
165,353;21,269;375,230	287,81;243,411;390,445	396	1436655369
163,62;52,204;431,228	112,22;74,480;217,291	684	1436655437
328,478;105,100;94,196	451,484;166,297;113,269	696	1436655443
17,46;151,56;365,187	459,206;40,460;87,426	797	1436655448
309,341;144,310;36,277	232,184;249,59;287,19	876	1436655454
76,358;489,417;96,438	454,436;119,456;124,95	1000	1436655459
451,398;119,210;123,346	256,183;382,183;160,319	429	1436655464
84,106;350,255;337,270	355,238;342,211;381,345	1000	1436655471
481,374;60,332;354,153	460,85;287,45;295,295	0	1436655477
241,450;67,212;96,236	430,406;304,388;105,309	79	1436655482
284,63;406,327;288,260	428,246;323,288;181,462	123	1436655488
426,309;167,290;292,151	146,440;361,444;26,436	1000	1436655496
67,215;473,407;217,122	135,98;333,403;224,473	958	1436655503
406,258;162,108;486,478	228,369;21,11;108,134	1000	1436655508
204,39;272,205;439,280	282,203;476,453;104,54	418	1436655515
163,62;52,204;431,228	337,290;479,52;342,482	947	1436655526
35,425;89,233;175,236	148,179;26,271;370,483	918	1436655532
486,420;466,135;48,26	362,353;269,84;202,249	342	1436655537
431,191;206,303;333,343	327,488;97,469;396,85	844	1436655542
115,407;173,452;259,205	286,168;377,162;458,324	397	1436655548
14,381;248,59;194,65	266,427;353,236;339,58	776	1436655556
163,62;52,204;431,228	18,370;463,22;474,179	1000	1436655562
149,207;426,247;34,439	203,404;210,112;14,143	156	1436655568
89,154;125,240;275,406	466,24;397,444;481,27	1000	1436655573
356,215;425,276;115,264	438,235;293,291;374,19	457	1436655582
317,27;349,63;431,383	232,370;153,52;443,252	981	1436655588
423,315;45,250;19,53	199,488;39,87;424,187	961	1436655593
163,62;52,204;431,228	472,357;100,166;434,405	1000	1436655601
419,40;334,89;211,353	52,367;363,174;336,125	1000	1436655606
142,418;126,219;48,213	450,394;443,448;425,262	1000	1436655610
196,412;444,339;304,208	248,83;470,383;193,264	364	1436655621
14,381;248,59;194,65	281,22;334,21;231,143	366	1436655627
238,77;129,88;110,459	490,463;201,307;204,186	437	1436655633
250,434;394,168;173,377	30,105;319,360;355,307	411	1436655638
426,423;260,418;118,450	195,257;103,93;179,197	446	1436655643
451,398;119,210;123,346	27,465;459,342;68,109	455	1436655648
140,445;339,480;74,382	365,29;67,252;128,347	704	1436655653
347,119;193,213;98,56	482,237;484,385;84,336	628	1436655660
215,192;480,472;474,272	59,124;447,23;114,442	674	1436655665
47,391;148,373;38,126	93,189;397,138;299,324	665	1436655671
94,322;203,172;357,266	382,420;78,286;171,161	638	1436655676
455,167;384,95;111,429	322,184;20,266;371,38	817	1436655684
94,322;203,172;357,266	432,462;375,58;140,429	479	1436655692
116,433;141,31;68,124	193,435;288,70;276,184	470	1436655708
315,264;142,472;399,101	164,429;384,339;372,362	699	1436655715
67,215;473,407;217,122	360,196;335,421;84,286	801	1436655720
149,207;426,247;34,439	44,332;170,113;432,213	540	1436655729
344,101;301,81;121,206	411,165;356,360;387,324	554	1436655735
361,351;363,67;427,305	385,475;130,149;416,282	542	1436655740
467,195;355,150;391,413	470,189;147,249;314,160	433	1436655747
437,319;434,366;263,222	397,202;110,354;464,98	612	1436655752
486,420;466,135;48,26	311,93;28,325;382,465	445	1436655756
50,214;119,11;273,95	29,289;229,47;323,405	0	1436655761
366,104;72,458;150,440	377,339;355,20;432,461	1000	1436655771
196,412;444,339;304,208	76,40;232,484;278,411	1000	1436655779
255,47;434,70;485,479	247,439;58,199;397,61	1000	1436655783
164,413;335,411;112,73	245,155;201,420;291,471	428	1436655791
215,192;480,472;474,272	414,234;223,431;78,190	817	1436655803
32,236;276,402;350,90	459,333;160,23;41,350	174	1436655811
2H6y6L450