136	R	0.0.0.0	1436646057
86,169;120,216;436,399	144,391;208,137;457,168	983	1436646158
86,78;211,107;147,483	300,72;222,477;113,110	229	1436646169
42,319;93,132;46,412	429,92;312,197;119,197	696	1436646176
321,361;415,193;224,237	321,361;415,193;224,237	0	1436646186
213,263;455,213;370,59	177,372;447,44;475,193	555	1436646193
280,308;219,21;355,351	311,180;66,426;446,166	285	1436646199
49,464;236,423;260,188	468,181;32,69;373,440	493	1436646211
75,214;33,260;449,416	369,17;404,392;481,289	376	1436646216
76,62;359,401;46,439	297,126;166,409;233,194	975	1436646223
378,189;225,250;52,217	291,16;317,324;464,366	603	1436646245
299,87;198,274;274,328	414,261;391,172;183,337	0	1436646253
287,268;26,408;462,414	95,455;230,180;324,31	1000	1436646261
248,388;417,384;69,239	106,377;346,423;326,17	655	1436646266
236,231;229,482;319,77	26,316;365,269;125,263	343	1436646277
352,130;236,484;85,263	332,304;182,55;284,85	629	1436646283
35,425;89,233;175,236	59,333;181,319;369,380	610	1436646294
154,238;467,70;310,310	373,352;411,206;80,47	347	1436646298
486,420;466,135;48,26	59,103;302,370;395,224	554	1436646304
27,166;224,232;336,184	254,20;367,462;471,82	680	1436646309
347,119;193,213;98,56	326,443;487,115;299,105	640	1436646314
67,215;473,407;217,122	103,474;381,28;290,366	643	1436646320
291,387;433,421;485,71	403,302;361,256;128,419	728	1436646328
434,46;256,333;263,59	117,94;365,315;237,13	229	1436646339
259,12;379,60;30,391	259,12;379,60;30,391	0	1436646345
17,46;151,56;365,187	32,130;265,155;80,116	756	1436646350
116,433;141,31;68,124	193,435;288,70;276,184	770	1436646355
89,383;336,248;463,374	350,309;323,54;245,196	417	1436646361
436,397;257,297;167,38	217,132;336,191;419,213	826	1436646366
11,134;385,226;424,132	231,348;223,231;148,350	683	1436646372
479,460;140,415;277,378	206,162;393,462;15,73	616	1436646377
119,345;238,432;89,135	195,289;82,70;249,437	796	1436646384
115,72;67,147;76,253	15,393;87,394;237,116	680	1436646393
405,51;42,418;477,224	477,149;392,328;23,238	238	1436646399
215,192;480,472;474,272	33,211;329,149;316,463	458	1436646403
250,328;277,380;380,270	57,349;71,189;406,447	706	1436646413
446,108;328,461;337,257	227,445;269,383;347,379	603	1436646431
76,358;489,417;96,438	90,202;335,329;101,61	444	1436646436
281,293;134,442;28,68	287,302;244,127;475,260	558	1436646457
229,300;342,199;166,104	251,113;50,453;135,125	662	1436646470
163,480;445,241;396,243	134,310;123,62;130,88	1000	1436646485
438,408;105,179;31,56	286,472;286,382;188,250	782	1436646497
75,380;453,231;433,382	124,253;331,217;208,402	636	1436646502
450,488;437,127;22,141	225,408;402,218;79,291	535	1436646507
358,362;104,35;155,195	210,386;451,178;84,446	737	1436646512
451,398;119,210;123,346	233,281;156,313;198,222	544	1436646517
196,412;444,339;304,208	408,164;431,473;260,161	571	1436646524
76,347;113,369;99,460	61,455;327,50;352,346	972	1436646534
43,236;379,412;248,230	438,401;86,242;320,373	891	1436646541
75,116;182,268;414,353	456,140;38,177;301,423	742	1436646546
340,30;42,217;206,132	144,363;86,208;164,404	302	1436646551
77,378;218,284;101,337	232,141;347,333;429,369	385	1436646562
195,212;111,183;273,283	122,325;334,368;415,413	383	1436646568
215,192;480,472;474,272	335,490;29,469;423,56	364	1436646574
380,127;372,382;383,156	251,180;321,388;223,259	816	1436646581
398,474;21,332;153,380	398,474;21,332;153,380	0	1436646592
115,72;67,147;76,253	172,302;218,210;289,238	595	1436646599
480,200;18,58;163,93	274,46;209,363;264,234	640	1436646604
83,486;84,230;32,399	376,70;253,281;124,161	571	1436646609
451,398;119,210;123,346	228,177;451,61;83,481	657	1436646613
419,40;334,89;211,353	52,367;363,174;336,125	568	1436646620
215,192;480,472;474,272	405,106;471,457;140,405	427	1436646625
14,479;283,431;291,279	198,120;348,275;86,134	293	1436646629
382,382;399,396;73,159	380,179;365,416;413,335	984	1436646635
348,115;438,274;26,142	73,211;359,321;153,325	396	1436646639
76,358;489,417;96,438	104,124;239,478;56,356	630	1436646644
165,353;21,269;375,230	22,437;67,61;457,447	339	1436646649
256,408;314,170;433,38	344,54;315,348;147,297	676	1436646655
340,30;42,217;206,132	73,480;193,216;212,306	672	1436646662
366,104;72,458;150,440	377,339;355,20;432,461	634	1436646667
14,193;405,407;189,95	159,164;244,308;336,296	646	1436646672
419,475;306,335;396,328	306,200;13,248;454,309	700	1436646678
437,319;434,366;263,222	19,269;217,103;403,416	631	1436646683
16,394;451,86;303,220	232,325;114,469;337,42	237	1436646688
50,230;454,95;53,165	380,87;440,468;197,363	552	1436646693
451,398;119,210;123,346	411,400;184,478;202,282	661	1436646697
430,321;167,177;252,84	29,368;283,297;275,435	312	1436646703
325,433;441,67;78,111	427,403;470,218;317,436	612	1436646707
121,489;429,239;65,380	146,167;97,388;482,190	654	1436646715
215,192;480,472;474,272	38,131;115,358;248,480	552	1436646722
185,130;303,432;425,447	327,157;310,16;166,401	297	1436646726
50,312;460,337;35,192	50,312;460,337;35,192	0	1436646732
260,455;222,472;446,44	488,263;341,366;107,33	650	1436646738
65,301;454,395;167,284	296,71;96,98;170,80	647	1436646746
357,14;271,116;332,160	280,473;351,138;74,398	450	1436646752
157,447;334,279;341,447	387,57;72,34;12,408	460	1436646758
391,344;151,416;294,374	269,233;475,416;460,456	899	1436646764
451,363;160,306;379,308	489,302;292,124;182,411	643	1436646781
437,319;434,366;263,222	279,423;131,321;418,99	612	1436646785
48,339;193,331;373,396	151,451;470,205;181,403	416	1436646790
361,351;363,67;427,305	322,264;174,295;169,61	466	1436646796
431,122;418,223;145,27	276,284;174,424;417,249	540	1436646801
428,58;228,125;188,159	389,313;399,101;423,455	402	1436646806
76,347;113,369;99,460	394,377;403,18;414,345	852	1436646813
347,119;193,213;98,56	145,264;197,174;415,485	689	1436646820
146,184;338,246;322,384	217,283;347,471;431,112	478	1436646825
270,124;168,394;223,81	366,401;288,341;224,44	272	1436646830
182,201;220,231;377,65	384,56;249,423;242,462	934	1436646869
281,293;134,442;28,68	404,353;236,48;31,179	584	1436646874
88,185;487,350;477,471	468,54;43,405;23,337	127	1436646879
418,81;141,116;372,336	488,469;300,36;35,199	659	1436646884
77,378;218,284;101,337	425,81;82,123;70,144	544	1436646889
348,115;438,274;26,142	394,297;413,70;110,179	563	1436646893
144,396;282,321;391,81	282,413;74,380;331,315	665	1436646898
165,353;21,269;375,230	25,71;390,12;353,361	599	1436646903
76,347;113,369;99,460	103,345;320,32;196,346	779	1436646910
119,484;412,308;426,104	60,184;124,51;442,382	310	1436646915
453,108;203,62;223,163	467,49;272,104;205,404	607	1436646921
294,255;46,185;278,176	295,313;93,288;67,188	143	1436646929
254,421;291,307;450,150	208,207;471,440;350,163	627	1436646934
76,358;489,417;96,438	192,371;74,137;449,325	651	1436646940
149,448;192,326;127,303	79,470;106,336;137,444	129	1436646946
73,416;413,487;260,342	74,353;453,83;358,60	659	1436646950
254,421;291,307;450,150	298,213;426,403;207,41	836	1436646957
33,82;460,405;231,339	246,393;341,198;442,393	717	1436646961
115,72;67,147;76,253	362,259;333,241;426,113	544	1436646966
115,72;67,147;76,253	38,396;93,270;303,33	961	1436646970
250,434;394,168;173,377	30,105;319,360;355,307	310	1436646975
327,417;356,454;374,349	82,106;100,302;151,424	552	1436646979
402,345;451,373;171,400	161,276;426,73;94,295	722	1436646984
89,154;125,240;275,406	162,69;206,234;196,156	345	1436646989
348,115;438,274;26,142	26,248;398,121;155,302	546	1436646993
264,426;482,179;18,329	353,353;15,483;460,26	346	1436646999
94,322;203,172;357,266	483,421;108,268;103,322	872	1436647006
354,37;84,322;153,399	308,61;78,12;249,384	693	1436647014
237,152;242,200;252,74	200,340;404,309;309,164	746	1436647019
44,216;18,283;221,415	154,487;81,77;468,315	801	1436647027
303,35;184,94;253,404	448,108;49,103;317,466	649	1436647031
274,166;363,356;11,444	322,484;381,29;206,191	340	1436647037
35,425;89,233;175,236	199,360;179,12;141,298	654	1436647043
83,486;84,230;32,399	243,416;388,300;221,291	386	1436647048
15,141;480,432;353,450	253,188;17,126;395,131	705	1436647056
89,154;125,240;275,406	190,42;244,176;441,479	86	1436647061
430,321;167,177;252,84	25,160;345,246;25,360	564	1436647067
347,119;193,213;98,56	36,36;334,213;207,357	535	1436647072
246,56;352,469;423,189	227,70;403,91;371,326	571	1436647077
2F6u5Q231