136	R	0.0.0.0	1436646902
86,169;120,216;436,399	144,391;208,137;457,168	564	1436646970
86,78;211,107;147,483	300,72;222,477;113,110	543	1436646975
42,319;93,132;46,412	429,92;312,197;119,197	488	1436646991
321,361;415,193;224,237	321,361;415,193;224,237	121	1436646997
213,263;455,213;370,59	177,372;447,44;475,193	449	1436647004
280,308;219,21;355,351	311,180;66,426;446,166	468	1436647009
27,166;224,232;336,184	276,129;262,35;89,393	478	1436647016
347,119;193,213;98,56	36,167;114,473;20,407	482	1436647025
471,416;458,427;20,198	299,141;390,362;353,298	502	1436647034
44,216;18,283;221,415	65,32;45,186;217,236	413	1436647073
225,81;142,400;235,414	107,68;197,427;103,131	466	1436647078
367,14;142,80;418,272	72,300;382,232;152,73	470	1436647083
257,435;197,77;148,186	111,239;177,162;386,54	483	1436647088
356,215;425,276;115,264	438,235;293,291;374,19	472	1436647096
67,215;473,407;217,122	472,145;278,355;454,484	525	1436647101
21,264;421,164;334,488	426,74;157,126;225,390	456	1436647106
478,141;384,422;149,464	220,77;132,206;151,142	573	1436647111
436,397;257,297;167,38	113,197;371,240;234,60	468	1436647128
485,255;389,269;456,207	378,427;368,309;47,44	552	1436647133
432,435;21,51;26,305	438,477;305,29;86,385	400	1436647139
163,62;52,204;431,228	112,22;74,480;217,291	425	1436647143
119,345;238,432;89,135	195,289;82,70;249,437	440	1436647148
451,398;119,210;123,346	92,14;22,83;241,478	480	1436647153
187,170;300,450;229,158	429,255;399,90;412,381	461	1436647158
44,216;18,283;221,415	25,329;280,49;228,166	474	1436647162
43,236;379,412;248,230	47,37;455,30;81,279	485	1436647168
17,46;151,56;365,187	451,124;337,117;257,193	528	1436647172
347,119;193,213;98,56	20,263;173,69;415,427	577	1436647187
47,391;148,373;38,126	472,236;439,26;153,198	544	1436647194
340,30;42,217;206,132	73,480;193,216;212,306	533	1436647204
244,336;22,332;348,265	128,197;35,206;78,51	527	1436647215
50,230;454,95;53,165	198,474;437,43;449,131	530	1436647224
486,420;466,135;48,26	362,353;269,84;202,249	481	1436647230
391,308;130,24;20,61	444,11;390,460;309,49	538	1436647235
181,63;482,423;371,275	18,122;264,75;320,226	537	1436647240
106,469;369,199;423,248	12,155;372,479;236,67	524	1436647244
133,370;453,60;421,272	169,26;415,144;84,175	536	1436647249
21,159;433,409;377,176	155,263;234,448;348,67	486	1436647254
488,277;351,30;184,192	125,12;463,74;106,295	488	1436647259
148,362;361,335;488,180	424,23;32,14;280,170	479	1436647264
196,412;444,339;304,208	179,322;301,110;54,53	484	1436647269
459,123;309,420;219,404	482,84;219,130;416,54	470	1436647274
215,192;480,472;474,272	406,115;234,98;415,404	475	1436647279
398,474;21,332;153,380	398,474;21,332;153,380	467	1436647284
43,236;379,412;248,230	354,58;272,446;252,186	328	1436647289
348,115;438,274;26,142	365,424;425,49;304,424	431	1436647294
393,141;234,36;161,63	470,97;94,277;242,175	535	1436647299
437,319;434,366;263,222	280,393;274,405;368,266	474	1436647305
259,318;411,396;410,44	370,374;23,98;461,311	532	1436647310
428,58;228,125;188,159	309,415;211,281;42,118	567	1436647315
155,176;250,220;156,394	472,350;99,84;101,402	468	1436647320
127,233;490,177;321,339	344,431;312,89;468,333	601	1436647326
149,207;426,247;34,439	203,404;210,112;14,143	405	1436647331
144,140;310,173;282,24	78,319;266,312;261,202	569	1436647335
47,391;148,373;38,126	131,433;171,48;216,219	461	1436647343
17,46;151,56;365,187	227,326;352,223;171,87	556	1436647348
361,351;363,67;427,305	322,264;174,295;169,61	459	1436647355
189,426;195,70;377,212	66,13;288,354;487,31	585	1436647360
362,41;51,173;393,50	166,431;401,81;407,16	534	1436647365
347,119;193,213;98,56	394,210;69,311;232,110	554	1436647369
27,166;224,232;336,184	103,108;93,436;143,25	446	1436647374
305,104;59,376;250,409	438,169;219,69;386,479	469	1436647379
281,293;134,442;28,68	57,213;23,408;426,186	468	1436647384
361,351;363,67;427,305	42,432;235,100;88,307	548	1436647388
302,153;253,50;22,320	230,22;151,179;454,204	466	1436647394
422,485;437,26;317,235	474,256;70,180;402,463	538	1436647399
428,58;228,125;188,159	389,313;399,101;423,455	539	1436647404
346,301;20,369;393,394	96,280;403,274;366,389	415	1436647409
215,192;480,472;474,272	270,411;148,110;448,265	383	1436647413
152,401;452,425;342,253	417,317;151,31;358,79	432	1436647418
288,255;363,115;201,424	361,328;456,371;192,254	427	1436647424
261,241;149,381;371,99	27,349;46,482;365,55	553	1436647428
361,351;363,67;427,305	212,463;398,369;179,317	441	1436647433
76,358;489,417;96,438	268,394;192,362;340,27	469	1436647438
280,440;110,117;183,407	475,26;78,332;299,218	471	1436647443
154,238;467,70;310,310	194,253;463,425;144,169	473	1436647447
196,412;444,339;304,208	360,220;36,403;478,449	451	1436647451
14,381;248,59;194,65	271,335;36,87;475,470	434	1436647456
35,425;89,233;175,236	59,333;181,319;369,380	463	1436647461
429,123;490,62;290,127	330,109;186,348;247,187	458	1436647466
302,153;253,50;22,320	304,184;98,180;176,221	443	1436647470
348,115;438,274;26,142	145,470;26,372;420,236	538	1436647475
196,412;444,339;304,208	139,79;275,251;113,397	437	1436647479
157,330;383,123;233,46	280,391;58,440;302,204	416	1436647484
43,370;94,390;461,448	370,198;312,235;389,158	432	1436647488
215,27;219,183;455,63	357,374;24,11;389,151	468	1436647493
356,293;239,408;147,213	197,41;346,299;56,260	548	1436647498
108,19;314,159;441,300	469,115;213,146;142,144	437	1436647503
378,189;225,250;52,217	291,16;317,324;464,366	549	1436647519
451,398;119,210;123,346	59,467;443,372;347,132	467	1436647524
89,154;125,240;275,406	358,166;433,103;32,239	397	1436647529
412,340;245,260;95,76	329,186;251,20;411,208	444	1436647534
50,312;460,337;35,192	50,312;460,337;35,192	460	1436647539
288,255;363,115;201,424	364,366;57,22;193,203	465	1436647543
245,398;18,455;113,341	291,124;230,301;26,290	470	1436647548
372,17;80,106;317,46	428,111;409,93;139,364	452	1436647553
234,177;91,104;345,327	265,103;347,235;447,369	461	1436647558
154,238;467,70;310,310	340,139;245,145;422,344	561	1436647562
89,154;125,240;275,406	211,252;214,228;381,485	429	1436647567
472,215;100,255;419,377	150,19;20,379;220,438	537	1436647571
154,238;467,70;310,310	463,347;145,424;38,135	412	1436647576
293,181;277,233;96,273	247,176;215,64;399,292	419	1436647582
259,12;379,60;30,391	259,12;379,60;30,391	449	1436647588
168,198;60,342;459,39	128,368;36,103;14,422	571	1436647592
106,64;466,431;23,193	246,413;284,121;170,473	444	1436647597
111,13;164,335;300,481	166,107;471,123;396,343	352	1436647602
251,74;93,335;92,461	49,174;366,415;390,469	449	1436647607
136,446;210,186;172,266	403,264;304,105;472,248	423	1436647612
472,215;100,255;419,377	252,259;480,265;396,82	423	1436647618
254,421;291,307;450,150	164,319;459,294;484,371	385	1436647622
428,58;228,125;188,159	339,115;68,325;454,126	438	1436647627
30,271;265,383;363,184	18,258;411,67;13,319	401	1436647632
429,386;132,306;26,69	256,274;44,94;316,310	440	1436647637
87,22;183,211;222,311	196,441;92,490;489,400	451	1436647641
237,152;242,200;252,74	205,207;357,71;115,244	432	1436647646
472,215;100,255;419,377	158,145;323,176;350,285	459	1436647651
155,98;302,281;101,263	214,134;113,267;347,460	448	1436647655
136,235;56,45;62,32	375,456;45,418;11,279	458	1436647660
253,271;43,388;246,120	307,19;458,88;261,412	440	1436647665
83,486;84,230;32,399	75,33;243,364;170,297	433	1436647670
480,200;18,58;163,93	19,172;275,173;245,143	431	1436647675
166,33;342,113;400,441	477,424;146,319;314,473	470	1436647679
337,274;246,466;448,485	406,454;347,218;92,304	367	1436647685
469,183;233,465;46,183	34,108;196,458;487,78	429	1436647690
146,379;281,87;205,70	69,427;221,106;262,26	559	1436647694
89,154;125,240;275,406	190,42;244,176;441,479	613	1436647699
115,72;67,147;76,253	186,212;54,48;355,365	535	1436647703
391,41;216,359;395,193	472,46;326,13;83,295	567	1436647710
347,119;193,213;98,56	182,431;303,162;460,283	461	1436647714
115,72;67,147;76,253	185,132;202,292;195,472	536	1436647719
115,72;67,147;76,253	310,341;310,251;256,425	465	1436647724
348,115;438,274;26,142	394,297;413,70;110,179	442	1436647729
158,94;67,483;202,353	112,219;478,92;185,127	552	1436647733
348,115;438,274;26,142	429,13;382,483;159,18	438	1436647738
302,153;253,50;22,320	200,47;455,62;273,304	470	1436647742
5F5z7N271