136	L	0.0.0.0	1436646989
86,169;120,216;436,399	144,391;208,137;457,168	100	1436647084
86,78;211,107;147,483	300,72;222,477;113,110	400	1436647100
42,319;93,132;46,412	429,92;312,197;119,197	400	1436647127
321,361;415,193;224,237	321,361;415,193;224,237	600	1436647145
213,263;455,213;370,59	177,372;447,44;475,193	200	1436647154
280,308;219,21;355,351	311,180;66,426;446,166	300	1436647163
355,328;11,267;416,106	224,356;478,467;280,332	100	1436647173
27,166;224,232;336,184	254,20;367,462;471,82	100	1436647182
417,485;453,281;169,404	326,378;393,174;435,406	150	1436647193
436,397;257,297;167,38	358,298;336,202;181,427	100	1436647200
446,208;367,447;349,267	280,374;426,470;428,164	200	1436647215
331,363;167,84;478,185	290,437;88,191;427,114	200	1436647223
427,55;168,381;374,397	240,321;197,156;404,106	100	1436647230
446,108;328,461;337,257	227,445;269,383;347,379	100	1436647238
354,83;333,117;385,421	371,55;85,223;256,227	100	1436647245
75,111;25,240;420,109	247,473;64,11;462,12	50	1436647253
17,46;151,56;365,187	52,395;28,416;346,304	200	1436647262
14,381;248,59;194,65	266,427;353,236;339,58	1100	1436647278
145,357;308,455;337,22	87,29;411,177;460,47	300	1436647287
41,291;277,476;147,331	381,110;251,40;107,46	400	1436647293
118,71;352,404;451,404	461,431;182,15;372,97	300	1436647302
451,398;119,210;123,346	403,127;411,488;473,20	450	1436647310
154,238;467,70;310,310	373,352;411,206;80,47	550	1436647320
23,28;369,459;24,30	383,212;438,362;300,233	100	1436647337
176,219;377,204;173,426	349,63;108,457;421,212	100	1436647345
412,385;409,111;464,157	276,215;77,102;49,51	550	1436647358
147,430;48,32;237,116	12,18;203,397;281,374	100	1436647365
433,212;264,194;294,451	369,84;170,290;375,143	100	1436647373
340,30;42,217;206,132	381,48;470,151;309,420	10	1436647382
282,28;485,294;58,277	181,303;226,54;67,287	100	1436647389
198,48;410,471;54,117	177,101;182,173;402,162	100	1436647395
259,12;379,60;30,391	259,12;379,60;30,391	600	1436647413
288,255;363,115;201,424	433,268;483,159;482,381	10	1436647423
367,14;142,80;418,272	321,312;62,209;309,375	100	1436647431
436,397;257,297;167,38	107,260;44,466;179,202	100	1436647438
254,421;291,307;450,150	84,358;417,247;53,405	100	1436647446
87,328;263,384;438,283	450,89;340,313;139,195	100	1436647452
179,16;147,327;112,363	190,17;390,296;26,408	50	1436647459
154,238;467,70;310,310	83,275;124,326;314,114	100	1436647465
438,408;105,179;31,56	286,472;286,382;188,250	100	1436647471
196,412;444,339;304,208	237,314;168,165;482,450	100	1436647478
120,412;260,461;326,221	440,100;141,171;322,316	400	1436647485
239,184;19,250;15,201	478,22;451,212;215,312	100	1436647491
426,423;260,418;118,450	395,155;378,170;17,36	100	1436647498
228,339;349,374;222,436	172,281;177,257;128,250	200	1436647506
466,106;19,393;33,149	112,242;146,287;475,378	100	1436647515
321,139;227,30;395,84	164,360;335,110;202,338	100	1436647520
412,340;245,260;95,76	329,186;251,20;411,208	200	1436647528
142,468;370,220;111,446	243,428;329,52;276,327	100	1436647535
361,351;363,67;427,305	385,475;130,149;416,282	200	1436647544
296,184;155,486;241,445	35,415;324,258;429,159	150	1436647555
27,166;224,232;336,184	318,342;122,301;240,300	200	1436647565
393,141;234,36;161,63	470,97;94,277;242,175	200	1436647576
182,111;442,395;269,211	381,351;240,131;342,405	400	1436647587
149,207;426,247;34,439	341,378;33,112;469,301	400	1436647597
168,131;359,372;118,236	39,373;376,27;481,125	400	1436647606
429,94;483,45;395,191	389,476;416,356;413,300	400	1436647613
377,461;330,21;102,90	26,121;392,308;320,38	400	1436647621
345,339;402,219;47,72	372,67;312,128;262,55	600	1436647631
27,166;224,232;336,184	232,435;412,24;388,282	300	1436647639
170,282;19,150;172,192	443,459;144,338;326,91	200	1436647646
165,353;21,269;375,230	98,442;490,217;38,336	400	1436647654
223,126;340,163;87,453	303,264;60,108;290,28	200	1436647662
472,215;100,255;419,377	395,450;252,102;71,26	200	1436647669
181,63;482,423;371,275	18,122;264,75;320,226	200	1436647674
430,321;167,177;252,84	456,340;310,421;284,399	20	1436647679
77,378;218,284;101,337	367,347;275,14;199,42	300	1436647684
398,474;21,332;153,380	398,474;21,332;153,380	400	1436647693
327,271;299,329;488,206	156,186;446,155;399,178	300	1436647698
429,123;490,62;290,127	330,109;186,348;247,187	400	1436647704
429,386;132,306;26,69	256,274;44,94;316,310	600	1436647711
306,23;165,490;189,173	226,489;440,88;380,246	400	1436647717
339,235;184,364;211,25	446,128;357,226;35,193	300	1436647723
348,115;438,274;26,142	480,457;437,123;195,130	400	1436647728
480,200;18,58;163,93	463,383;229,231;173,103	100	1436647734
50,312;460,337;35,192	50,312;460,337;35,192	350	1436647745
27,166;224,232;336,184	300,241;299,287;88,91	400	1436647754
94,322;203,172;357,266	426,230;53,87;347,258	300	1436647760
330,440;137,289;287,176	454,235;282,114;70,250	400	1436647765
352,411;192,202;84,269	299,117;198,84;286,370	450	1436647774
436,397;257,297;167,38	432,135;141,296;248,293	300	1436647780
141,246;247,257;220,364	198,48;62,188;311,116	300	1436647785
302,153;253,50;22,320	390,461;428,400;22,382	400	1436647793
408,283;146,55;304,402	284,180;266,261;347,348	200	1436647800
436,397;257,297;167,38	330,278;51,489;377,154	60	1436647809
237,152;242,200;252,74	216,303;76,251;412,435	100	1436647815
94,322;203,172;357,266	111,478;473,477;433,267	30	1436647826
374,483;409,302;388,151	360,145;131,305;343,74	100	1436647831
102,281;46,283;323,422	390,414;355,134;405,298	100	1436647836
50,230;454,95;53,165	266,395;327,45;421,460	200	1436647842
437,319;434,366;263,222	397,202;110,354;464,98	100	1436647848
83,486;84,230;32,399	447,412;364,335;145,85	100	1436647855
395,167;482,252;486,99	226,373;460,484;305,465	30	1436647862
238,77;129,88;110,459	490,463;201,307;204,186	45	1436647871
306,329;229,119;143,223	82,170;235,99;268,461	100	1436647877
121,381;321,89;390,224	94,245;303,334;143,100	300	1436647882
458,361;397,354;377,487	336,179;418,429;153,293	100	1436647888
142,260;289,357;483,200	89,238;43,180;236,221	40	1436647894
106,64;466,431;23,193	303,173;234,435;216,269	100	1436647899
476,208;333,23;409,454	40,321;332,142;71,144	400	1436647904
122,324;39,350;211,207	159,393;260,285;184,478	40	1436647910
288,255;363,115;201,424	400,409;395,486;324,68	100	1436647915
288,255;363,115;201,424	389,285;367,194;439,431	10	1436647926
51,321;263,278;427,390	411,127;101,190;402,367	100	1436647933
212,445;179,174;380,30	139,431;441,407;404,100	100	1436647938
196,412;444,339;304,208	201,318;163,70;474,282	50	1436647944
470,451;231,357;446,322	285,307;104,25;74,278	45	1436647954
225,242;299,107;423,182	413,53;335,212;103,333	30	1436647959
276,452;445,420;162,325	347,398;15,60;481,302	10	1436647965
166,421;181,321;295,80	208,346;490,68;482,394	10	1436647971
296,456;489,49;273,334	310,474;162,104;406,322	300	1436647976
347,119;193,213;98,56	394,210;69,311;232,110	100	1436647981
451,398;119,210;123,346	233,281;156,313;198,222	100	1436647988
419,197;116,277;249,57	326,456;336,393;46,105	100	1436647996
276,93;382,365;62,19	489,418;490,65;158,17	100	1436648001
13,471;24,230;322,125	81,149;316,115;120,403	100	1436648007
343,207;119,23;470,327	19,22;315,384;140,161	10	1436648012
418,431;120,100;122,418	272,51;154,276;288,11	50	1436648017
451,398;119,210;123,346	81,218;123,453;432,209	100	1436648022
451,398;119,210;123,346	238,436;85,456;111,61	100	1436648027
154,238;467,70;310,310	441,289;128,125;100,276	100	1436648032
132,462;348,313;185,356	71,150;466,397;371,219	100	1436648037
274,463;261,209;434,410	296,419;100,277;245,25	100	1436648041
47,391;148,373;38,126	101,373;133,338;336,417	100	1436648046
35,425;89,233;175,236	192,206;160,224;345,388	200	1436648051
478,482;338,100;470,53	352,439;41,281;237,412	100	1436648057
106,64;466,431;23,193	296,233;366,53;34,59	100	1436648063
365,285;164,362;318,39	247,214;304,143;26,243	100	1436648068
309,341;144,310;36,277	31,466;159,317;78,383	150	1436648072
445,310;299,222;290,245	262,173;187,107;82,335	300	1436648079
378,164;126,320;12,79	413,444;392,190;58,449	90	1436648089
56,378;11,174;461,430	117,196;476,489;418,138	100	1436648094
89,154;125,240;275,406	249,388;397,141;267,361	100	1436648099
340,30;42,217;206,132	34,213;70,311;261,477	100	1436648105
278,337;58,306;216,204	343,256;351,147;394,83	30	1436648111
3G3x6N482