136	R	0.0.0.0	1436645957
86,169;120,216;436,399	144,391;208,137;457,168	612	1436646035
86,78;211,107;147,483	300,72;222,477;113,110	394	1436646045
42,319;93,132;46,412	429,92;312,197;119,197	660	1436646054
321,361;415,193;224,237	321,361;415,193;224,237	64	1436646063
213,263;455,213;370,59	177,372;447,44;475,193	464	1436646073
280,308;219,21;355,351	311,180;66,426;446,166	417	1436646081
314,360;93,165;463,482	280,233;66,11;328,317	455	1436646087
172,474;160,197;320,27	137,484;354,199;247,280	536	1436646094
149,207;426,247;34,439	38,89;214,163;123,436	421	1436646101
457,165;192,326;265,107	472,348;412,161;90,91	549	1436646126
83,486;84,230;32,399	281,197;48,409;281,240	534	1436646132
428,58;228,125;188,159	174,402;85,465;258,325	470	1436646141
35,425;89,233;175,236	370,357;236,281;354,392	480	1436646148
347,119;193,213;98,56	108,378;250,39;36,122	451	1436646157
366,366;127,372;437,381	443,117;392,169;17,294	483	1436646164
339,139;437,263;235,235	72,96;473,45;477,208	558	1436646170
47,391;148,373;38,126	142,172;312,26;359,426	463	1436646175
159,160;33,474;487,293	368,453;429,395;206,116	563	1436646180
472,215;100,255;419,377	447,156;318,193;194,122	531	1436646187
373,324;291,141;337,474	273,366;342,231;285,43	367	1436646194
434,46;256,333;263,59	489,222;11,295;342,12	482	1436646200
33,340;232,347;403,490	172,190;104,422;252,357	557	1436646208
360,65;163,274;48,300	440,402;456,38;402,286	463	1436646214
340,30;42,217;206,132	34,213;70,311;261,477	519	1436646227
76,358;489,417;96,438	12,484;455,250;349,195	528	1436646236
291,284;172,229;443,397	180,305;254,195;47,416	412	1436646243
348,115;438,274;26,142	313,375;155,437;431,441	465	1436646251
337,448;107,426;240,98	27,34;43,401;378,338	467	1436646258
429,135;424,178;288,358	67,190;450,359;467,354	522	1436646264
281,293;134,442;28,68	32,387;319,211;70,17	427	1436646269
231,387;25,178;159,249	258,391;22,392;160,210	474	1436646274
412,220;63,341;362,41	244,342;447,153;325,230	527	1436646280
106,64;466,431;23,193	229,134;213,370;60,17	566	1436646287
38,326;94,255;266,301	375,267;194,61;87,130	469	1436646292
215,192;480,472;474,272	484,161;486,416;79,25	519	1436646298
17,30;288,209;313,126	136,321;421,423;327,472	455	1436646304
394,19;269,372;231,245	487,155;328,128;208,459	477	1436646311
154,238;467,70;310,310	441,289;128,125;100,276	543	1436646330
408,283;146,55;304,402	284,180;266,261;347,348	552	1436646335
395,234;149,230;427,120	114,161;387,479;83,294	528	1436646341
446,303;134,198;474,105	83,307;420,322;362,466	419	1436646352
328,478;105,100;94,196	108,333;438,95;190,428	521	1436646359
196,412;444,339;304,208	360,220;36,403;478,449	465	1436646365
232,77;347,330;107,108	489,127;413,463;77,445	479	1436646370
50,312;460,337;35,192	50,312;460,337;35,192	236	1436646377
345,44;114,357;248,273	436,126;298,183;392,189	531	1436646386
99,128;43,391;145,125	287,159;307,208;415,212	707	1436646392
259,224;47,487;283,155	306,353;284,315;155,223	664	1436646398
427,79;95,67;264,464	127,38;202,405;428,53	144	1436646405
235,310;109,428;57,128	151,198;91,194;143,204	705	1436646409
430,321;167,177;252,84	209,252;147,279;486,355	435	1436646415
348,115;438,274;26,142	335,398;408,247;11,251	353	1436646422
307,19;466,113;431,378	382,34;278,420;275,148	409	1436646436
207,266;78,196;470,326	323,56;341,235;343,70	595	1436646443
391,41;216,359;395,193	128,327;288,426;174,105	429	1436646447
56,486;275,94;235,264	441,359;244,113;247,23	554	1436646453
472,215;100,255;419,377	22,416;223,393;20,99	553	1436646460
472,215;100,255;419,377	448,73;99,421;18,19	453	1436646465
335,299;416,204;213,295	286,211;72,227;360,419	584	1436646469
27,166;224,232;336,184	280,409;187,89;207,174	687	1436646475
248,104;421,75;73,460	429,50;349,288;408,300	536	1436646481
196,412;444,339;304,208	179,322;301,110;54,53	396	1436646486
50,214;119,11;273,95	29,289;229,47;323,405	379	1436646496
23,28;369,459;24,30	142,321;439,197;64,305	889	1436646505
115,72;67,147;76,253	50,99;91,407;77,85	744	1436646511
295,183;487,411;182,258	193,284;165,278;189,126	761	1436646516
76,347;113,369;99,460	111,121;187,42;247,123	448	1436646521
268,398;482,170;216,312	397,199;487,312;470,115	700	1436646528
215,192;480,472;474,272	87,319;376,288;14,231	599	1436646534
223,282;25,193;74,245	266,354;311,275;440,279	255	1436646539
426,423;260,418;118,450	289,164;416,251;183,103	545	1436646544
281,293;134,442;28,68	95,414;81,112;248,434	368	1436646551
319,282;233,136;160,191	191,31;39,169;90,144	627	1436646558
259,12;379,60;30,391	259,12;379,60;30,391	383	1436646563
254,421;291,307;450,150	256,285;202,395;15,420	639	1436646568
76,358;489,417;96,438	473,78;350,58;148,364	560	1436646574
283,485;226,233;402,139	206,223;296,375;387,185	536	1436646579
165,353;21,269;375,230	15,393;166,332;280,446	593	1436646584
50,230;454,95;53,165	57,278;473,476;298,355	583	1436646590
451,398;119,210;123,346	140,209;48,369;404,207	352	1436646596
194,85;468,488;88,105	279,24;262,324;282,42	756	1436646607
131,485;147,168;29,201	216,467;165,365;390,81	582	1436646613
381,317;224,365;216,322	436,354;127,128;436,198	612	1436646619
309,23;360,111;406,300	203,442;477,266;433,344	606	1436646626
217,369;224,465;358,28	234,428;327,246;383,66	576	1436646632
476,208;333,23;409,454	40,321;332,142;71,144	447	1436646638
306,47;106,440;353,462	192,490;132,31;347,136	368	1436646644
385,469;45,140;415,440	300,452;484,236;224,304	857	1436646649
289,484;416,456;380,350	467,323;62,234;348,192	719	1436646654
434,46;256,333;263,59	68,280;215,478;367,347	456	1436646660
253,271;43,388;246,120	307,19;458,88;261,412	425	1436646665
149,207;426,247;34,439	69,384;460,447;148,277	426	1436646671
56,165;350,184;51,232	306,413;200,148;41,329	671	1436646677
76,358;489,417;96,438	454,436;119,456;124,95	588	1436646683
480,204;401,305;451,38	435,270;94,74;279,63	590	1436646688
87,469;401,54;86,263	83,79;465,215;327,300	424	1436646695
451,398;119,210;123,346	256,183;382,183;160,319	536	1436646700
205,299;145,450;414,192	51,30;156,168;33,103	540	1436646705
398,474;21,332;153,380	398,474;21,332;153,380	21	1436646712
243,67;134,101;413,344	454,165;116,489;458,159	908	1436646718
410,450;320,422;291,177	400,469;420,392;161,452	424	1436646723
44,216;18,283;221,415	54,472;372,422;286,89	614	1436646730
12,445;370,373;309,478	112,277;23,349;352,193	535	1436646736
447,350;223,20;162,482	441,425;59,262;24,37	461	1436646743
174,348;132,205;398,270	47,209;392,209;480,385	646	1436646748
296,440;164,242;381,391	179,126;364,253;307,386	428	1436646753
325,147;483,209;178,231	252,56;286,395;400,316	607	1436646759
289,447;355,334;405,444	23,385;140,63;483,150	945	1436646766
56,362;170,211;301,300	393,61;455,232;274,429	644	1436646772
436,397;257,297;167,38	203,94;471,37;286,58	852	1436646777
98,206;379,52;379,157	479,169;338,341;58,46	454	1436646782
255,259;442,368;388,356	344,67;373,293;393,324	547	1436646787
196,412;444,339;304,208	471,57;76,353;53,84	439	1436646793
67,215;473,407;217,122	216,21;359,360;490,121	524	1436646798
457,19;206,405;63,247	56,481;275,293;451,355	604	1436646804
272,228;180,71;245,474	294,250;367,390;292,92	440	1436646809
162,321;22,192;29,45	145,286;26,103;104,112	465	1436646816
14,381;248,59;194,65	312,291;24,179;457,250	575	1436646832
47,391;148,373;38,126	292,157;207,20;366,111	472	1436646841
348,115;438,274;26,142	392,424;92,443;211,269	562	1436646846
149,472;373,24;339,29	97,321;57,276;126,36	561	1436646852
347,119;193,213;98,56	372,385;331,413;106,131	575	1436646857
432,302;326,365;176,313	220,181;253,325;104,440	472	1436646862
44,216;18,283;221,415	46,37;23,444;247,267	561	1436646867
348,115;438,274;26,142	369,324;22,471;154,25	532	1436646872
77,378;218,284;101,337	103,455;86,189;474,130	764	1436646881
47,391;148,373;38,126	472,236;439,26;153,198	577	1436646886
215,192;480,472;474,272	379,179;178,18;238,296	453	1436646891
134,194;106,178;445,461	481,322;53,53;38,15	455	1436646896
413,85;428,348;467,294	255,339;312,312;283,490	570	1436646901
115,203;397,433;47,250	361,263;179,58;207,234	601	1436646907
437,184;178,47;327,275	465,38;272,65;289,38	605	1436646913
348,115;438,274;26,142	427,389;309,159;246,262	547	1436646918
17,46;151,56;365,187	96,355;221,309;331,41	443	1436646928
237,152;242,200;252,74	239,120;250,173;311,35	549	1436646933
4E6y6L746