137	L	0.0.0.0	1436645976
86,169;120,216;436,399	144,391;208,137;457,168	958	1436646063
86,78;211,107;147,483	300,72;222,477;113,110	213	1436646069
42,319;93,132;46,412	429,92;312,197;119,197	827	1436646074
321,361;415,193;224,237	321,361;415,193;224,237	0	1436646079
213,263;455,213;370,59	177,372;447,44;475,193	646	1436646085
280,308;219,21;355,351	311,180;66,426;446,166	262	1436646092
83,486;84,230;32,399	140,436;402,71;233,342	929	1436646097
238,77;129,88;110,459	490,463;201,307;204,186	339	1436646191
50,230;454,95;53,165	131,441;70,123;418,219	635	1436646197
27,166;224,232;336,184	449,326;241,228;433,196	614	1436646204
398,474;21,332;153,380	398,474;21,332;153,380	4	1436646210
94,322;203,172;357,266	327,483;179,181;451,294	651	1436646216
393,141;234,36;161,63	470,97;94,277;242,175	709	1436646222
264,426;482,179;18,329	113,183;216,375;109,402	640	1436646227
455,460;200,267;348,322	212,490;364,191;448,193	686	1436646233
149,207;426,247;34,439	202,158;197,450;230,450	668	1436646239
14,381;248,59;194,65	428,16;25,366;392,271	837	1436646248
430,321;167,177;252,84	39,429;318,147;365,117	735	1436646253
35,425;89,233;175,236	157,55;285,20;335,469	780	1436646259
85,41;159,135;381,82	110,114;175,252;442,242	399	1436646265
181,181;466,80;52,328	61,124;63,350;150,88	730	1436646270
115,72;67,147;76,253	489,291;481,239;465,239	603	1436646282
40,488;398,229;233,412	285,384;291,90;268,187	670	1436646287
361,351;363,67;427,305	172,408;476,13;71,388	644	1436646292
44,216;18,283;221,415	384,133;421,403;61,150	770	1436646298
278,337;58,306;216,204	343,256;351,147;394,83	727	1436646303
214,408;96,75;97,390	20,34;480,83;321,21	664	1436646308
426,423;260,418;118,450	376,74;375,49;376,294	646	1436646319
163,62;52,204;431,228	447,122;379,433;164,89	741	1436646325
452,198;239,54;313,426	165,240;464,34;376,184	627	1436646330
27,166;224,232;336,184	351,311;466,227;304,320	710	1436646335
453,248;406,252;487,119	289,24;388,170;265,103	315	1436646341
153,76;47,35;65,273	72,153;395,129;394,32	407	1436646351
50,312;460,337;35,192	50,312;460,337;35,192	0	1436646356
347,119;193,213;98,56	333,345;143,109;212,31	577	1436646362
94,322;203,172;357,266	13,109;316,54;369,352	447	1436646367
35,425;89,233;175,236	384,74;193,49;345,268	598	1436646380
251,74;93,335;92,461	49,174;366,415;390,469	381	1436646386
225,242;299,107;423,182	413,53;335,212;103,333	632	1436646392
27,166;224,232;336,184	396,105;463,302;203,340	615	1436646416
83,486;84,230;32,399	290,252;110,137;309,476	443	1436646421
83,486;84,230;32,399	20,486;65,152;244,140	480	1436646427
430,321;167,177;252,84	456,340;310,421;284,399	577	1436646432
106,64;466,431;23,193	226,166;15,19;283,456	672	1436646440
447,159;305,227;306,129	187,289;56,376;15,266	442	1436646446
426,423;260,418;118,450	28,194;110,340;284,188	668	1436646453
111,29;269,311;167,257	234,320;135,162;253,322	466	1436646469
39,110;252,187;142,166	203,326;52,480;98,249	610	1436646476
361,351;363,67;427,305	208,55;142,333;311,292	436	1436646492
208,91;333,381;338,127	94,375;247,323;240,259	610	1436646498
483,212;133,59;270,165	109,391;396,333;417,67	632	1436646504
436,397;257,297;167,38	421,307;209,295;138,376	689	1436646510
76,49;124,56;58,377	12,45;22,477;378,211	666	1436646516
174,291;245,316;443,222	357,150;370,63;45,428	519	1436646527
76,347;113,369;99,460	268,45;71,91;72,255	475	1436646533
457,337;394,378;378,276	33,146;252,320;203,285	682	1436646541
328,478;105,100;94,196	80,427;321,274;162,486	675	1436646548
490,171;176,107;107,269	150,22;417,16;374,391	460	1436646554
434,46;256,333;263,59	49,175;305,94;420,471	664	1436646559
169,488;480,342;209,212	353,425;465,429;248,125	532	1436646565
450,433;56,32;266,193	206,342;67,56;206,356	485	1436646591
76,358;489,417;96,438	75,348;128,448;124,306	469	1436646598
106,64;466,431;23,193	246,413;284,121;170,473	557	1436646607
450,175;145,348;382,350	433,307;245,95;316,263	606	1436646615
361,351;363,67;427,305	381,14;471,402;346,225	439	1436646621
50,230;454,95;53,165	266,395;327,45;421,460	616	1436646629
181,424;87,380;207,148	180,433;291,178;276,241	611	1436646636
347,119;193,213;98,56	175,437;88,203;417,54	559	1436646642
50,230;454,95;53,165	255,475;77,181;85,46	655	1436646649
254,421;291,307;450,150	465,26;130,363;332,126	405	1436646663
259,346;414,205;135,277	296,215;62,334;84,130	465	1436646705
480,200;18,58;163,93	341,89;257,63;141,83	438	1436646714
296,456;489,49;273,334	310,474;162,104;406,322	578	1436646732
308,466;117,200;334,143	173,315;291,154;93,394	581	1436646738
281,293;134,442;28,68	287,230;50,313;55,138	607	1436646744
478,141;384,422;149,464	220,77;132,206;151,142	662	1436646749
393,261;194,422;317,169	369,110;167,365;46,240	588	1436646755
47,391;148,373;38,126	304,34;450,424;89,302	637	1436646772
264,426;482,179;18,329	486,450;408,32;52,374	434	1436646778
76,347;113,369;99,460	203,343;248,145;399,225	406	1436646785
77,378;218,284;101,337	48,360;209,335;312,375	417	1436646795
451,398;119,210;123,346	429,213;257,228;13,413	667	1436646804
316,172;14,415;143,408	320,277;54,436;123,340	537	1436646815
17,46;151,56;365,187	274,158;266,436;245,144	690	1436646821
367,284;217,395;425,416	126,255;12,71;328,422	637	1436646826
451,398;119,210;123,346	27,465;459,342;68,109	280	1436646831
142,468;370,220;111,446	243,428;329,52;276,327	635	1436646838
215,192;480,472;474,272	149,489;64,375;35,420	621	1436646849
426,423;260,418;118,450	93,281;116,272;151,123	617	1436646865
261,284;233,194;270,246	289,179;448,248;81,41	613	1436646870
222,87;30,28;480,77	230,164;437,486;203,346	644	1436646875
422,54;117,412;222,261	394,327;306,244;357,310	704	1436646881
163,62;52,204;431,228	337,290;479,52;342,482	683	1436646887
115,72;67,147;76,253	375,25;475,91;343,137	674	1436646892
215,192;480,472;474,272	36,85;452,267;348,397	258	1436646897
237,152;242,200;252,74	86,94;397,42;461,124	522	1436646903
21,405;209,205;68,213	171,346;112,327;449,130	566	1436646909
437,319;434,366;263,222	58,181;80,388;16,266	598	1436646915
309,341;144,310;36,277	438,437;117,53;479,425	591	1436646920
361,351;363,67;427,305	385,475;130,149;416,282	436	1436646926
253,301;267,14;389,273	140,25;324,394;274,42	611	1436646931
77,378;218,284;101,337	297,282;41,382;73,234	238	1436646936
149,207;426,247;34,439	323,97;293,461;458,301	593	1436646941
363,136;200,405;255,458	168,176;292,273;88,78	647	1436646948
328,478;105,100;94,196	463,420;62,94;128,201	278	1436646954
50,230;454,95;53,165	254,476;446,66;482,67	601	1436646961
436,397;257,297;167,38	236,52;253,110;232,85	371	1436646966
198,348;409,23;386,440	416,40;185,147;281,313	465	1436646972
428,256;275,257;477,381	361,268;361,373;418,209	605	1436646977
486,420;466,135;48,26	129,199;112,79;199,292	599	1436646982
367,14;142,80;418,272	418,177;433,249;441,104	717	1436646986
304,411;123,482;248,227	319,428;467,50;439,431	595	1436646992
43,236;379,412;248,230	464,89;155,282;86,389	669	1436646996
166,421;181,321;295,80	208,346;490,68;482,394	651	1436647001
50,262;192,249;101,402	450,470;73,51;116,17	700	1436647006
65,75;197,14;56,189	225,42;145,177;317,326	459	1436647011
79,322;231,470;128,33	16,488;395,435;54,177	623	1436647016
451,398;119,210;123,346	403,127;411,488;473,20	649	1436647022
367,14;142,80;418,272	390,54;200,136;418,454	637	1436647026
54,77;346,89;206,271	432,146;249,355;208,73	180	1436647031
154,238;467,70;310,310	21,278;479,145;156,121	403	1436647036
106,64;466,431;23,193	440,100;394,318;65,271	610	1436647042
83,486;84,230;32,399	375,179;124,485;333,186	661	1436647046
43,236;379,412;248,230	258,62;294,58;282,379	586	1436647051
255,47;434,70;485,479	247,439;58,199;397,61	405	1436647057
237,152;242,200;252,74	110,73;321,127;375,162	466	1436647062
231,143;446,21;348,467	250,416;470,89;198,206	365	1436647067
437,319;434,366;263,222	463,141;46,280;440,199	343	1436647072
47,391;148,373;38,126	461,480;53,384;60,153	438	1436647077
102,441;228,451;13,443	360,429;341,341;281,440	607	1436647081
149,207;426,247;34,439	116,324;291,439;137,460	378	1436647086
135,41;460,109;390,41	134,365;267,341;184,252	445	1436647091
488,390;488,290;464,206	155,214;228,323;126,102	60	1436647096
76,358;489,417;96,438	268,394;192,362;340,27	434	1436647101
470,451;231,357;446,322	285,307;104,25;74,278	624	1436647106
259,12;379,60;30,391	259,12;379,60;30,391	2	1436647112
4C4u5P798