136	R	0.0.0.0	1436646250
86,169;120,216;436,399	144,391;208,137;457,168	979	1436646328
86,78;211,107;147,483	300,72;222,477;113,110	374	1436646340
42,319;93,132;46,412	429,92;312,197;119,197	963	1436646383
321,361;415,193;224,237	321,361;415,193;224,237	20	1436646401
213,263;455,213;370,59	177,372;447,44;475,193	960	1436646408
280,308;219,21;355,351	311,180;66,426;446,166	47	1436646417
100,341;330,312;357,345	215,317;85,336;73,299	1000	1436646423
481,262;121,394;319,431	146,449;143,374;443,238	830	1436646428
426,423;260,418;118,450	403,183;427,238;210,458	966	1436646438
154,238;467,70;310,310	113,235;377,127;105,73	935	1436646445
179,436;248,158;105,351	438,160;268,395;129,254	968	1436646452
391,41;216,359;395,193	416,280;441,46;108,452	888	1436646459
94,322;203,172;357,266	339,326;155,417;20,222	354	1436646466
257,356;335,18;354,345	55,59;58,90;405,177	983	1436646474
429,135;424,178;288,358	67,190;450,359;467,354	734	1436646485
165,353;21,269;375,230	68,99;253,233;73,309	839	1436646491
412,45;99,170;244,189	296,287;61,333;451,327	836	1436646497
436,397;257,297;167,38	107,70;311,122;359,458	971	1436646504
17,46;151,56;365,187	401,406;367,482;134,401	871	1436646511
468,41;217,339;270,345	269,205;117,169;482,321	845	1436646515
67,215;473,407;217,122	138,37;116,210;363,66	843	1436646539
348,115;438,274;26,142	50,222;368,277;182,28	447	1436646545
451,398;119,210;123,346	453,350;411,73;282,398	567	1436646553
442,72;382,370;455,357	95,391;382,202;82,152	617	1436646558
436,397;257,297;167,38	247,252;190,289;71,442	998	1436646564
346,301;20,369;393,394	96,280;403,274;366,389	434	1436646570
193,479;168,135;358,222	88,363;399,336;189,383	962	1436646575
47,391;148,373;38,126	402,51;137,297;109,348	1000	1436646580
340,30;42,217;206,132	164,189;387,473;180,169	997	1436646586
393,113;214,80;96,118	466,29;28,90;32,117	961	1436646592
434,46;256,333;263,59	489,222;11,295;342,12	353	1436646597
229,300;342,199;166,104	251,113;50,453;135,125	679	1436646604
16,165;142,486;443,332	388,17;51,487;278,339	662	1436646609
351,277;16,62;172,298	432,89;54,67;213,459	453	1436646614
50,230;454,95;53,165	79,389;344,423;354,302	435	1436646620
89,154;125,240;275,406	486,90;426,132;196,490	382	1436646636
177,33;67,451;184,217	13,309;375,235;429,210	927	1436646644
436,397;257,297;167,38	338,107;374,277;449,383	247	1436646651
17,46;151,56;365,187	162,125;422,255;29,256	915	1436646655
357,14;271,116;332,160	280,473;351,138;74,398	20	1436646666
378,189;225,250;52,217	291,16;317,324;464,366	587	1436646672
50,230;454,95;53,165	255,475;77,181;85,46	590	1436646676
339,235;184,364;211,25	446,128;357,226;35,193	434	1436646682
391,41;216,359;395,193	128,327;288,426;174,105	614	1436646686
140,90;287,464;97,151	328,240;212,129;176,154	206	1436646693
244,161;188,223;368,245	62,294;125,93;32,246	664	1436646697
471,416;458,427;20,198	299,141;390,362;353,298	594	1436646705
106,64;466,431;23,193	456,421;191,472;190,220	958	1436646712
480,200;18,58;163,93	111,412;27,70;174,228	986	1436646717
187,192;263,30;40,425	71,279;49,278;302,173	1000	1436646722
309,341;144,310;36,277	313,14;197,173;37,460	192	1436646729
69,270;129,267;106,441	101,395;42,82;104,57	248	1436646734
142,40;149,179;130,180	280,260;35,376;480,146	764	1436646739
23,28;369,459;24,30	307,393;440,442;63,340	1000	1436646743
264,426;482,179;18,329	148,50;371,445;415,108	118	1436646748
451,398;119,210;123,346	190,488;251,345;218,259	364	1436646753
165,353;21,269;375,230	98,442;490,217;38,336	426	1436646758
50,312;460,337;35,192	50,312;460,337;35,192	95	1436646764
482,270;383,160;188,252	220,378;394,127;203,174	452	1436646769
206,38;452,472;82,271	442,102;222,170;357,461	338	1436646775
391,41;216,359;395,193	317,302;332,108;251,94	673	1436646780
72,54;338,355;38,138	149,88;330,153;426,207	923	1436646790
76,358;489,417;96,438	172,99;287,173;225,36	334	1436646795
434,46;256,333;263,59	447,300;225,129;103,99	814	1436646800
283,339;299,119;213,465	66,315;359,360;435,357	913	1436646805
328,478;105,100;94,196	129,100;104,174;380,433	123	1436646810
391,41;216,359;395,193	381,167;418,187;105,322	800	1436646814
43,236;379,412;248,230	354,58;272,446;252,186	382	1436646819
50,230;454,95;53,165	254,476;446,66;482,67	635	1436646829
446,65;265,475;471,56	318,48;140,293;180,264	722	1436646840
342,279;99,116;100,391	147,399;22,33;255,121	91	1436646848
396,80;161,248;281,51	31,120;258,159;465,394	398	1436646853
22,234;410,399;65,307	258,114;81,46;341,182	412	1436646857
237,152;242,200;252,74	344,463;344,100;43,296	835	1436646862
76,347;113,369;99,460	52,382;209,479;389,355	252	1436646866
196,412;444,339;304,208	232,291;151,372;60,232	260	1436646871
451,398;119,210;123,346	81,218;123,453;432,209	367	1436646876
14,479;283,431;291,279	198,120;348,275;86,134	344	1436646880
89,154;125,240;275,406	249,388;397,141;267,361	1000	1436646885
426,309;474,137;26,222	140,395;190,74;350,253	480	1436646890
134,19;328,214;253,384	257,356;112,231;227,350	371	1436646895
220,320;197,212;287,275	21,253;220,58;401,264	397	1436646899
220,407;282,381;448,57	51,479;277,410;119,393	672	1436646904
197,303;405,437;384,36	119,399;113,49;300,263	372	1436646909
259,12;379,60;30,391	259,12;379,60;30,391	172	1436646914
62,220;14,175;192,33	282,207;397,234;117,312	325	1436646919
480,200;18,58;163,93	96,42;259,252;245,189	821	1436646924
165,353;21,269;375,230	252,388;271,50;333,490	441	1436646929
66,247;269,299;337,256	214,40;384,415;430,125	575	1436646934
44,216;18,283;221,415	11,105;338,414;32,31	357	1436646938
27,166;224,232;336,184	391,283;58,403;480,57	165	1436646943
215,192;480,472;474,272	488,404;123,48;53,440	470	1436646948
347,119;193,213;98,56	47,340;77,390;236,302	432	1436646952
328,478;105,100;94,196	451,484;166,297;113,269	1000	1436646957
343,437;278,351;412,243	218,121;48,337;331,345	419	1436646963
79,326;84,395;332,233	109,311;474,168;463,113	287	1436646969
275,295;128,48;421,173	308,185;350,107;177,112	328	1436646973
302,153;253,50;22,320	14,26;39,391;360,370	482	1436646978
451,398;119,210;123,346	284,28;81,101;17,367	428	1436646991
43,236;379,412;248,230	252,227;317,435;149,360	431	1436646996
472,215;100,255;419,377	158,145;323,176;350,285	251	1436647001
430,321;167,177;252,84	187,436;41,477;435,182	769	1436647006
163,62;52,204;431,228	162,466;252,98;17,105	446	1436647011
89,154;125,240;275,406	211,252;214,228;381,485	873	1436647017
281,293;134,442;28,68	383,39;417,149;417,484	870	1436647022
196,412;444,339;304,208	108,322;387,263;145,91	172	1436647026
364,51;285,186;307,431	167,178;272,140;344,249	638	1436647030
464,132;401,378;411,298	275,435;180,413;460,149	786	1436647036
107,77;32,329;418,19	147,402;388,153;18,179	556	1436647041
75,214;33,260;449,416	369,17;404,392;481,289	654	1436647048
303,35;184,94;253,404	448,108;49,103;317,466	624	1436647052
70,165;430,387;381,404	66,199;13,178;400,482	874	1436647057
83,486;84,230;32,399	177,319;379,214;244,226	693	1436647062
437,319;434,366;263,222	20,64;245,316;117,305	419	1436647068
77,378;218,284;101,337	257,90;460,111;339,74	108	1436647073
148,213;106,478;487,172	240,438;302,199;452,437	882	1436647080
264,426;482,179;18,329	353,353;15,483;460,26	449	1436647086
398,474;21,332;153,380	398,474;21,332;153,380	31	1436647094
237,152;242,200;252,74	193,441;364,310;450,181	899	1436647099
242,113;191,118;265,35	368,482;347,61;398,24	695	1436647103
467,325;395,451;455,277	438,337;192,213;234,57	216	1436647110
304,411;123,482;248,227	319,428;467,50;439,431	647	1436647118
302,153;253,50;22,320	151,443;11,371;396,68	307	1436647122
153,76;47,35;65,273	72,153;395,129;394,32	240	1436647127
472,215;100,255;419,377	21,251;167,161;461,391	312	1436647131
393,276;163,455;137,333	156,157;338,406;287,244	696	1436647137
476,389;181,392;68,152	349,109;419,356;252,204	649	1436647141
209,54;293,85;208,379	441,469;358,397;431,118	209	1436647149
469,440;338,244;159,183	401,79;479,152;425,161	644	1436647153
76,358;489,417;96,438	192,371;74,137;449,325	976	1436647158
434,46;256,333;263,59	277,145;466,104;296,424	697	1436647163
196,412;444,339;304,208	361,369;180,243;300,455	635	1436647169
40,95;57,247;295,438	291,394;48,294;262,356	705	1436647173
451,398;119,210;123,346	129,73;265,290;35,401	807	1436647178
405,51;42,418;477,224	477,149;392,328;23,238	643	1436647183
2E7z9L202