136	L	0.0.0.0	1436646316
86,169;120,216;436,399	144,391;208,137;457,168	903	1436646395
86,78;211,107;147,483	300,72;222,477;113,110	260	1436646406
42,319;93,132;46,412	429,92;312,197;119,197	619	1436646411
321,361;415,193;224,237	321,361;415,193;224,237	1	1436646422
213,263;455,213;370,59	177,372;447,44;475,193	816	1436646430
280,308;219,21;355,351	311,180;66,426;446,166	963	1436646435
348,115;438,274;26,142	121,288;237,434;356,435	897	1436646439
472,215;100,255;419,377	61,477;227,111;78,165	793	1436646443
47,391;148,373;38,126	55,15;118,82;72,396	853	1436646448
164,413;335,411;112,73	245,155;201,420;291,471	911	1436646453
21,312;285,334;390,71	154,262;388,252;320,95	884	1436646457
217,337;415,75;144,293	321,363;26,410;331,336	834	1436646462
302,153;253,50;22,320	147,143;230,200;25,296	878	1436646467
111,13;164,335;300,481	166,107;471,123;396,343	987	1436646472
430,321;167,177;252,84	443,92;277,481;345,165	920	1436646476
89,154;125,240;275,406	490,448;412,148;483,131	964	1436646480
86,457;384,351;368,244	171,345;106,52;319,134	953	1436646485
35,425;89,233;175,236	225,332;346,437;446,381	951	1436646489
154,238;467,70;310,310	399,150;288,289;27,353	935	1436646504
348,115;438,274;26,142	427,389;309,159;246,262	938	1436646509
156,450;165,402;437,423	378,260;308,149;308,114	928	1436646513
154,238;467,70;310,310	439,30;69,384;272,209	985	1436646519
44,216;18,283;221,415	429,50;88,288;197,125	866	1436646524
398,474;21,332;153,380	398,474;21,332;153,380	0	1436646530
52,49;59,407;345,63	463,49;412,375;49,88	772	1436646536
143,60;371,32;108,276	219,21;324,129;305,278	882	1436646541
434,46;256,333;263,59	296,331;252,318;305,191	924	1436646545
13,471;24,230;322,125	81,149;316,115;120,403	916	1436646550
472,215;100,255;419,377	461,214;477,318;221,146	925	1436646554
337,448;107,426;240,98	27,34;43,401;378,338	940	1436646558
17,46;151,56;365,187	52,395;28,416;346,304	900	1436646563
215,192;480,472;474,272	476,379;317,83;278,292	884	1436646568
93,472;400,307;159,178	13,297;379,213;188,378	965	1436646573
76,347;113,369;99,460	211,180;194,339;24,108	938	1436646577
266,481;284,70;235,307	97,408;105,245;454,49	930	1436646581
391,41;216,359;395,193	416,15;285,412;322,481	931	1436646586
83,486;84,230;32,399	364,354;379,176;267,77	815	1436646590
67,215;473,407;217,122	441,355;430,431;234,213	862	1436646595
257,468;429,144;181,111	255,412;252,348;405,55	982	1436646600
175,154;304,335;403,39	73,256;309,16;318,116	921	1436646606
436,397;257,297;167,38	262,481;25,111;379,470	937	1436646610
200,93;21,334;329,359	467,379;192,465;469,371	998	1436646615
44,216;18,283;221,415	33,65;48,449;22,229	975	1436646621
367,14;142,80;418,272	335,20;184,106;127,358	970	1436646626
17,46;151,56;365,187	96,355;221,309;331,41	856	1436646634
163,62;52,204;431,228	112,22;74,480;217,291	920	1436646639
240,238;360,178;247,456	230,412;304,361;396,325	957	1436646643
102,281;46,283;323,422	390,414;355,134;405,298	954	1436646647
215,192;480,472;474,272	390,132;488,269;128,343	875	1436646653
24,311;225,155;395,451	316,319;134,56;218,407	889	1436646657
437,319;434,366;263,222	19,269;217,103;403,416	931	1436646662
103,415;388,475;88,354	288,109;416,132;460,198	934	1436646668
279,177;37,482;90,282	24,308;190,296;469,471	895	1436646672
163,62;52,204;431,228	316,374;207,102;416,29	884	1436646676
366,104;72,458;150,440	377,339;355,20;432,461	895	1436646682
99,367;49,169;405,448	379,466;97,268;358,274	936	1436646689
163,62;52,204;431,228	340,185;30,269;257,117	892	1436646697
75,116;182,268;414,353	456,140;38,177;301,423	891	1436646703
55,14;304,357;283,57	467,295;429,21;134,200	837	1436646709
27,166;224,232;336,184	179,390;175,169;463,456	884	1436646714
392,275;82,167;259,63	266,135;198,301;406,109	909	1436646718
76,347;113,369;99,460	281,118;220,234;13,423	987	1436646723
83,486;84,230;32,399	186,217;213,461;235,280	367	1436646731
434,46;256,333;263,59	49,175;305,94;420,471	348	1436646736
188,334;164,100;333,161	399,486;122,356;86,237	816	1436646740
89,154;125,240;275,406	154,319;486,66;20,406	823	1436646745
418,107;13,124;193,105	391,186;427,403;412,124	788	1436646749
50,312;460,337;35,192	50,312;460,337;35,192	26	1436646757
50,230;454,95;53,165	204,363;172,466;209,314	788	1436646761
309,341;144,310;36,277	232,184;249,59;287,19	951	1436646765
106,64;466,431;23,193	195,437;14,369;330,128	282	1436646772
300,232;230,83;30,223	60,209;170,421;211,15	921	1436646776
163,62;52,204;431,228	175,338;482,137;258,88	898	1436646780
27,166;224,232;336,184	294,484;169,341;234,400	923	1436646784
426,423;260,418;118,450	230,206;371,193;205,20	879	1436646788
366,435;449,416;346,59	443,70;394,40;204,429	141	1436646794
109,13;349,298;369,22	170,455;275,40;240,365	921	1436646800
84,97;225,81;377,199	212,199;201,102;478,366	889	1436646805
127,233;490,177;321,339	344,431;312,89;468,333	178	1436646813
292,187;266,388;355,220	356,443;166,126;392,235	798	1436646818
254,421;291,307;450,150	170,271;298,309;75,113	834	1436646822
106,64;466,431;23,193	464,350;118,300;225,399	792	1436646826
257,435;197,77;148,186	111,239;177,162;386,54	846	1436646833
330,69;370,92;286,390	259,26;186,298;158,365	912	1436646838
472,215;100,255;419,377	150,19;20,379;220,438	786	1436646843
288,255;363,115;201,424	400,409;395,486;324,68	889	1436646847
119,484;412,308;426,104	60,184;124,51;442,382	793	1436646852
207,358;310,351;298,229	219,344;80,52;125,298	878	1436646856
228,327;256,477;269,351	143,219;277,325;480,60	740	1436646860
76,347;113,369;99,460	472,283;366,228;75,431	780	1436646864
76,62;359,401;46,439	297,126;166,409;233,194	952	1436646869
78,316;216,177;304,112	309,364;215,358;438,177	970	1436646873
44,216;18,283;221,415	342,417;74,421;90,266	875	1436646878
426,423;260,418;118,450	73,489;90,427;49,226	905	1436646884
262,185;231,113;441,118	103,180;172,272;208,360	954	1436646887
490,119;49,104;145,447	181,439;292,409;159,235	906	1436646898
340,30;42,217;206,132	28,487;477,292;462,308	829	1436646902
391,41;216,359;395,193	169,450;360,356;133,284	900	1436646907
35,425;89,233;175,236	157,55;285,20;335,469	912	1436646911
451,363;160,306;379,308	489,302;292,124;182,411	862	1436646917
47,391;148,373;38,126	354,311;306,25;134,88	845	1436646921
83,486;84,230;32,399	75,33;243,364;170,297	863	1436646925
309,341;144,310;36,277	321,162;305,214;464,70	878	1436646929
215,192;480,472;474,272	33,211;329,149;316,463	795	1436646934
14,381;248,59;194,65	70,352;274,237;420,185	801	1436646945
432,302;326,365;176,313	220,181;253,325;104,440	180	1436646951
288,255;363,115;201,424	384,290;136,414;17,440	982	1436646956
80,114;109,236;381,48	444,479;302,135;112,484	745	1436646960
42,102;118,230;476,123	67,400;325,338;270,159	819	1436646964
340,30;42,217;206,132	144,363;86,208;164,404	927	1436646970
331,363;167,84;478,185	290,437;88,191;427,114	309	1436646976
119,345;238,432;89,135	195,289;82,70;249,437	882	1436646980
154,238;467,70;310,310	70,446;199,181;30,135	885	1436646983
17,46;151,56;365,187	301,28;243,373;172,162	645	1436646990
340,30;42,217;206,132	475,327;463,284;461,273	1000	1436646994
163,62;52,204;431,228	168,292;452,98;483,201	799	1436646998
149,207;426,247;34,439	173,417;172,254;480,287	617	1436647005
295,470;432,74;243,122	79,437;431,353;56,244	769	1436647010
106,64;466,431;23,193	401,365;188,320;286,300	802	1436647014
259,12;379,60;30,391	259,12;379,60;30,391	0	1436647021
77,378;218,284;101,337	481,142;213,292;102,439	548	1436647025
274,463;261,209;434,410	296,419;100,277;245,25	600	1436647031
391,352;18,240;342,81	374,226;258,466;244,106	730	1436647035
165,353;21,269;375,230	270,439;24,321;48,81	645	1436647039
406,311;374,41;238,490	189,110;241,462;140,147	659	1436647044
385,469;45,140;415,440	300,452;484,236;224,304	807	1436647049
149,207;426,247;34,439	44,332;170,113;432,213	765	1436647053
94,322;203,172;357,266	261,488;333,161;445,213	738	1436647057
196,412;444,339;304,208	408,164;431,473;260,161	782	1436647062
47,391;148,373;38,126	81,208;204,384;279,25	868	1436647067
165,353;21,269;375,230	82,297;449,33;314,396	566	1436647074
472,215;100,255;419,377	454,110;79,204;208,279	714	1436647078
106,64;466,431;23,193	296,233;366,53;34,59	697	1436647083
354,83;333,117;385,421	371,55;85,223;256,227	862	1436647087
302,153;253,50;22,320	469,363;258,108;17,167	789	1436647091
2E4x8P468