137	R	0.0.0.0	1436646120
86,169;120,216;436,399	144,391;208,137;457,168	780	1436646226
86,78;211,107;147,483	300,72;222,477;113,110	221	1436646236
42,319;93,132;46,412	429,92;312,197;119,197	125	1436646272
321,361;415,193;224,237	321,361;415,193;224,237	0	1436646279
213,263;455,213;370,59	177,372;447,44;475,193	589	1436646288
280,308;219,21;355,351	311,180;66,426;446,166	18	1436646301
153,463;432,51;459,380	463,139;448,72;208,206	613	1436646312
480,204;401,305;451,38	435,270;94,74;279,63	594	1436646319
432,302;326,365;176,313	220,181;253,325;104,440	108	1436646326
157,447;334,279;341,447	387,57;72,34;12,408	445	1436646334
276,93;382,365;62,19	489,418;490,65;158,17	393	1436646340
175,154;304,335;403,39	73,256;309,16;318,116	685	1436646349
348,115;438,274;26,142	121,288;237,434;356,435	579	1436646354
381,435;363,360;239,70	237,387;453,53;411,363	907	1436646359
430,321;167,177;252,84	159,117;398,456;311,130	706	1436646367
158,71;477,84;21,80	69,317;14,310;484,183	432	1436646376
437,319;434,366;263,222	186,298;306,383;136,197	482	1436646381
242,307;222,412;123,230	381,394;267,248;95,393	312	1436646394
272,210;70,139;335,222	395,276;179,240;244,11	101	1436646411
403,418;355,175;441,422	52,292;130,78;120,64	902	1436646418
94,322;203,172;357,266	432,177;142,406;134,51	220	1436646422
154,238;467,70;310,310	130,230;295,35;189,143	709	1436646438
157,110;444,484;444,151	280,50;239,358;404,178	248	1436646445
215,192;480,472;474,272	59,124;447,23;114,442	275	1436646459
83,486;84,230;32,399	186,217;213,461;235,280	56	1436646469
14,381;248,59;194,65	199,19;60,15;250,358	795	1436646477
328,478;105,100;94,196	129,100;104,174;380,433	751	1436646483
271,458;99,443;140,490	418,107;367,300;437,332	313	1436646490
215,192;480,472;474,272	476,412;204,174;476,302	843	1436646496
33,340;232,347;403,490	172,190;104,422;252,357	456	1436646501
436,397;257,297;167,38	421,307;209,295;138,376	391	1436646508
27,166;224,232;336,184	276,129;262,35;89,393	855	1436646516
215,192;480,472;474,272	335,490;29,469;423,56	671	1436646539
424,312;195,97;334,356	458,164;471,111;328,175	436	1436646546
87,469;401,54;86,263	83,79;465,215;327,300	300	1436646554
367,14;142,80;418,272	474,455;87,130;302,308	812	1436646563
17,41;362,33;266,267	454,149;188,468;359,63	681	1436646581
296,456;489,49;273,334	310,474;162,104;406,322	433	1436646588
115,72;67,147;76,253	128,27;398,237;363,246	962	1436646595
486,420;466,135;48,26	244,138;94,400;474,282	480	1436646601
166,179;488,165;217,120	295,68;31,85;426,336	480	1436646611
27,166;224,232;336,184	432,170;290,98;197,247	578	1436646616
427,79;95,67;264,464	127,38;202,405;428,53	83	1436646624
288,255;363,115;201,424	299,20;461,169;234,38	984	1436646629
278,223;14,348;367,271	296,350;383,15;223,156	420	1436646637
451,398;119,210;123,346	190,488;251,345;218,259	425	1436646643
254,421;291,307;450,150	193,354;32,339;69,353	676	1436646651
426,423;260,418;118,450	93,281;116,272;151,123	746	1436646656
432,435;21,51;26,305	438,477;305,29;86,385	593	1436646661
437,319;434,366;263,222	279,423;131,321;418,99	644	1436646678
33,209;12,45;453,237	180,364;27,47;409,62	744	1436646684
415,283;266,420;180,301	16,171;442,186;377,23	556	1436646690
17,46;151,56;365,187	37,117;95,440;38,338	905	1436646695
391,41;216,359;395,193	472,46;326,13;83,295	562	1436646701
426,423;260,418;118,450	71,255;379,50;468,430	641	1436646714
281,293;134,442;28,68	404,353;236,48;31,179	657	1436646722
76,358;489,417;96,438	304,349;452,146;392,378	128	1436646727
220,407;282,381;448,57	51,479;277,410;119,393	734	1436646732
264,426;482,179;18,329	148,50;371,445;415,108	405	1436646737
94,322;203,172;357,266	333,465;436,215;467,250	883	1436646742
163,62;52,204;431,228	447,122;379,433;164,89	323	1436646748
361,351;363,67;427,305	208,55;142,333;311,292	929	1436646755
438,408;105,179;31,56	286,472;286,382;188,250	779	1436646760
428,58;228,125;188,159	159,401;229,185;239,198	411	1436646765
14,351;59,413;239,433	321,278;333,461;380,30	849	1436646770
451,398;119,210;123,346	66,152;314,58;373,347	657	1436646778
434,46;256,333;263,59	49,175;305,94;420,471	569	1436646784
259,12;379,60;30,391	259,12;379,60;30,391	0	1436646791
144,277;199,257;323,247	16,362;453,26;140,407	765	1436646797
174,283;179,124;480,242	250,355;19,312;379,21	463	1436646807
160,405;214,119;331,69	293,324;261,351;356,143	829	1436646812
250,328;277,380;380,270	57,349;71,189;406,447	875	1436646819
115,72;67,147;76,253	305,422;29,210;154,313	905	1436646824
490,216;178,177;238,472	308,411;268,105;68,447	139	1436646830
149,207;426,247;34,439	341,378;33,112;469,301	820	1436646835
437,319;434,366;263,222	199,147;118,277;328,54	331	1436646841
161,71;269,131;478,482	136,364;296,85;430,413	830	1436646847
146,28;27,198;133,475	465,407;135,93;452,463	921	1436646852
35,425;89,233;175,236	384,74;193,49;345,268	611	1436646858
436,397;257,297;167,38	203,94;471,37;286,58	606	1436646864
200,56;252,93;105,169	47,119;408,238;285,176	899	1436646870
50,312;460,337;35,192	50,312;460,337;35,192	2	1436646877
426,423;260,418;118,450	195,257;103,93;179,197	780	1436646882
264,426;482,179;18,329	410,90;193,123;327,238	418	1436646887
398,474;21,332;153,380	398,474;21,332;153,380	0	1436646892
89,154;125,240;275,406	490,448;412,148;483,131	798	1436646897
99,276;44,352;63,461	124,230;180,247;47,449	641	1436646906
16,42;318,315;118,80	236,169;446,463;30,471	694	1436646911
449,355;270,417;408,141	409,343;412,43;74,248	722	1436646916
81,305;170,352;100,55	279,412;124,429;468,158	658	1436646921
133,141;387,321;387,219	450,346;345,467;216,405	602	1436646927
434,42;258,218;447,313	153,160;178,375;46,188	232	1436646944
451,398;119,210;123,346	403,127;411,488;473,20	593	1436646949
451,398;119,210;123,346	285,80;418,18;21,405	820	1436646957
264,426;482,179;18,329	174,329;253,295;478,368	600	1436646962
472,215;100,255;419,377	300,84;60,199;438,268	975	1436646970
229,300;342,199;166,104	251,113;50,453;135,125	964	1436646976
14,381;248,59;194,65	391,116;112,331;325,21	909	1436646983
76,347;113,369;99,460	34,403;303,318;152,152	860	1436646989
228,473;475,127;325,461	65,125;173,469;474,103	849	1436646994
121,489;429,239;65,380	146,167;97,388;482,190	877	1436647000
136,478;413,73;314,465	173,367;81,341;39,87	230	1436647005
70,165;430,387;381,404	66,199;13,178;400,482	852	1436647010
391,41;216,359;395,193	425,326;390,357;31,311	669	1436647015
83,486;84,230;32,399	475,280;459,119;276,172	311	1436647020
480,38;252,384;356,117	334,457;74,299;485,465	686	1436647036
348,317;214,53;123,255	110,484;359,258;226,13	692	1436647042
35,425;89,233;175,236	225,332;346,437;446,381	204	1436647046
130,127;169,85;358,74	274,377;302,216;253,391	669	1436647052
243,67;134,101;413,344	454,165;116,489;458,159	1000	1436647058
40,325;29,222;83,120	162,325;429,416;132,419	344	1436647063
50,230;454,95;53,165	429,399;383,172;453,372	245	1436647068
465,388;124,203;421,65	155,32;149,225;434,166	123	1436647074
97,271;239,382;190,210	86,190;365,274;135,365	429	1436647079
218,76;396,136;64,256	164,113;331,20;382,464	824	1436647085
367,14;142,80;418,272	144,273;16,159;149,398	361	1436647096
242,476;305,254;419,231	346,357;92,14;183,160	746	1436647102
246,242;158,43;404,373	139,72;107,428;459,196	716	1436647110
27,166;224,232;336,184	64,410;317,162;448,81	838	1436647115
163,62;52,204;431,228	413,43;155,136;216,415	330	1436647121
106,64;466,431;23,193	182,351;82,472;412,191	662	1436647126
246,345;321,150;233,209	319,75;180,70;281,434	353	1436647140
340,30;42,217;206,132	356,240;396,297;349,336	850	1436647145
75,111;25,240;420,109	247,473;64,11;462,12	777	1436647150
281,293;134,442;28,68	284,206;145,385;360,278	321	1436647160
430,321;167,177;252,84	217,193;358,104;254,49	794	1436647165
328,478;105,100;94,196	428,367;211,50;333,350	842	1436647170
279,62;109,340;350,198	162,337;25,24;114,127	706	1436647175
320,418;228,280;13,41	153,373;477,330;289,71	959	1436647181
16,433;302,128;448,319	30,29;336,147;44,369	579	1436647196
76,358;489,417;96,438	114,58;223,125;45,359	386	1436647201
410,235;398,381;253,180	177,219;72,100;489,183	477	1436647206
174,82;267,278;237,127	203,71;102,468;159,413	612	1436647211
328,478;105,100;94,196	457,117;126,311;430,413	587	1436647216
245,228;393,154;134,455	252,437;385,485;354,466	746	1436647224
365,374;294,44;213,431	350,330;59,224;357,126	371	1436647233
5B3z8M743