137	L	0.0.0.0	1436653444
86,169;120,216;436,399	144,391;208,137;457,168	1000	1436653521
86,78;211,107;147,483	300,72;222,477;113,110	184	1436653535
42,319;93,132;46,412	429,92;312,197;119,197	365	1436653546
321,361;415,193;224,237	321,361;415,193;224,237	0	1436653554
213,263;455,213;370,59	177,372;447,44;475,193	323	1436653564
280,308;219,21;355,351	311,180;66,426;446,166	84	1436653577
430,321;167,177;252,84	336,467;194,458;275,271	348	1436653586
434,46;256,333;263,59	311,71;418,298;48,144	680	1436653594
434,42;258,218;447,313	153,160;178,375;46,188	387	1436653604
309,341;144,310;36,277	90,422;220,481;439,146	998	1436653610
437,184;178,47;327,275	465,38;272,65;289,38	571	1436653621
79,296;21,137;58,269	153,48;92,103;14,107	583	1436653629
147,359;456,24;487,165	254,211;393,401;118,307	606	1436653637
391,41;216,359;395,193	169,450;360,356;133,284	688	1436653643
428,58;228,125;188,159	285,168;250,68;13,250	732	1436653648
340,30;42,217;206,132	381,48;470,151;309,420	898	1436653656
154,238;467,70;310,310	442,224;325,391;166,115	161	1436653667
361,351;363,67;427,305	22,203;14,22;132,473	695	1436653672
357,14;271,116;332,160	280,473;351,138;74,398	293	1436653682
90,423;62,361;169,336	443,345;272,229;181,265	610	1436653688
452,73;249,298;142,362	253,211;133,155;11,109	862	1436653695
215,192;480,472;474,272	379,179;178,18;238,296	398	1436653708
264,426;482,179;18,329	149,360;481,327;314,207	311	1436653712
44,216;18,283;221,415	168,269;218,280;160,455	245	1436653718
14,381;248,59;194,65	233,332;461,68;325,487	593	1436653724
237,152;242,200;252,74	197,231;244,242;460,415	737	1436653730
27,166;224,232;336,184	455,116;346,477;213,471	399	1436653737
342,50;431,160;14,278	178,172;193,348;141,142	693	1436653742
234,181;321,434;385,464	72,144;257,453;34,144	875	1436653749
340,30;42,217;206,132	164,189;387,473;180,169	788	1436653759
135,261;296,77;302,265	263,140;274,41;394,463	796	1436653764
322,101;257,99;338,342	50,210;310,108;455,401	884	1436653769
302,153;253,50;22,320	308,325;446,360;196,125	277	1436653776
89,383;336,248;463,374	350,309;323,54;245,196	200	1436653782
50,312;460,337;35,192	50,312;460,337;35,192	0	1436653789
453,108;203,62;223,163	467,49;272,104;205,404	388	1436653794
370,377;348,57;414,185	92,488;378,186;311,399	317	1436653803
99,128;43,391;145,125	287,159;307,208;415,212	803	1436653809
254,421;291,307;450,150	450,370;129,122;480,363	779	1436653816
398,474;21,332;153,380	398,474;21,332;153,380	0	1436653823
281,293;134,442;28,68	75,475;270,398;226,205	378	1436653828
394,445;377,375;129,121	103,230;454,108;236,191	686	1436653835
93,375;455,216;362,362	227,382;37,430;166,488	403	1436653841
264,426;482,179;18,329	132,25;44,330;261,229	212	1436653846
157,330;383,123;233,46	280,391;58,440;302,204	139	1436653852
293,181;277,233;96,273	247,176;215,64;399,292	240	1436653859
300,240;369,472;450,287	105,285;43,459;59,272	423	1436653867
434,46;256,333;263,59	195,481;116,249;287,17	370	1436653874
375,229;57,169;334,138	129,104;69,488;224,359	355	1436653880
472,215;100,255;419,377	135,188;490,359;384,52	157	1436653885
43,236;379,412;248,230	42,481;302,435;244,267	314	1436653891
215,192;480,472;474,272	476,379;317,83;278,292	83	1436653896
76,347;113,369;99,460	131,293;66,276;442,247	812	1436653902
332,172;130,329;190,199	291,358;359,65;84,489	304	1436653907
237,152;242,200;252,74	101,179;63,172;361,111	666	1436653912
279,62;109,340;350,198	162,337;25,24;114,127	624	1436653917
76,347;113,369;99,460	166,305;392,212;317,95	462	1436653923
274,438;428,218;434,478	390,76;35,473;314,307	648	1436653929
482,270;383,160;188,252	220,378;394,127;203,174	0	1436653935
162,363;69,384;150,292	445,431;277,442;338,396	45	1436653941
451,163;104,355;284,455	447,299;428,96;219,304	445	1436653946
123,16;245,433;427,46	202,483;15,268;44,271	885	1436653951
158,94;67,483;202,353	112,219;478,92;185,127	85	1436653955
89,154;125,240;275,406	159,130;324,455;152,185	211	1436653960
95,325;79,140;96,285	450,56;364,412;394,374	693	1436653965
239,184;19,250;15,201	478,22;451,212;215,312	706	1436653969
429,66;147,290;434,56	267,299;264,61;102,278	1000	1436653974
428,58;228,125;188,159	174,402;85,465;258,325	728	1436653979
152,401;452,425;342,253	417,317;151,31;358,79	292	1436653983
436,397;257,297;167,38	25,174;34,303;393,225	252	1436653989
141,246;247,257;220,364	198,48;62,188;311,116	122	1436653994
480,200;18,58;163,93	341,89;257,63;141,83	895	1436654000
414,489;468,222;467,385	249,131;232,155;40,466	1000	1436654009
76,347;113,369;99,460	273,104;214,87;122,290	585	1436654019
434,46;256,333;263,59	117,94;365,315;237,13	143	1436654024
379,378;451,158;199,127	366,101;95,153;154,489	423	1436654029
280,440;110,117;183,407	475,26;78,332;299,218	543	1436654034
50,230;454,95;53,165	477,61;271,223;123,206	109	1436654042
12,378;139,383;89,376	331,164;342,51;46,258	564	1436654048
43,236;379,412;248,230	22,107;392,460;391,361	657	1436654053
47,391;148,373;38,126	433,285;250,394;174,229	365	1436654058
14,381;248,59;194,65	312,291;24,179;457,250	409	1436654063
174,291;245,316;443,222	357,150;370,63;45,428	547	1436654067
163,62;52,204;431,228	361,458;88,313;233,47	387	1436654072
391,41;216,359;395,193	32,340;85,208;411,101	318	1436654077
443,470;306,312;381,341	352,80;276,205;370,387	382	1436654082
436,397;257,297;167,38	76,62;79,425;49,402	686	1436654086
35,425;89,233;175,236	183,118;426,241;229,416	459	1436654091
449,355;270,417;408,141	409,343;412,43;74,248	416	1436654097
472,215;100,255;419,377	444,273;422,136;338,477	374	1436654102
476,389;181,392;68,152	349,109;419,356;252,204	480	1436654106
356,215;425,276;115,264	438,235;293,291;374,19	437	1436654111
472,215;100,255;419,377	233,86;185,483;97,233	218	1436654116
93,330;388,328;200,239	54,279;135,203;456,389	379	1436654121
391,129;343,198;210,101	398,213;469,295;197,183	546	1436654127
94,79;274,230;124,87	408,221;160,457;472,173	652	1436654136
406,311;374,41;238,490	189,110;241,462;140,147	578	1436654141
208,456;197,291;73,80	21,262;280,348;153,300	837	1436654145
47,391;148,373;38,126	472,236;439,26;153,198	567	1436654150
52,268;154,80;78,283	411,199;284,48;335,73	131	1436654155
263,95;109,479;387,294	235,148;353,340;168,399	204	1436654160
485,183;350,205;317,228	314,360;259,150;232,297	477	1436654165
215,192;480,472;474,272	125,140;165,332;487,456	451	1436654170
86,457;384,351;368,244	171,345;106,52;319,134	548	1436654174
106,64;466,431;23,193	195,437;14,369;330,128	281	1436654179
469,440;338,244;159,183	401,79;479,152;425,161	810	1436654184
288,255;363,115;201,424	389,285;367,194;439,431	1000	1436654190
267,411;246,224;350,129	234,84;303,160;102,402	464	1436654195
361,351;363,67;427,305	277,89;341,423;84,390	537	1436654201
154,238;467,70;310,310	21,280;357,68;284,308	299	1436654206
78,316;216,177;304,112	309,364;215,358;438,177	632	1436654210
196,412;444,339;304,208	108,322;387,263;145,91	185	1436654215
154,238;467,70;310,310	286,408;191,189;32,177	153	1436654219
377,461;330,21;102,90	26,121;392,308;320,38	286	1436654224
42,102;118,230;476,123	67,400;325,338;270,159	463	1436654231
306,47;106,440;353,462	192,490;132,31;347,136	0	1436654236
299,440;289,210;181,414	426,395;271,396;263,219	29	1436654242
259,12;379,60;30,391	259,12;379,60;30,391	0	1436654247
39,16;84,400;37,182	469,197;252,187;31,52	430	1436654252
347,119;193,213;98,56	70,245;489,285;126,489	266	1436654257
438,131;341,374;85,227	193,458;331,324;406,447	547	1436654262
17,46;151,56;365,187	385,420;88,55;100,140	600	1436654267
11,265;292,192;100,482	449,409;426,389;325,372	853	1436654273
486,420;466,135;48,26	362,353;269,84;202,249	848	1436654277
115,407;173,452;259,205	286,168;377,162;458,324	9	1436654283
378,237;33,110;77,62	212,228;215,282;336,236	421	1436654287
115,72;67,147;76,253	203,208;201,245;27,309	347	1436654292
346,301;20,369;393,394	96,280;403,274;366,389	301	1436654297
115,72;67,147;76,253	123,424;36,334;263,456	34	1436654301
44,216;18,283;221,415	438,40;152,24;261,194	593	1436654306
396,29;378,99;240,141	220,409;277,403;301,156	576	1436654310
486,420;466,135;48,26	87,352;117,109;350,353	690	1436654316
83,486;84,230;32,399	140,436;402,71;233,342	841	1436654321
189,426;195,70;377,212	66,13;288,354;487,31	442	1436654333
47,391;148,373;38,126	407,177;178,338;428,339	458	1436654337
374,59;242,356;173,349	459,388;378,413;290,230	585	1436654345
2C7v6K503