136	L	0.0.0.0	1436646523
86,169;120,216;436,399	144,391;208,137;457,168	964	1436646641
86,78;211,107;147,483	300,72;222,477;113,110	588	1436646653
42,319;93,132;46,412	429,92;312,197;119,197	658	1436646664
321,361;415,193;224,237	321,361;415,193;224,237	0	1436646673
213,263;455,213;370,59	177,372;447,44;475,193	618	1436646686
280,308;219,21;355,351	311,180;66,426;446,166	419	1436646706
77,378;218,284;101,337	406,250;366,260;444,118	619	1436646717
472,215;100,255;419,377	21,251;167,161;461,391	542	1436646732
434,46;256,333;263,59	482,231;334,88;174,316	597	1436646741
291,115;371,443;379,409	326,309;66,394;76,366	314	1436646749
260,455;222,472;446,44	488,263;341,366;107,33	783	1436646757
34,238;481,41;459,54	447,77;471,46;343,195	750	1436646770
149,207;426,247;34,439	65,44;330,403;232,29	672	1436646776
304,434;392,286;255,168	479,112;134,192;84,326	603	1436646785
356,293;239,408;147,213	197,41;346,299;56,260	443	1436646796
344,39;276,30;391,483	270,439;209,46;166,229	606	1436646806
185,130;303,432;425,447	327,157;310,16;166,401	539	1436646819
381,321;487,486;49,203	29,452;352,49;79,278	571	1436646829
418,212;397,247;228,452	265,375;440,86;250,393	465	1436646838
437,176;412,51;372,52	219,32;83,365;147,298	542	1436646847
367,14;142,80;418,272	55,453;158,116;312,279	460	1436646857
382,444;23,433;417,478	339,19;261,393;370,79	374	1436646867
215,192;480,472;474,272	406,115;234,98;415,404	550	1436646873
76,347;113,369;99,460	76,401;54,469;159,421	633	1436646884
476,439;339,103;226,177	46,302;33,484;74,341	544	1436646895
262,185;231,113;441,118	103,180;172,272;208,360	657	1436646902
43,236;379,412;248,230	350,410;49,479;490,240	532	1436646911
76,347;113,369;99,460	103,345;320,32;196,346	541	1436646919
142,468;370,220;111,446	243,428;329,52;276,327	573	1436646928
215,64;319,329;141,217	365,238;110,101;183,462	527	1436646936
83,486;84,230;32,399	186,217;213,461;235,280	472	1436646952
170,282;19,150;172,192	443,459;144,338;326,91	558	1436646959
436,397;257,297;167,38	107,70;311,122;359,458	624	1436646967
428,58;228,125;188,159	431,73;404,87;227,51	466	1436646979
483,251;389,374;334,233	324,473;33,443;102,193	461	1436646988
47,391;148,373;38,126	436,490;351,295;146,246	593	1436646996
281,293;134,442;28,68	28,410;71,165;345,120	534	1436647005
131,57;314,372;358,369	246,237;107,156;337,404	856	1436647011
428,119;291,286;166,215	401,320;209,307;370,145	574	1436647021
254,421;291,307;450,150	312,469;290,23;248,36	770	1436647026
430,321;167,177;252,84	188,406;260,434;66,267	546	1436647035
304,411;123,482;248,227	319,428;467,50;439,431	640	1436647041
14,381;248,59;194,65	199,19;60,15;250,358	784	1436647047
76,358;489,417;96,438	58,296;415,308;120,364	469	1436647057
209,54;293,85;208,379	441,469;358,397;431,118	470	1436647065
56,378;11,174;461,430	117,196;476,489;418,138	537	1436647075
457,357;145,382;487,279	264,171;304,401;261,264	616	1436647129
163,62;52,204;431,228	162,301;376,328;127,57	444	1436647137
417,485;453,281;169,404	326,378;393,174;435,406	605	1436647154
106,64;466,431;23,193	182,351;82,472;412,191	582	1436647161
144,140;310,173;282,24	78,319;266,312;261,202	455	1436647170
367,14;142,80;418,272	142,140;431,86;253,344	527	1436647182
84,97;225,81;377,199	212,199;201,102;478,366	577	1436647187
434,46;256,333;263,59	195,481;116,249;287,17	542	1436647196
317,257;169,276;69,427	178,402;219,372;160,180	531	1436647284
215,192;480,472;474,272	87,319;376,288;14,231	560	1436647292
337,448;107,426;240,98	27,34;43,401;378,338	401	1436647308
340,30;42,217;206,132	144,363;86,208;164,404	593	1436647319
77,378;218,284;101,337	477,307;194,250;358,285	680	1436647325
50,230;454,95;53,165	380,87;440,468;197,363	661	1436647331
457,165;192,326;265,107	472,348;412,161;90,91	535	1436647337
264,426;482,179;18,329	174,329;253,295;478,368	662	1436647345
398,474;21,332;153,380	398,474;21,332;153,380	0	1436647355
342,279;99,116;100,391	147,399;22,33;255,121	545	1436647364
76,358;489,417;96,438	82,185;144,102;255,415	257	1436647374
67,215;473,407;217,122	138,37;116,210;363,66	732	1436647380
83,486;84,230;32,399	411,59;15,269;49,27	837	1436647391
257,426;47,462;113,341	13,313;468,335;284,357	843	1436647404
242,476;305,254;419,231	346,357;92,14;183,160	884	1436647413
428,58;228,125;188,159	264,210;305,339;87,163	659	1436647420
391,41;216,359;395,193	381,167;418,187;105,322	668	1436647428
436,397;257,297;167,38	392,309;156,415;90,152	644	1436647434
446,208;367,447;349,267	280,374;426,470;428,164	629	1436647443
347,119;193,213;98,56	461,340;138,448;457,222	648	1436647449
367,14;142,80;418,272	72,300;382,232;152,73	551	1436647459
340,30;42,217;206,132	44,233;250,145;227,38	661	1436647477
403,418;355,175;441,422	52,292;130,78;120,64	520	1436647490
480,200;18,58;163,93	145,310;203,121;66,489	668	1436647496
246,461;276,13;198,279	220,126;279,449;443,355	613	1436647501
27,166;224,232;336,184	351,311;466,227;304,320	579	1436647507
148,196;103,91;115,470	388,45;272,68;17,87	633	1436647512
165,353;21,269;375,230	252,388;271,50;333,490	549	1436647522
59,41;257,470;389,223	394,259;323,453;84,195	547	1436647528
339,445;166,419;314,454	384,214;452,111;427,186	559	1436647538
434,46;256,333;263,59	432,196;183,220;408,450	538	1436647547
328,478;105,100;94,196	457,117;126,311;430,413	771	1436647555
44,216;18,283;221,415	21,67;476,432;146,409	712	1436647562
215,192;480,472;474,272	233,312;158,298;239,63	666	1436647572
14,381;248,59;194,65	195,456;27,77;192,376	555	1436647579
27,166;224,232;336,184	187,201;153,448;195,155	1000	1436647586
259,12;379,60;30,391	259,12;379,60;30,391	0	1436647594
158,71;477,84;21,80	69,317;14,310;484,183	636	1436647605
363,136;200,405;255,458	168,176;292,273;88,78	560	1436647611
277,65;218,404;376,340	279,410;26,475;432,490	622	1436647622
309,341;144,310;36,277	115,116;55,50;344,379	585	1436647633
389,105;450,303;268,357	37,324;358,119;142,31	473	1436647653
480,200;18,58;163,93	451,351;183,315;101,190	752	1436647659
357,48;366,331;359,287	217,378;35,163;334,198	806	1436647665
43,236;379,412;248,230	354,385;422,220;64,319	523	1436647673
409,97;164,30;421,26	69,86;191,148;342,362	664	1436647679
43,236;379,412;248,230	133,441;76,201;444,105	563	1436647686
50,312;460,337;35,192	50,312;460,337;35,192	0	1436647696
426,423;260,418;118,450	408,353;127,61;485,357	885	1436647703
471,346;404,135;459,119	167,232;323,195;414,201	543	1436647712
429,94;483,45;395,191	389,476;416,356;413,300	524	1436647719
118,376;303,484;454,445	134,461;449,483;296,321	524	1436647727
215,192;480,472;474,272	36,85;452,267;348,397	573	1436647735
276,93;382,365;62,19	489,418;490,65;158,17	539	1436647744
149,202;405,197;237,458	338,458;143,92;81,435	558	1436647751
328,478;105,100;94,196	463,420;62,94;128,201	570	1436647757
79,331;36,48;173,216	301,93;164,406;273,195	759	1436647766
309,341;144,310;36,277	254,198;138,388;303,117	573	1436647772
67,215;473,407;217,122	15,395;157,371;305,487	545	1436647778
76,347;113,369;99,460	80,361;99,376;316,440	665	1436647784
133,101;295,433;131,252	378,96;282,317;21,404	593	1436647790
436,397;257,297;167,38	203,94;471,37;286,58	630	1436647796
237,152;242,200;252,74	45,379;103,322;384,233	733	1436647803
309,341;144,310;36,277	313,14;197,173;37,460	575	1436647809
81,305;170,352;100,55	279,412;124,429;468,158	547	1436647817
302,153;253,50;22,320	312,96;67,311;453,89	558	1436647823
374,270;310,141;204,214	243,243;289,349;420,113	541	1436647830
210,360;436,33;381,23	206,113;177,362;187,165	636	1436647836
480,200;18,58;163,93	274,46;209,363;264,234	757	1436647842
154,238;467,70;310,310	230,41;246,29;257,355	787	1436647848
149,207;426,247;34,439	364,50;115,408;395,314	609	1436647854
138,108;436,99;326,436	171,450;125,371;275,74	657	1436647861
472,215;100,255;419,377	233,86;185,483;97,233	555	1436647867
412,220;63,341;362,41	244,342;447,153;325,230	651	1436647872
305,104;59,376;250,409	438,169;219,69;386,479	547	1436647879
378,208;449,317;289,20	486,363;370,368;247,142	839	1436647885
76,358;489,417;96,438	473,78;350,58;148,364	476	1436647894
272,228;180,71;245,474	294,250;367,390;292,92	527	1436647902
486,420;466,135;48,26	417,397;72,487;394,44	537	1436647910
385,371;300,112;305,166	268,465;373,297;235,377	710	1436647917
101,190;130,38;397,73	321,433;28,298;358,147	475	1436647926
5F4x7R236