136	R	0.0.0.0	1436646147
86,169;120,216;436,399	144,391;208,137;457,168	620	1436646227
86,78;211,107;147,483	300,72;222,477;113,110	111	1436646241
42,319;93,132;46,412	429,92;312,197;119,197	445	1436646257
321,361;415,193;224,237	321,361;415,193;224,237	0	1436646265
213,263;455,213;370,59	177,372;447,44;475,193	565	1436646272
280,308;219,21;355,351	311,180;66,426;446,166	0	1436646279
163,62;52,204;431,228	316,374;207,102;416,29	608	1436646304
430,321;167,177;252,84	180,416;246,354;433,23	565	1436646311
17,46;151,56;365,187	403,436;253,389;439,314	820	1436646319
391,41;216,359;395,193	425,326;390,357;31,311	284	1436646326
393,113;214,80;96,118	466,29;28,90;32,117	809	1436646337
286,435;204,342;106,472	373,36;49,462;158,383	874	1436646344
398,426;355,402;317,366	460,31;16,146;108,437	533	1436646357
281,293;134,442;28,68	490,141;277,95;429,99	561	1436646368
115,72;67,147;76,253	76,399;192,295;140,354	141	1436646376
43,222;168,301;63,315	266,309;365,171;322,38	0	1436646385
434,46;256,333;263,59	315,340;23,406;88,256	446	1436646395
302,153;253,50;22,320	151,443;11,371;396,68	27	1436646404
115,72;67,147;76,253	203,208;201,245;27,309	888	1436646410
128,117;70,485;43,73	126,298;448,190;395,353	913	1436646417
486,420;466,135;48,26	244,138;94,400;474,282	921	1436646423
259,12;379,60;30,391	259,12;379,60;30,391	78	1436646430
476,439;339,103;226,177	46,302;33,484;74,341	570	1436646439
214,314;416,159;480,443	36,192;329,129;318,229	925	1436646444
94,322;203,172;357,266	333,465;436,215;467,250	870	1436646450
76,358;489,417;96,438	349,427;244,120;20,52	784	1436646459
114,26;479,109;395,243	65,380;47,244;460,373	452	1436646467
196,412;444,339;304,208	181,22;410,167;248,382	0	1436646473
174,291;245,316;443,222	357,150;370,63;45,428	281	1436646483
361,351;363,67;427,305	42,432;235,100;88,307	188	1436646490
434,46;256,333;263,59	311,71;418,298;48,144	742	1436646495
351,277;16,62;172,298	432,89;54,67;213,459	984	1436646502
255,298;155,364;311,134	422,340;96,359;292,75	545	1436646510
47,391;148,373;38,126	461,480;53,384;60,153	695	1436646520
347,119;193,213;98,56	420,258;59,405;234,482	462	1436646526
430,321;167,177;252,84	29,170;11,345;247,32	805	1436646531
412,45;99,170;244,189	296,287;61,333;451,327	943	1436646537
430,321;167,177;252,84	443,92;277,481;345,165	654	1436646543
237,152;242,200;252,74	366,271;477,180;246,285	100	1436646550
115,72;67,147;76,253	489,291;481,239;465,239	813	1436646556
163,62;52,204;431,228	220,266;335,228;87,247	461	1436646561
127,233;490,177;321,339	344,431;312,89;468,333	428	1436646568
17,46;151,56;365,187	459,206;40,460;87,426	572	1436646578
328,478;105,100;94,196	273,371;273,81;297,421	478	1436646585
347,119;193,213;98,56	26,118;486,317;246,474	456	1436646589
14,381;248,59;194,65	301,128;176,120;343,66	812	1436646594
302,267;488,260;93,133	65,303;198,385;16,229	76	1436646601
47,391;148,373;38,126	37,28;397,369;73,203	83	1436646610
302,153;253,50;22,320	354,325;148,342;73,31	475	1436646627
17,46;151,56;365,187	52,395;28,416;346,304	553	1436646633
44,216;18,283;221,415	46,37;23,444;247,267	935	1436646639
302,153;253,50;22,320	30,70;483,280;317,372	579	1436646646
90,423;62,361;169,336	443,345;272,229;181,265	737	1436646651
165,353;21,269;375,230	82,297;449,33;314,396	308	1436646662
437,319;434,366;263,222	20,64;245,316;117,305	599	1436646667
115,72;67,147;76,253	376,396;94,259;471,330	594	1436646676
215,192;480,472;474,272	476,379;317,83;278,292	46	1436646681
245,273;292,210;136,25	182,43;126,437;21,401	587	1436646687
132,448;325,227;137,345	450,34;211,338;457,364	883	1436646692
234,403;315,431;187,103	300,310;361,204;269,336	29	1436646698
309,341;144,310;36,277	64,468;120,363;190,289	89	1436646705
254,421;291,307;450,150	426,276;161,251;326,173	940	1436646709
98,26;446,333;364,178	243,149;79,437;122,86	809	1436646715
348,115;438,274;26,142	313,375;155,437;431,441	567	1436646722
264,426;482,179;18,329	335,463;18,267;342,34	903	1436646728
20,476;320,470;204,281	26,139;320,109;241,312	16	1436646734
38,326;94,255;266,301	375,267;194,61;87,130	607	1436646739
218,279;290,470;372,91	69,232;354,76;62,471	485	1436646746
363,136;200,405;255,458	168,176;292,273;88,78	882	1436646756
215,192;480,472;474,272	111,330;18,164;120,232	491	1436646763
398,474;21,332;153,380	398,474;21,332;153,380	0	1436646782
221,111;162,59;392,422	428,367;234,298;328,366	970	1436646788
276,452;445,420;162,325	347,398;15,60;481,302	966	1436646794
88,185;487,350;477,471	468,54;43,405;23,337	457	1436646801
165,353;21,269;375,230	81,352;373,489;319,285	546	1436646806
451,398;119,210;123,346	362,130;117,451;404,210	485	1436646811
83,486;84,230;32,399	107,460;397,79;209,402	524	1436646818
326,225;237,380;469,194	247,289;276,295;423,400	726	1436646824
237,152;242,200;252,74	45,379;103,322;384,233	432	1436646829
367,14;142,80;418,272	359,373;323,101;89,355	175	1436646834
215,192;480,472;474,272	116,112;465,42;445,182	533	1436646840
76,358;489,417;96,438	178,339;126,127;368,361	719	1436646844
163,62;52,204;431,228	447,122;379,433;164,89	478	1436646851
101,44;375,455;273,83	51,234;69,470;209,232	641	1436646856
367,14;142,80;418,272	390,54;200,136;418,454	697	1436646861
106,64;466,431;23,193	125,171;356,169;387,459	674	1436646866
304,210;89,337;471,72	174,401;205,11;218,97	868	1436646871
196,412;444,339;304,208	408,164;431,473;260,161	832	1436646880
76,347;113,369;99,460	80,361;99,376;316,440	612	1436646888
451,373;25,40;475,153	134,407;177,69;304,304	547	1436646897
35,425;89,233;175,236	384,74;193,49;345,268	598	1436646902
103,177;332,205;397,68	322,440;218,321;284,298	597	1436646922
154,238;467,70;310,310	439,30;69,384;272,209	700	1436646927
251,481;380,487;314,153	281,409;98,311;423,378	331	1436646932
326,304;449,454;98,346	459,136;231,194;140,412	573	1436646937
348,115;438,274;26,142	50,222;368,277;182,28	345	1436646941
51,207;342,471;103,232	142,486;260,262;414,95	659	1436646946
50,312;460,337;35,192	50,312;460,337;35,192	2	1436646953
348,115;438,274;26,142	120,490;423,171;112,339	689	1436646957
41,291;277,476;147,331	381,110;251,40;107,46	448	1436646963
155,176;250,220;156,394	472,350;99,84;101,402	467	1436646968
472,215;100,255;419,377	21,251;167,161;461,391	739	1436646973
165,353;21,269;375,230	265,315;324,55;449,345	153	1436646978
274,463;261,209;434,410	296,419;100,277;245,25	418	1436646984
41,280;16,149;382,372	267,33;112,235;100,418	544	1436646988
217,369;224,465;358,28	234,428;327,246;383,66	570	1436646992
367,14;142,80;418,272	418,177;433,249;441,104	163	1436646999
331,443;299,377;464,75	292,64;449,174;44,268	870	1436647003
90,349;86,272;60,159	328,34;320,454;294,213	235	1436647007
292,187;266,388;355,220	356,443;166,126;392,235	656	1436647012
367,14;142,80;418,272	116,365;414,272;370,108	579	1436647016
378,208;449,317;289,20	486,363;370,368;247,142	570	1436647021
169,488;480,342;209,212	353,425;465,429;248,125	655	1436647026
431,122;418,223;145,27	276,284;174,424;417,249	580	1436647031
196,412;444,339;304,208	248,83;470,383;193,264	472	1436647037
76,347;113,369;99,460	61,455;327,50;352,346	485	1436647042
281,293;134,442;28,68	221,385;181,111;101,155	616	1436647047
218,76;396,136;64,256	164,113;331,20;382,464	449	1436647052
367,14;142,80;418,272	63,106;103,235;393,177	602	1436647056
338,328;155,125;160,228	267,410;261,204;81,187	554	1436647061
35,425;89,233;175,236	72,245;460,130;328,230	259	1436647068
451,398;119,210;123,346	81,218;123,453;432,209	567	1436647072
47,391;148,373;38,126	131,433;171,48;216,219	479	1436647080
44,319;320,435;84,356	342,279;245,48;363,277	74	1436647085
302,153;253,50;22,320	423,391;373,176;117,317	622	1436647089
44,216;18,283;221,415	424,24;461,383;160,39	579	1436647094
215,173;72,323;147,336	359,456;489,42;310,466	554	1436647098
476,259;226,317;404,254	338,461;131,105;67,151	843	1436647104
142,464;402,211;168,411	450,334;273,76;102,33	626	1436647109
17,46;151,56;365,187	169,262;243,133;446,87	453	1436647113
426,423;260,418;118,450	354,88;39,168;117,182	759	1436647120
69,270;129,267;106,441	101,395;42,82;104,57	883	1436647125
461,159;403,470;38,306	460,26;300,384;305,185	723	1436647131
213,400;281,121;409,301	283,232;430,448;403,170	441	1436647136
342,186;255,417;289,88	28,385;164,313;410,342	467	1436647145
5C6t6R837