136	R	0.0.0.0	1436646358
86,169;120,216;436,399	144,391;208,137;457,168	861	1436646442
86,78;211,107;147,483	300,72;222,477;113,110	623	1436646452
42,319;93,132;46,412	429,92;312,197;119,197	714	1436646461
321,361;415,193;224,237	321,361;415,193;224,237	242	1436646473
213,263;455,213;370,59	177,372;447,44;475,193	549	1436646482
280,308;219,21;355,351	311,180;66,426;446,166	535	1436646490
472,215;100,255;419,377	297,373;272,252;444,209	666	1436646500
451,398;119,210;123,346	332,432;408,313;98,42	696	1436646506
143,253;192,483;17,377	205,466;392,63;67,64	723	1436646513
67,215;473,407;217,122	26,58;79,270;230,130	615	1436646522
43,236;379,412;248,230	252,227;317,435;149,360	568	1436646533
106,64;466,431;23,193	210,241;300,108;298,460	712	1436646539
43,236;379,412;248,230	210,276;449,362;260,408	606	1436646548
162,363;69,384;150,292	445,431;277,442;338,396	462	1436646555
410,95;285,18;449,447	465,353;263,310;406,382	832	1436646561
321,369;13,409;17,19	449,248;273,65;308,342	749	1436646567
83,486;84,230;32,399	281,197;48,409;281,240	535	1436646573
361,351;363,67;427,305	367,457;486,357;299,14	489	1436646580
472,215;100,255;419,377	41,190;181,113;311,263	562	1436646587
259,318;411,396;410,44	370,374;23,98;461,311	648	1436646592
264,426;482,179;18,329	474,245;25,323;24,446	693	1436646598
50,230;454,95;53,165	477,61;271,223;123,206	707	1436646606
14,381;248,59;194,65	456,211;393,239;148,390	719	1436646611
283,339;299,119;213,465	66,315;359,360;435,357	766	1436646617
434,46;256,333;263,59	328,78;358,397;455,363	687	1436646622
223,282;25,193;74,245	266,354;311,275;440,279	703	1436646629
449,355;270,417;408,141	409,343;412,43;74,248	605	1436646634
18,137;86,382;213,302	33,260;170,421;436,61	723	1436646639
288,255;363,115;201,424	389,285;367,194;439,431	664	1436646646
437,319;434,366;263,222	379,89;432,273;300,217	639	1436646651
288,255;363,115;201,424	317,159;360,82;324,291	700	1436646657
254,421;291,307;450,150	208,207;471,440;350,163	730	1436646666
281,73;467,484;142,73	14,241;210,315;439,27	566	1436646672
413,108;257,190;318,247	67,441;199,462;381,290	689	1436646678
411,385;75,466;242,191	202,344;106,95;13,283	630	1436646683
92,280;287,461;482,97	366,224;301,229;398,157	913	1436646688
309,341;144,310;36,277	232,184;249,59;287,19	824	1436646693
48,339;193,331;373,396	151,451;470,205;181,403	762	1436646699
451,163;104,355;284,455	447,299;428,96;219,304	695	1436646708
99,276;44,352;63,461	124,230;180,247;47,449	690	1436646714
35,425;89,233;175,236	76,438;258,66;200,446	720	1436646720
149,207;426,247;34,439	44,332;170,113;432,213	704	1436646726
451,398;119,210;123,346	233,281;156,313;198,222	850	1436646731
69,233;114,276;185,426	413,94;434,368;148,336	786	1436646736
166,33;342,113;400,441	477,424;146,319;314,473	789	1436646741
42,168;52,55;236,465	253,117;423,123;269,406	730	1436646747
152,223;50,447;435,158	483,212;372,464;38,419	764	1436646752
380,430;29,24;137,12	259,163;169,53;468,314	792	1436646758
207,358;310,351;298,229	219,344;80,52;125,298	823	1436646763
426,118;93,372;391,234	473,183;259,199;385,21	664	1436646768
73,416;413,487;260,342	74,353;453,83;358,60	806	1436646774
367,14;142,80;418,272	474,455;87,130;302,308	988	1436646778
44,216;18,283;221,415	392,35;399,227;435,238	630	1436646783
490,112;372,218;284,337	71,78;108,436;136,40	729	1436646788
154,238;467,70;310,310	21,278;479,145;156,121	741	1436646793
426,423;260,418;118,450	395,155;378,170;17,36	832	1436646798
429,123;490,62;290,127	330,109;186,348;247,187	740	1436646804
214,167;113,177;217,211	273,136;304,183;38,162	679	1436646809
50,312;460,337;35,192	50,312;460,337;35,192	468	1436646814
50,230;454,95;53,165	39,39;147,408;156,364	553	1436646819
389,105;450,303;268,357	37,324;358,119;142,31	680	1436646824
347,119;193,213;98,56	61,430;76,336;243,121	763	1436646829
367,14;142,80;418,272	321,312;62,209;309,375	745	1436646834
486,420;466,135;48,26	87,352;117,109;350,353	808	1436646840
421,166;418,470;354,366	27,469;483,409;435,342	755	1436646844
393,276;163,455;137,333	156,157;338,406;287,244	729	1436646849
275,295;128,48;421,173	308,185;350,107;177,112	717	1436646854
326,225;237,380;469,194	247,289;276,295;423,400	692	1436646859
291,284;172,229;443,397	180,305;254,195;47,416	687	1436646864
190,12;205,373;332,87	483,329;11,134;481,386	802	1436646870
347,119;193,213;98,56	338,440;153,379;411,87	764	1436646875
436,397;257,297;167,38	63,200;473,327;269,349	686	1436646880
116,103;110,84;119,313	179,346;15,244;20,332	912	1436646886
402,176;162,474;155,229	103,54;26,353;376,156	563	1436646891
386,391;20,184;258,12	481,446;170,462;305,76	412	1436646897
165,353;21,269;375,230	15,393;166,332;280,446	538	1436646902
428,58;228,125;188,159	394,444;260,383;184,211	824	1436646908
78,40;272,210;187,12	261,371;107,156;265,118	576	1436646912
147,390;50,458;11,129	443,321;147,236;298,323	751	1436646917
67,215;473,407;217,122	15,395;157,371;305,487	847	1436646922
347,119;193,213;98,56	26,118;486,317;246,474	855	1436646964
264,426;482,179;18,329	372,382;58,467;79,204	690	1436646970
398,474;21,332;153,380	398,474;21,332;153,380	344	1436646976
17,46;151,56;365,187	459,206;40,460;87,426	775	1436646981
445,291;343,38;227,26	458,240;188,169;122,173	638	1436646990
47,391;148,373;38,126	268,435;471,183;132,70	727	1436646995
331,145;364,272;379,451	223,296;156,315;485,79	692	1436647000
473,418;475,388;112,379	455,367;28,321;449,453	565	1436647006
472,215;100,255;419,377	233,86;185,483;97,233	666	1436647013
437,319;434,366;263,222	397,202;110,354;464,98	750	1436647018
437,319;434,366;263,222	12,326;13,446;31,71	838	1436647023
432,302;326,365;176,313	220,181;253,325;104,440	709	1436647030
328,478;105,100;94,196	452,458;390,421;230,269	738	1436647045
64,471;460,96;458,377	254,158;397,78;475,205	673	1436647050
120,412;260,461;326,221	440,100;141,171;322,316	729	1436647057
27,166;224,232;336,184	294,484;169,341;234,400	868	1436647062
245,228;393,154;134,455	252,437;385,485;354,466	905	1436647068
244,161;188,223;368,245	62,294;125,93;32,246	876	1436647073
302,153;253,50;22,320	30,70;483,280;317,372	939	1436647079
338,473;283,193;282,329	459,226;363,327;285,116	829	1436647085
27,166;224,232;336,184	64,151;246,239;426,312	894	1436647090
259,12;379,60;30,391	259,12;379,60;30,391	409	1436647097
215,192;480,472;474,272	484,161;486,416;79,25	549	1436647102
287,268;26,408;462,414	95,455;230,180;324,31	884	1436647107
426,423;260,418;118,450	424,126;211,242;434,92	667	1436647111
303,35;184,94;253,404	448,108;49,103;317,466	683	1436647116
348,115;438,274;26,142	17,391;471,168;308,252	898	1436647121
251,365;443,328;291,105	35,415;307,445;348,134	729	1436647126
451,398;119,210;123,346	30,435;291,390;364,314	708	1436647132
361,351;363,67;427,305	277,89;341,423;84,390	681	1436647138
264,426;482,179;18,329	251,124;295,348;58,204	746	1436647146
254,421;291,307;450,150	240,251;225,405;473,202	679	1436647151
457,300;287,284;452,148	256,63;290,452;129,110	757	1436647158
400,449;374,428;121,463	477,219;285,475;454,201	643	1436647162
196,412;444,339;304,208	349,93;362,205;40,317	714	1436647167
149,207;426,247;34,439	161,285;404,363;448,288	627	1436647172
75,116;182,268;414,353	456,140;38,177;301,423	807	1436647178
457,165;192,326;265,107	472,348;412,161;90,91	769	1436647183
271,458;99,443;140,490	418,107;367,300;437,332	905	1436647188
17,46;151,56;365,187	401,406;367,482;134,401	798	1436647193
215,192;480,472;474,272	488,404;123,48;53,440	767	1436647198
374,270;310,141;204,214	243,243;289,349;420,113	796	1436647204
447,232;88,373;441,389	395,299;301,98;309,73	724	1436647210
165,353;21,269;375,230	252,388;271,50;333,490	758	1436647216
51,321;263,278;427,390	411,127;101,190;402,367	703	1436647221
165,353;21,269;375,230	384,115;189,477;80,480	718	1436647226
428,119;291,286;166,215	401,320;209,307;370,145	598	1436647232
304,210;89,337;471,72	174,401;205,11;218,97	704	1436647237
163,62;52,204;431,228	429,121;201,413;387,35	801	1436647242
309,341;144,310;36,277	268,87;231,304;298,401	860	1436647248
140,440;401,193;204,362	489,52;141,443;396,232	681	1436647254
84,411;347,471;487,416	238,57;391,391;172,280	643	1436647260
215,192;480,472;474,272	111,330;18,164;120,232	674	1436647270
43,236;379,412;248,230	146,134;221,450;316,258	680	1436647276
391,41;216,359;395,193	28,108;59,261;380,311	659	1436647283
3H3w7Q401