136	R	0.0.0.0	1436645973
86,169;120,216;436,399	144,391;208,137;457,168	906	1436646050
86,78;211,107;147,483	300,72;222,477;113,110	28	1436646059
42,319;93,132;46,412	429,92;312,197;119,197	842	1436646066
321,361;415,193;224,237	321,361;415,193;224,237	0	1436646071
213,263;455,213;370,59	177,372;447,44;475,193	615	1436646092
280,308;219,21;355,351	311,180;66,426;446,166	295	1436646101
43,236;379,412;248,230	354,385;422,220;64,319	426	1436646106
434,46;256,333;263,59	32,329;478,128;94,134	364	1436646112
430,321;167,177;252,84	82,381;231,84;221,198	607	1436646116
361,351;363,67;427,305	232,36;244,314;208,45	782	1436646121
83,257;454,269;464,300	91,98;93,367;102,277	806	1436646125
35,425;89,233;175,236	148,179;26,271;370,483	692	1436646129
92,280;287,461;482,97	366,224;301,229;398,157	798	1436646135
302,153;253,50;22,320	459,487;131,423;29,380	717	1436646140
425,441;460,413;381,487	195,160;315,390;342,145	683	1436646144
163,62;52,204;431,228	340,185;30,269;257,117	377	1436646149
206,38;452,472;82,271	442,102;222,170;357,461	653	1436646154
309,178;298,163;167,362	416,424;175,204;75,131	968	1436646160
288,255;363,115;201,424	481,420;12,38;240,400	987	1436646164
471,40;408,28;258,76	476,202;244,421;118,445	773	1436646170
338,328;155,125;160,228	267,410;261,204;81,187	434	1436646175
196,412;444,339;304,208	361,369;180,243;300,455	651	1436646180
374,59;242,356;173,349	459,388;378,413;290,230	402	1436646185
417,137;308,231;475,150	239,318;368,294;124,127	656	1436646190
412,340;245,260;95,76	329,186;251,20;411,208	660	1436646195
63,441;208,274;278,164	216,200;335,399;158,29	827	1436646200
149,207;426,247;34,439	186,20;268,211;287,67	735	1436646213
340,30;42,217;206,132	44,233;250,145;227,38	920	1436646219
481,375;321,301;145,217	366,211;100,186;180,204	906	1436646224
430,321;167,177;252,84	443,92;277,481;345,165	737	1436646230
344,39;276,30;391,483	270,439;209,46;166,229	368	1436646235
254,421;291,307;450,150	170,271;298,309;75,113	759	1436646239
361,351;363,67;427,305	402,250;181,262;352,207	783	1436646244
471,490;469,484;328,267	186,377;77,417;436,262	880	1436646249
280,440;110,117;183,407	475,26;78,332;299,218	829	1436646253
205,124;356,162;420,45	312,76;88,179;464,229	250	1436646258
215,192;480,472;474,272	476,412;204,174;476,302	221	1436646262
426,423;260,418;118,450	76,100;136,375;102,250	846	1436646268
106,64;466,431;23,193	338,166;105,359;216,419	358	1436646272
308,141;121,362;28,113	487,81;108,461;153,281	711	1436646276
370,85;465,143;135,386	32,359;35,336;358,206	760	1436646291
281,293;134,442;28,68	232,360;125,310;279,86	325	1436646297
324,14;418,79;322,368	485,29;306,63;71,275	678	1436646302
327,385;313,480;350,440	102,338;178,411;167,375	276	1436646309
241,182;365,56;218,205	409,151;20,371;107,125	1000	1436646315
65,176;422,68;95,428	319,201;118,94;77,325	331	1436646320
149,390;100,177;399,387	224,452;77,225;420,63	290	1436646325
259,12;379,60;30,391	259,12;379,60;30,391	0	1436646330
350,301;16,456;55,33	255,444;161,28;261,436	978	1436646334
232,193;166,278;430,450	51,156;232,213;175,164	729	1436646339
35,425;89,233;175,236	348,377;199,334;14,41	654	1436646344
348,436;44,123;313,151	128,169;430,380;475,197	280	1436646349
306,231;412,156;490,64	197,235;195,81;20,78	719	1436646354
196,412;444,339;304,208	208,28;464,305;73,257	164	1436646359
106,64;466,431;23,193	296,37;454,490;200,440	224	1436646363
27,166;224,232;336,184	148,312;28,16;350,450	778	1436646369
281,293;134,442;28,68	221,385;181,111;101,155	783	1436646375
348,115;438,274;26,142	418,242;125,30;449,37	115	1436646381
55,76;362,79;238,213	153,295;92,202;475,318	237	1436646386
448,116;148,189;248,384	81,172;41,199;214,297	702	1436646391
264,426;482,179;18,329	415,264;467,45;92,324	97	1436646396
163,62;52,204;431,228	281,114;79,227;437,363	32	1436646401
83,486;84,230;32,399	364,354;379,176;267,77	254	1436646407
322,71;409,323;67,452	439,414;39,315;331,423	881	1436646413
361,351;363,67;427,305	307,199;340,405;210,19	729	1436646417
149,207;426,247;34,439	462,336;469,335;356,487	886	1436646423
94,322;203,172;357,266	261,488;333,161;445,213	744	1436646428
95,121;198,52;123,90	181,108;330,332;28,147	805	1436646432
111,123;469,66;446,343	403,129;334,417;81,281	229	1436646437
302,153;253,50;22,320	147,143;230,200;25,296	377	1436646474
398,474;21,332;153,380	398,474;21,332;153,380	3	1436646480
198,161;13,242;92,45	350,151;476,27;363,390	553	1436646484
132,173;72,359;17,327	359,401;198,198;149,341	668	1436646490
340,30;42,217;206,132	433,98;479,239;373,159	755	1436646495
302,153;253,50;22,320	308,325;446,360;196,125	686	1436646509
490,216;178,177;238,472	308,411;268,105;68,447	732	1436646515
434,46;256,333;263,59	488,434;197,377;182,220	703	1436646519
358,306;179,414;263,292	187,234;468,306;382,72	604	1436646524
196,412;444,339;304,208	170,368;490,45;59,12	656	1436646529
414,489;468,222;467,385	249,131;232,155;40,466	988	1436646542
47,391;148,373;38,126	407,177;178,338;428,339	840	1436646546
34,465;187,14;196,124	422,153;312,157;447,21	801	1436646551
314,321;239,485;440,386	159,80;166,383;459,313	783	1436646556
131,240;276,317;442,73	478,387;470,97;33,263	665	1436646562
447,232;88,373;441,389	395,299;301,98;309,73	891	1436646569
302,153;253,50;22,320	48,418;440,107;42,423	988	1436646574
361,351;363,67;427,305	404,337;419,464;157,189	894	1436646579
227,312;425,15;356,99	143,243;249,252;190,157	990	1436646584
244,342;60,435;47,354	457,474;160,187;265,341	963	1436646589
276,47;212,373;185,261	472,192;213,388;413,106	960	1436646594
154,238;467,70;310,310	286,408;191,189;32,177	743	1436646600
149,207;426,247;34,439	44,332;170,113;432,213	52	1436646605
264,426;482,179;18,329	381,287;98,465;197,81	669	1436646611
182,111;442,395;269,211	381,351;240,131;342,405	1000	1436646615
264,426;482,179;18,329	264,185;451,180;323,384	630	1436646620
43,236;379,412;248,230	146,134;221,450;316,258	707	1436646624
44,216;18,283;221,415	266,367;337,405;306,62	683	1436646630
23,28;369,459;24,30	371,104;13,271;48,285	988	1436646634
460,478;252,489;20,253	483,72;384,328;421,216	969	1436646639
49,237;385,459;391,228	395,34;17,94;279,446	894	1436646644
240,238;360,178;247,456	230,412;304,361;396,325	988	1436646648
264,426;482,179;18,329	130,86;440,186;292,319	827	1436646653
472,215;100,255;419,377	138,278;265,22;469,390	718	1436646658
405,436;101,292;58,122	118,176;199,142;413,211	852	1436646663
99,241;469,487;242,456	298,61;237,189;337,364	804	1436646667
426,423;260,418;118,450	424,126;211,242;434,92	962	1436646673
23,24;436,476;154,238	455,313;103,136;390,305	379	1436646679
348,490;125,173;408,282	161,400;387,361;74,198	703	1436646685
165,353;21,269;375,230	287,81;243,411;390,445	777	1436646691
302,153;253,50;22,320	30,70;483,280;317,372	743	1436646696
43,236;379,412;248,230	288,191;458,362;476,58	664	1436646700
237,152;242,200;252,74	344,463;344,100;43,296	989	1436646705
302,153;253,50;22,320	291,330;184,251;449,209	993	1436646712
149,202;405,197;237,458	338,458;143,92;81,435	875	1436646717
52,26;29,219;430,354	260,254;424,125;76,137	938	1436646722
387,167;426,231;259,253	331,258;372,387;250,84	933	1436646727
83,486;84,230;32,399	343,334;272,300;326,248	961	1436646733
223,126;340,163;87,453	303,264;60,108;290,28	890	1436646737
367,14;142,80;418,272	335,20;184,106;127,358	804	1436646742
82,149;59,68;456,270	15,289;200,130;372,221	980	1436646746
163,62;52,204;431,228	112,22;74,480;217,291	919	1436646751
364,51;285,186;307,431	167,178;272,140;344,249	898	1436646755
345,271;35,466;332,304	62,117;405,304;117,132	51	1436646760
62,93;462,421;174,258	352,218;457,197;212,383	907	1436646765
41,127;285,139;352,176	61,201;125,230;220,234	221	1436646770
242,113;191,118;265,35	368,482;347,61;398,24	957	1436646774
47,391;148,373;38,126	281,362;194,29;475,61	741	1436646779
128,117;70,485;43,73	126,298;448,190;395,353	874	1436646783
340,30;42,217;206,132	352,122;21,69;397,176	870	1436646788
347,119;193,213;98,56	450,330;191,207;377,214	561	1436646793
115,72;67,147;76,253	313,42;395,107;187,189	741	1436646798
50,312;460,337;35,192	50,312;460,337;35,192	0	1436646804
327,170;177,387;424,302	246,421;135,12;161,420	941	1436646809
51,207;342,471;103,232	142,486;260,262;414,95	437	1436646813
25,366;463,113;459,357	216,130;125,370;129,303	998	1436646818
5D4z6N368