136	R	0.0.0.0	1436647145
86,169;120,216;436,399	144,391;208,137;457,168	892	1436647410
86,78;211,107;147,483	300,72;222,477;113,110	442	1436647423
42,319;93,132;46,412	429,92;312,197;119,197	903	1436647447
321,361;415,193;224,237	321,361;415,193;224,237	0	1436647458
213,263;455,213;370,59	177,372;447,44;475,193	482	1436647470
280,308;219,21;355,351	311,180;66,426;446,166	444	1436647484
472,215;100,255;419,377	452,116;233,398;149,192	104	1436647500
44,216;18,283;221,415	224,384;268,350;138,244	476	1436647508
215,192;480,472;474,272	390,132;488,269;128,343	535	1436647523
391,41;216,359;395,193	281,483;58,279;356,134	798	1436647530
323,49;351,327;93,154	447,297;290,60;33,292	442	1436647545
481,56;312,344;239,412	204,50;471,139;29,408	946	1436647553
83,486;84,230;32,399	177,319;379,214;244,226	490	1436647563
345,271;35,466;332,304	62,117;405,304;117,132	116	1436647577
121,381;321,89;390,224	94,245;303,334;143,100	483	1436647595
281,73;467,484;142,73	14,241;210,315;439,27	495	1436647602
138,108;436,99;326,436	171,450;125,371;275,74	744	1436647610
238,224;430,459;354,20	222,61;94,426;439,408	571	1436647621
373,324;291,141;337,474	273,366;342,231;285,43	118	1436647635
436,397;257,297;167,38	260,455;234,220;213,446	610	1436647645
73,428;373,473;471,190	238,256;399,87;388,75	994	1436647655
106,300;329,335;344,151	489,300;45,178;318,177	595	1436647664
339,139;437,263;235,235	72,96;473,45;477,208	731	1436647672
197,292;450,382;143,244	450,407;274,467;344,418	495	1436647679
50,230;454,95;53,165	383,361;348,154;436,443	544	1436647685
47,391;148,373;38,126	339,253;104,80;97,314	516	1436647692
426,423;260,418;118,450	424,126;211,242;434,92	514	1436647698
51,406;294,62;250,133	96,29;73,103;196,153	993	1436647706
40,488;398,229;233,412	285,384;291,90;268,187	452	1436647714
419,257;464,191;276,14	356,56;409,470;226,202	558	1436647725
434,46;256,333;263,59	224,354;23,433;11,355	568	1436647731
254,421;291,307;450,150	170,271;298,309;75,113	492	1436647738
47,391;148,373;38,126	487,109;308,427;478,292	532	1436647748
429,135;424,178;288,358	67,190;450,359;467,354	468	1436647754
264,426;482,179;18,329	386,407;448,165;120,424	437	1436647766
347,119;193,213;98,56	12,136;325,324;17,423	389	1436647779
196,412;444,339;304,208	360,220;36,403;478,449	493	1436647789
43,236;379,412;248,230	294,258;469,379;215,250	555	1436647795
361,351;363,67;427,305	43,60;57,28;392,440	769	1436647802
328,478;105,100;94,196	48,250;333,219;402,214	989	1436647810
23,28;369,459;24,30	26,394;14,141;176,167	997	1436647816
355,200;121,189;99,258	150,114;26,72;465,59	494	1436647827
445,291;343,38;227,26	458,240;188,169;122,173	497	1436647835
426,423;260,418;118,450	76,100;136,375;102,250	495	1436647842
140,140;43,80;177,404	174,252;20,363;267,50	511	1436647849
259,12;379,60;30,391	259,12;379,60;30,391	0	1436647857
50,312;460,337;35,192	50,312;460,337;35,192	0	1436647864
472,215;100,255;419,377	329,180;355,399;421,462	551	1436647871
17,46;151,56;365,187	436,362;286,239;314,377	567	1436647878
362,41;51,173;393,50	166,431;401,81;407,16	383	1436647884
342,151;262,261;293,125	472,153;460,294;427,32	565	1436647893
270,294;104,251;304,394	102,327;285,199;153,118	572	1436647899
89,154;125,240;275,406	249,388;397,141;267,361	933	1436647916
133,370;453,60;421,272	169,26;415,144;84,175	493	1436647925
254,421;291,307;450,150	133,332;183,468;179,477	747	1436647931
436,397;257,297;167,38	437,269;270,410;288,485	554	1436647937
367,14;142,80;418,272	335,20;184,106;127,358	534	1436647945
254,421;291,307;450,150	193,354;32,339;69,353	475	1436647956
189,121;280,193;273,219	370,67;394,134;430,51	540	1436647964
98,206;379,52;379,157	479,169;338,341;58,46	294	1436647971
21,405;209,205;68,213	171,346;112,327;449,130	574	1436647977
286,231;110,81;295,60	243,23;164,228;258,314	576	1436647982
309,341;144,310;36,277	232,184;249,59;287,19	558	1436647989
163,62;52,204;431,228	337,290;479,52;342,482	515	1436647994
409,309;346,134;12,156	474,210;83,46;129,384	505	1436648002
83,486;84,230;32,399	273,13;370,186;485,205	319	1436648009
302,153;253,50;22,320	312,96;67,311;453,89	498	1436648015
347,119;193,213;98,56	27,489;58,320;37,325	879	1436648023
369,11;470,267;204,71	248,161;392,315;65,307	512	1436648031
15,98;261,151;132,185	247,157;258,306;155,472	497	1436648037
430,321;167,177;252,84	456,340;310,421;284,399	478	1436648046
466,106;19,393;33,149	112,242;146,287;475,378	540	1436648052
56,410;235,188;70,347	194,167;152,168;472,479	480	1436648058
109,351;367,293;437,210	131,222;173,57;490,412	479	1436648065
426,423;260,418;118,450	277,431;48,272;464,88	621	1436648070
348,115;438,274;26,142	392,424;92,443;211,269	516	1436648085
89,154;125,240;275,406	162,69;206,234;196,156	425	1436648092
361,351;363,67;427,305	367,457;486,357;299,14	8	1436648099
166,53;129,52;467,331	213,169;69,300;362,12	645	1436648114
76,347;113,369;99,460	203,343;248,145;399,225	495	1436648126
67,215;473,407;217,122	381,312;488,427;488,198	507	1436648132
426,423;260,418;118,450	376,74;375,49;376,294	855	1436648143
364,51;285,186;307,431	167,178;272,140;344,249	507	1436648150
134,410;95,29;379,475	232,49;179,328;95,51	515	1436648155
31,293;346,471;175,27	129,77;87,437;30,16	551	1436648165
393,141;234,36;161,63	470,97;94,277;242,175	652	1436648169
160,405;214,119;331,69	293,324;261,351;356,143	469	1436648177
333,414;105,206;131,489	488,282;29,281;320,353	530	1436648185
50,262;192,249;101,402	450,470;73,51;116,17	698	1436648203
237,152;242,200;252,74	366,271;477,180;246,285	416	1436648213
196,412;444,339;304,208	361,369;180,243;300,455	497	1436648218
169,488;480,342;209,212	353,425;465,429;248,125	558	1436648224
430,321;167,177;252,84	29,170;11,345;247,32	528	1436648230
396,80;161,248;281,51	31,120;258,159;465,394	457	1436648237
350,428;81,399;260,182	171,443;337,465;436,378	495	1436648243
27,166;224,232;336,184	391,283;58,403;480,57	286	1436648252
434,46;256,333;263,59	108,74;124,461;411,286	475	1436648259
367,14;142,80;418,272	325,86;420,488;198,344	197	1436648265
215,192;480,472;474,272	406,115;234,98;415,404	95	1436648279
267,213;172,251;111,274	19,24;307,369;449,196	989	1436648286
76,358;489,417;96,438	304,349;452,146;392,378	151	1436648292
443,321;153,388;404,266	96,449;130,163;60,168	196	1436648298
64,471;460,96;458,377	254,158;397,78;475,205	464	1436648302
76,358;489,417;96,438	309,385;380,246;380,489	555	1436648322
361,351;363,67;427,305	335,63;182,298;85,207	473	1436648328
268,398;482,170;216,312	397,199;487,312;470,115	519	1436648338
344,160;213,36;64,343	229,32;407,376;474,280	474	1436648344
348,115;438,274;26,142	120,490;423,171;112,339	488	1436648351
340,30;42,217;206,132	356,240;396,297;349,336	788	1436648357
149,202;405,197;237,458	338,458;143,92;81,435	482	1436648363
243,191;373,142;16,199	191,377;337,179;475,241	421	1436648492
309,341;144,310;36,277	463,348;35,446;369,434	604	1436648499
347,119;193,213;98,56	36,36;334,213;207,357	453	1436648506
386,280;34,158;298,448	82,443;359,14;194,246	638	1436648514
320,214;302,129;101,275	68,72;475,448;330,378	681	1436648521
196,412;444,339;304,208	60,215;244,102;329,370	293	1436648538
348,101;67,161;463,403	317,487;71,165;334,274	458	1436648544
391,201;219,313;460,382	58,431;268,280;39,148	338	1436648550
11,134;385,226;424,132	231,348;223,231;148,350	710	1436648555
361,351;363,67;427,305	404,337;419,464;157,189	432	1436648561
281,293;134,442;28,68	92,120;240,335;345,231	143	1436648567
170,282;19,150;172,192	443,459;144,338;326,91	541	1436648572
107,285;152,322;92,204	196,24;209,109;373,380	491	1436648577
256,408;314,170;433,38	344,54;315,348;147,297	596	1436648582
264,426;482,179;18,329	335,463;18,267;342,34	410	1436648588
76,358;489,417;96,438	199,120;467,107;428,16	290	1436648603
86,258;40,66;466,346	416,326;22,157;476,430	488	1436648610
106,64;466,431;23,193	456,421;191,472;190,220	591	1436648614
228,346;404,478;320,21	76,470;230,161;361,330	495	1436648623
281,293;134,442;28,68	28,184;489,71;236,74	589	1436648628
62,93;462,421;174,258	352,218;457,197;212,383	439	1436648634
152,382;108,173;343,487	376,139;108,70;64,292	497	1436648641
398,474;21,332;153,380	398,474;21,332;153,380	0	1436648649
196,412;444,339;304,208	47,220;276,365;376,276	489	1436648654
50,230;454,95;53,165	160,342;198,294;109,399	1000	1436648662
4C7t7M471