136	L	0.0.0.0	1436646061
86,169;120,216;436,399	144,391;208,137;457,168	911	1436646159
86,78;211,107;147,483	300,72;222,477;113,110	406	1436646176
42,319;93,132;46,412	429,92;312,197;119,197	802	1436646187
321,361;415,193;224,237	321,361;415,193;224,237	0	1436646199
213,263;455,213;370,59	177,372;447,44;475,193	577	1436646211
280,308;219,21;355,351	311,180;66,426;446,166	356	1436646225
83,486;84,230;32,399	140,436;402,71;233,342	844	1436646233
214,408;96,75;97,390	20,34;480,83;321,21	753	1436646246
14,381;248,59;194,65	281,22;334,21;231,143	953	1436646255
163,62;52,204;431,228	136,412;288,476;286,31	616	1436646264
323,109;284,17;198,117	93,247;407,318;459,177	824	1436646272
264,426;482,179;18,329	251,124;295,348;58,204	616	1436646279
434,46;256,333;263,59	337,54;27,121;399,317	583	1436646289
194,153;200,127;484,25	286,488;163,153;304,480	314	1436646303
17,46;151,56;365,187	206,56;382,367;443,376	395	1436646312
50,230;454,95;53,165	254,476;446,66;482,67	603	1436646319
94,322;203,172;357,266	432,462;375,58;140,429	661	1436646325
56,165;350,184;51,232	306,413;200,148;41,329	783	1436646335
436,397;257,297;167,38	256,191;268,278;260,158	960	1436646343
281,293;134,442;28,68	62,96;62,35;31,196	923	1436646352
347,119;193,213;98,56	172,386;26,90;417,53	761	1436646359
259,224;47,487;283,155	306,353;284,315;155,223	669	1436646367
281,293;134,442;28,68	132,317;289,123;402,288	634	1436646374
228,327;256,477;269,351	143,219;277,325;480,60	791	1436646381
163,62;52,204;431,228	429,121;201,413;387,35	711	1436646389
54,357;250,374;174,378	417,450;446,472;95,69	945	1436646395
52,49;59,407;345,63	463,49;412,375;49,88	410	1436646407
374,59;242,356;173,349	459,388;378,413;290,230	758	1436646414
415,162;135,449;331,60	183,291;66,456;432,283	557	1436646420
76,347;113,369;99,460	211,180;194,339;24,108	858	1436646426
468,284;463,177;198,227	174,370;320,35;119,159	545	1436646433
378,164;126,320;12,79	413,444;392,190;58,449	401	1436646441
361,351;363,67;427,305	307,199;340,405;210,19	640	1436646447
340,30;42,217;206,132	73,480;193,216;212,306	667	1436646453
232,355;40,419;462,92	444,153;223,419;84,305	652	1436646459
282,28;485,294;58,277	181,303;226,54;67,287	739	1436646466
242,113;191,118;265,35	368,482;347,61;398,24	913	1436646471
367,14;142,80;418,272	418,177;433,249;441,104	855	1436646478
296,184;155,486;241,445	35,415;324,258;429,159	681	1436646484
47,391;148,373;38,126	354,311;306,25;134,88	705	1436646492
67,215;473,407;217,122	464,311;452,37;149,224	654	1436646499
47,391;148,373;38,126	436,490;351,295;146,246	572	1436646506
347,119;193,213;98,56	333,345;143,109;212,31	613	1436646517
367,14;142,80;418,272	354,423;124,432;71,95	358	1436646524
132,448;325,227;137,345	450,34;211,338;457,364	652	1436646532
246,461;276,13;198,279	220,126;279,449;443,355	631	1436646542
445,291;343,38;227,26	458,240;188,169;122,173	829	1436646551
264,426;482,179;18,329	264,185;451,180;323,384	652	1436646559
367,14;142,80;418,272	333,250;183,121;198,246	668	1436646567
426,423;260,418;118,450	28,194;110,340;284,188	905	1436646574
391,41;216,359;395,193	270,279;137,78;15,288	798	1436646598
179,16;147,327;112,363	190,17;390,296;26,408	914	1436646606
302,153;253,50;22,320	304,184;98,180;176,221	845	1436646613
309,127;425,438;292,458	449,40;382,489;318,321	694	1436646619
67,215;473,407;217,122	138,37;116,210;363,66	762	1436646626
208,91;333,381;338,127	94,375;247,323;240,259	796	1436646634
24,60;486,339;244,389	134,32;202,140;364,443	980	1436646642
103,177;332,205;397,68	322,440;218,321;284,298	787	1436646649
102,118;102,245;165,280	389,309;281,369;315,414	348	1436646655
382,444;23,433;417,478	339,19;261,393;370,79	457	1436646663
108,418;221,203;58,133	152,440;353,99;164,275	622	1436646669
16,165;142,486;443,332	388,17;51,487;278,339	763	1436646676
89,154;125,240;275,406	382,268;464,29;226,430	782	1436646684
49,32;361,67;69,157	62,148;255,128;268,323	359	1436646690
149,207;426,247;34,439	44,332;170,113;432,213	80	1436646698
337,274;246,466;448,485	406,454;347,218;92,304	396	1436646703
76,358;489,417;96,438	208,290;21,387;279,243	771	1436646709
398,474;21,332;153,380	398,474;21,332;153,380	0	1436646718
115,72;67,147;76,253	310,341;310,251;256,425	271	1436646727
14,381;248,59;194,65	428,16;25,366;392,271	893	1436646735
419,40;334,89;211,353	52,367;363,174;336,125	878	1436646742
115,317;220,111;313,259	116,203;54,278;128,271	796	1436646750
204,39;272,205;439,280	282,203;476,453;104,54	782	1436646758
20,476;320,470;204,281	26,139;320,109;241,312	774	1436646764
207,266;78,196;470,326	323,56;341,235;343,70	908	1436646771
23,28;369,459;24,30	357,216;424,202;275,240	1000	1436646778
44,216;18,283;221,415	325,65;249,391;164,231	816	1436646784
134,338;22,407;26,111	363,17;207,118;453,451	777	1436646791
35,425;89,233;175,236	199,360;179,12;141,298	696	1436646796
16,394;451,86;303,220	232,325;114,469;337,42	766	1436646802
95,62;424,16;22,167	383,41;124,296;297,65	602	1436646809
302,153;253,50;22,320	48,418;440,107;42,423	744	1436646815
361,351;363,67;427,305	217,346;367,361;22,441	717	1436646822
27,166;224,232;336,184	391,283;58,403;480,57	767	1436646828
342,279;99,116;100,391	147,399;22,33;255,121	358	1436646834
352,411;192,202;84,269	299,117;198,84;286,370	315	1436646842
480,200;18,58;163,93	119,57;432,331;335,31	908	1436646848
76,347;113,369;99,460	211,426;484,161;386,345	769	1436646854
286,435;204,342;106,472	373,36;49,462;158,383	861	1436646860
17,46;151,56;365,187	301,28;243,373;172,162	806	1436646866
22,234;410,399;65,307	258,114;81,46;341,182	741	1436646872
436,397;257,297;167,38	338,107;374,277;449,383	766	1436646879
379,367;389,486;438,450	330,300;289,61;489,109	636	1436646885
347,119;193,213;98,56	70,245;489,285;126,489	351	1436646892
428,58;228,125;188,159	239,53;232,25;135,411	711	1436646898
67,215;473,407;217,122	15,395;157,371;305,487	347	1436646905
436,397;257,297;167,38	467,246;140,76;146,172	576	1436646915
35,425;89,233;175,236	193,379;423,63;314,405	612	1436646921
57,110;252,318;284,70	104,252;33,341;204,102	803	1436646927
231,143;446,21;348,467	250,416;470,89;198,206	637	1436646934
288,255;363,115;201,424	187,175;215,216;37,396	771	1436646939
451,398;119,210;123,346	192,235;479,231;441,155	308	1436646945
189,426;195,70;377,212	66,13;288,354;487,31	411	1436646951
187,192;263,30;40,425	71,279;49,278;302,173	694	1436646956
62,220;14,175;192,33	282,207;397,234;117,312	386	1436646961
76,347;113,369;99,460	222,72;276,93;189,27	638	1436646967
259,12;379,60;30,391	259,12;379,60;30,391	32	1436646975
76,358;489,417;96,438	94,53;484,222;281,202	613	1436646986
380,204;304,39;187,259	319,265;452,462;178,466	318	1436646992
220,362;198,118;62,429	54,51;150,412;271,335	468	1436646998
395,287;467,308;414,224	439,160;476,397;25,329	831	1436647010
299,87;198,274;274,328	414,261;391,172;183,337	346	1436647016
447,232;88,373;441,389	395,299;301,98;309,73	719	1436647021
341,420;62,464;465,269	401,360;77,185;481,350	649	1436647027
338,473;283,193;282,329	459,226;363,327;285,116	676	1436647032
149,371;292,41;156,153	246,348;397,399;244,48	736	1436647037
143,416;251,125;313,232	25,468;286,218;141,197	212	1436647043
132,375;263,217;217,424	254,335;365,130;377,162	644	1436647051
300,232;230,83;30,223	60,209;170,421;211,15	606	1436647057
77,378;218,284;101,337	406,250;366,260;444,118	359	1436647063
288,255;363,115;201,424	481,420;12,38;240,400	869	1436647074
50,312;460,337;35,192	50,312;460,337;35,192	88	1436647080
157,134;260,433;105,251	341,172;45,346;266,205	809	1436647086
348,115;438,274;26,142	30,383;409,131;142,124	324	1436647093
44,216;18,283;221,415	429,50;88,288;197,125	586	1436647102
44,216;18,283;221,415	476,244;440,227;278,275	802	1436647110
105,141;402,394;353,201	270,460;12,459;476,110	676	1436647116
317,27;349,63;431,383	232,370;153,52;443,252	896	1436647122
76,347;113,369;99,460	166,305;392,212;317,95	880	1436647129
149,472;373,24;339,29	97,321;57,276;126,36	887	1436647135
266,481;284,70;235,307	97,408;105,245;454,49	799	1436647142
79,322;231,470;128,33	16,488;395,435;54,177	689	1436647148
106,64;466,431;23,193	210,241;300,108;298,460	707	1436647153
252,19;102,121;202,293	485,101;431,411;120,158	330	1436647160
327,170;177,387;424,302	246,421;135,12;161,420	782	1436647165
4B5w7K371