136	R	0.0.0.0	1436646596
86,169;120,216;436,399	144,391;208,137;457,168	1000	1436646686
86,78;211,107;147,483	300,72;222,477;113,110	493	1436646704
42,319;93,132;46,412	429,92;312,197;119,197	1000	1436646716
321,361;415,193;224,237	321,361;415,193;224,237	0	1436646727
213,263;455,213;370,59	177,372;447,44;475,193	843	1436646738
280,308;219,21;355,351	311,180;66,426;446,166	490	1436646749
47,391;148,373;38,126	395,238;316,48;165,402	660	1436646763
434,46;256,333;263,59	82,63;245,26;421,383	566	1436646772
342,268;484,140;467,174	448,115;327,426;416,144	761	1436646781
391,41;216,359;395,193	425,326;390,357;31,311	1000	1436646790
348,115;438,274;26,142	17,391;471,168;308,252	1000	1436646797
255,259;442,368;388,356	344,67;373,293;393,324	72	1436646806
23,28;369,459;24,30	118,144;404,248;143,59	1000	1436646814
438,131;341,374;85,227	193,458;331,324;406,447	436	1436646824
361,351;363,67;427,305	98,147;90,140;35,432	1000	1436646834
307,19;466,113;431,378	382,34;278,420;275,148	348	1436646842
47,391;148,373;38,126	292,157;207,20;366,111	406	1436646850
67,215;473,407;217,122	270,156;442,34;446,293	984	1436646878
111,81;245,377;443,191	60,406;315,13;324,334	550	1436646887
445,310;299,222;290,245	262,173;187,107;82,335	998	1436646894
429,386;132,306;26,69	256,274;44,94;316,310	999	1436646901
76,314;471,20;263,186	395,41;46,381;61,415	469	1436646910
254,421;291,307;450,150	170,271;298,309;75,113	460	1436646918
312,344;478,390;191,459	163,268;212,449;221,251	999	1436646926
89,154;125,240;275,406	148,64;330,84;163,259	1000	1436646935
339,159;237,88;26,151	93,349;293,392;290,194	941	1436646942
50,312;460,337;35,192	50,312;460,337;35,192	0	1436646950
84,95;168,25;195,325	288,366;96,284;480,234	648	1436646957
76,347;113,369;99,460	281,118;220,234;13,423	1000	1436646966
14,381;248,59;194,65	233,332;461,68;325,487	1000	1436647006
440,223;88,407;289,158	181,414;232,130;325,282	903	1436647013
47,391;148,373;38,126	24,294;178,258;312,66	840	1436647019
165,353;21,269;375,230	21,15;347,50;209,320	920	1436647026
426,423;260,418;118,450	223,393;291,283;177,148	994	1436647032
426,423;260,418;118,450	395,155;378,170;17,36	1000	1436647038
201,421;50,133;483,266	165,272;319,76;352,346	151	1436647046
43,236;379,412;248,230	280,115;241,18;93,324	458	1436647057
328,478;105,100;94,196	48,250;333,219;402,214	1000	1436647065
94,322;203,172;357,266	346,358;489,130;479,419	796	1436647071
163,62;52,204;431,228	281,114;79,227;437,363	117	1436647078
267,393;373,27;477,407	26,269;146,49;211,432	970	1436647086
223,282;25,193;74,245	266,354;311,275;440,279	991	1436647092
451,398;119,210;123,346	453,350;411,73;282,398	959	1436647098
398,474;21,332;153,380	398,474;21,332;153,380	0	1436647106
94,322;203,172;357,266	16,176;269,168;464,452	984	1436647113
124,345;201,455;325,98	418,284;454,42;176,179	998	1436647120
254,421;291,307;450,150	397,188;262,403;452,446	1000	1436647129
33,38;440,472;482,48	486,451;42,45;202,477	623	1436647138
94,322;203,172;357,266	261,488;333,161;445,213	994	1436647145
27,166;224,232;336,184	449,326;241,228;433,196	987	1436647151
45,151;305,204;352,116	469,212;115,99;377,402	527	1436647157
95,424;213,481;367,250	107,485;469,93;210,462	1000	1436647163
434,46;256,333;263,59	324,63;195,296;51,277	502	1436647172
196,412;444,339;304,208	471,57;76,353;53,84	634	1436647179
35,425;89,233;175,236	348,377;199,334;14,41	1000	1436647187
215,27;219,183;455,63	357,374;24,11;389,151	502	1436647194
325,147;483,209;178,231	252,56;286,395;400,316	999	1436647200
171,249;16,74;392,139	12,174;381,187;462,49	502	1436647207
157,447;334,279;341,447	387,57;72,34;12,408	498	1436647216
437,319;434,366;263,222	450,159;169,324;451,128	1000	1436647224
288,255;363,115;201,424	101,285;64,310;319,15	1000	1436647232
391,41;216,359;395,193	32,340;85,208;411,101	499	1436647239
325,127;61,12;38,369	392,217;302,129;333,407	580	1436647246
35,425;89,233;175,236	477,446;300,278;346,173	263	1436647256
149,207;426,247;34,439	108,192;134,376;393,489	502	1436647265
17,46;151,56;365,187	37,117;95,440;38,338	499	1436647276
42,192;149,245;254,417	477,38;268,438;205,341	999	1436647284
101,322;357,102;364,92	297,436;139,126;156,184	1000	1436647291
348,392;211,473;351,51	134,327;221,114;241,340	712	1436647300
144,409;41,15;104,154	24,392;267,148;307,112	1000	1436647306
309,23;360,111;406,300	203,442;477,266;433,344	1000	1436647313
56,486;275,94;235,264	441,359;244,113;247,23	676	1436647320
15,141;480,432;353,450	253,188;17,126;395,131	1000	1436647328
288,255;363,115;201,424	305,485;182,85;157,26	923	1436647335
17,46;151,56;365,187	402,427;51,427;54,191	1000	1436647342
430,321;167,177;252,84	157,280;261,174;50,217	954	1436647348
154,238;467,70;310,310	21,280;357,68;284,308	40	1436647359
254,421;291,307;450,150	298,213;426,403;207,41	1000	1436647365
14,381;248,59;194,65	301,128;176,120;343,66	1000	1436647372
302,153;253,50;22,320	426,312;254,290;354,16	657	1436647379
259,12;379,60;30,391	259,12;379,60;30,391	0	1436647386
76,358;489,417;96,438	220,280;459,37;441,371	1000	1436647392
361,351;363,67;427,305	60,425;164,441;376,37	686	1436647399
358,176;450,27;11,430	181,171;484,489;31,125	272	1436647407
434,46;256,333;263,59	277,145;466,104;296,424	3	1436647415
154,238;467,70;310,310	340,139;245,145;422,344	435	1436647421
41,280;16,149;382,372	267,33;112,235;100,418	759	1436647429
50,230;454,95;53,165	160,342;198,294;109,399	1000	1436647435
304,210;89,337;471,72	174,401;205,11;218,97	516	1436647448
242,12;127,31;373,156	91,34;248,260;460,393	848	1436647455
316,172;14,415;143,408	320,277;54,436;123,340	780	1436647462
21,264;421,164;334,488	426,74;157,126;225,390	55	1436647470
232,77;347,330;107,108	489,127;413,463;77,445	538	1436647477
486,420;466,135;48,26	297,19;406,469;218,187	498	1436647489
146,28;27,198;133,475	465,407;135,93;452,463	1000	1436647495
312,423;145,130;100,326	456,205;301,154;94,200	498	1436647503
50,230;454,95;53,165	79,389;344,423;354,302	1000	1436647511
336,164;338,255;166,164	190,35;59,294;396,294	962	1436647518
50,230;454,95;53,165	190,353;360,159;461,146	498	1436647525
324,14;418,79;322,368	485,29;306,63;71,275	675	1436647531
134,15;380,375;383,339	294,88;143,454;265,180	1000	1436647540
163,62;52,204;431,228	220,266;335,228;87,247	933	1436647550
202,377;108,149;59,131	421,113;473,101;488,30	1000	1436647557
106,64;466,431;23,193	231,19;154,50;150,347	507	1436647564
213,68;66,331;300,78	467,140;332,112;18,302	502	1436647572
347,465;436,31;226,388	152,280;176,363;218,447	1000	1436647580
378,164;126,320;12,79	413,444;392,190;58,449	0	1436647588
17,46;151,56;365,187	32,130;265,155;80,116	822	1436647594
50,230;454,95;53,165	441,212;277,278;20,462	1000	1436647602
391,129;343,198;210,101	398,213;469,295;197,183	933	1436647611
366,366;127,372;437,381	443,117;392,169;17,294	806	1436647616
490,119;49,104;145,447	181,439;292,409;159,235	945	1436647622
143,253;192,483;17,377	205,466;392,63;67,64	1000	1436647633
430,321;167,177;252,84	24,364;344,176;17,110	1000	1436647641
13,192;425,270;319,446	394,262;208,481;137,199	860	1436647649
345,44;114,357;248,273	436,126;298,183;392,189	1000	1436647655
398,113;161,279;464,128	63,150;466,239;337,187	662	1436647663
426,423;260,418;118,450	233,108;445,400;311,184	459	1436647669
119,484;412,308;426,104	60,184;124,51;442,382	0	1436647676
163,62;52,204;431,228	413,43;155,136;216,415	296	1436647683
94,73;238,249;482,62	59,295;132,344;353,138	855	1436647689
178,99;11,313;378,48	468,200;186,433;485,423	983	1436647695
470,261;227,200;420,313	330,250;54,343;466,240	855	1436647702
60,251;418,393;465,310	275,188;411,266;298,361	991	1436647708
412,340;245,260;95,76	329,186;251,20;411,208	963	1436647715
361,351;363,67;427,305	307,199;340,405;210,19	944	1436647720
147,359;456,24;487,165	254,211;393,401;118,307	920	1436647728
302,153;253,50;22,320	424,44;270,476;50,99	883	1436647734
472,215;100,255;419,377	461,214;477,318;221,146	295	1436647740
163,62;52,204;431,228	345,79;422,369;26,221	283	1436647747
472,83;362,33;42,272	26,485;383,468;440,335	253	1436647754
115,317;220,111;313,259	116,203;54,278;128,271	342	1436647762
27,166;224,232;336,184	316,178;310,226;381,240	880	1436647768
196,412;444,339;304,208	231,393;218,80;193,459	1000	1436647774
76,399;70,277;410,190	484,213;244,59;361,417	837	1436647781
3C3x7N785