136	R	0.0.0.0	1436646103
86,169;120,216;436,399	144,391;208,137;457,168	737	1436646207
86,78;211,107;147,483	300,72;222,477;113,110	426	1436646254
42,319;93,132;46,412	429,92;312,197;119,197	532	1436646265
321,361;415,193;224,237	321,361;415,193;224,237	0	1436646275
213,263;455,213;370,59	177,372;447,44;475,193	414	1436646283
280,308;219,21;355,351	311,180;66,426;446,166	449	1436646295
342,151;262,261;293,125	472,153;460,294;427,32	559	1436646304
256,408;314,170;433,38	344,54;315,348;147,297	631	1436646311
396,80;161,248;281,51	31,120;258,159;465,394	602	1436646317
154,238;467,70;310,310	77,49;317,26;422,471	378	1436646327
437,319;434,366;263,222	38,265;63,229;168,153	592	1436646334
163,62;52,204;431,228	316,374;207,102;416,29	396	1436646344
44,216;18,283;221,415	11,105;338,414;32,31	370	1436646351
460,478;252,489;20,253	483,72;384,328;421,216	969	1436646359
115,407;173,452;259,205	286,168;377,162;458,324	352	1436646374
436,397;257,297;167,38	238,58;277,277;487,45	634	1436646382
44,216;18,283;221,415	450,437;128,100;242,365	620	1436646390
152,401;452,425;342,253	417,317;151,31;358,79	434	1436646400
95,249;294,15;97,465	199,228;30,231;138,397	589	1436646410
257,356;335,18;354,345	55,59;58,90;405,177	461	1436646419
94,322;203,172;357,266	382,420;78,286;171,161	362	1436646425
115,72;67,147;76,253	109,135;81,252;118,175	464	1436646432
237,152;242,200;252,74	216,303;76,251;412,435	478	1436646444
398,474;21,332;153,380	398,474;21,332;153,380	0	1436646452
48,339;193,331;373,396	151,451;470,205;181,403	426	1436646459
347,119;193,213;98,56	482,237;484,385;84,336	398	1436646468
44,216;18,283;221,415	392,35;399,227;435,238	401	1436646475
78,49;51,344;355,483	260,445;30,382;299,372	438	1436646482
305,104;59,376;250,409	438,169;219,69;386,479	386	1436646489
335,299;416,204;213,295	286,211;72,227;360,419	431	1436646496
254,421;291,307;450,150	84,358;417,247;53,405	419	1436646503
125,195;62,374;476,49	37,235;287,488;309,276	613	1436646510
43,236;379,412;248,230	419,195;151,95;289,444	438	1436646516
40,488;398,229;233,412	285,384;291,90;268,187	449	1436646524
358,362;104,35;155,195	210,386;451,178;84,446	452	1436646532
361,351;363,67;427,305	23,194;24,183;305,416	553	1436646544
450,358;17,232;64,311	341,286;309,367;153,153	367	1436646551
47,391;148,373;38,126	81,208;204,384;279,25	605	1436646563
309,341;144,310;36,277	71,359;88,448;147,267	983	1436646578
244,342;60,435;47,354	457,474;160,187;265,341	943	1436646589
237,152;242,200;252,74	344,463;344,100;43,296	995	1436646600
40,95;57,247;295,438	291,394;48,294;262,356	221	1436646612
47,391;148,373;38,126	67,348;248,327;285,192	232	1436646623
115,72;67,147;76,253	186,212;54,48;355,365	994	1436646633
27,166;224,232;336,184	280,409;187,89;207,174	986	1436646640
339,159;237,88;26,151	93,349;293,392;290,194	393	1436646648
472,215;100,255;419,377	138,278;265,22;469,390	30	1436646657
321,369;13,409;17,19	449,248;273,65;308,342	6	1436646665
472,215;100,255;419,377	452,116;233,398;149,192	23	1436646674
55,14;304,357;283,57	467,295;429,21;134,200	47	1436646682
367,14;142,80;418,272	142,140;431,86;253,344	8	1436646688
154,238;467,70;310,310	439,30;69,384;272,209	997	1436646697
101,322;357,102;364,92	297,436;139,126;156,184	994	1436646705
115,72;67,147;76,253	436,320;52,474;238,323	655	1436646720
76,358;489,417;96,438	178,339;126,127;368,361	708	1436646727
76,358;489,417;96,438	58,296;415,308;120,364	2	1436646735
106,64;466,431;23,193	151,115;17,161;476,113	930	1436646743
428,58;228,125;188,159	227,105;212,192;410,489	275	1436646751
85,41;159,135;381,82	110,114;175,252;442,242	17	1436646757
426,423;260,418;118,450	376,74;375,49;376,294	994	1436646766
165,353;21,269;375,230	430,392;348,364;388,411	102	1436646775
182,111;442,395;269,211	381,351;240,131;342,405	983	1436646781
428,58;228,125;188,159	309,415;211,281;42,118	702	1436646786
140,90;287,464;97,151	328,240;212,129;176,154	211	1436646797
47,391;148,373;38,126	168,96;60,246;398,283	877	1436646806
215,74;161,202;355,181	234,272;48,228;83,76	223	1436646813
324,14;418,79;322,368	485,29;306,63;71,275	329	1436646821
281,293;134,442;28,68	287,302;244,127;475,260	863	1436646830
168,198;60,342;459,39	128,368;36,103;14,422	776	1436646838
89,154;125,240;275,406	466,24;397,444;481,27	732	1436646845
35,425;89,233;175,236	348,377;199,334;14,41	323	1436646852
17,287;22,259;370,116	328,387;489,214;127,187	976	1436646861
132,173;72,359;17,327	359,401;198,198;149,341	982	1436646869
426,423;260,418;118,450	223,393;291,283;177,148	898	1436646877
198,254;298,311;401,489	450,168;65,380;450,239	735	1436646885
348,115;438,274;26,142	17,391;471,168;308,252	1000	1436646892
436,397;257,297;167,38	188,179;126,406;37,85	780	1436646899
135,41;460,109;390,41	134,365;267,341;184,252	839	1436646907
268,398;482,170;216,312	397,199;487,312;470,115	749	1436646914
434,46;256,333;263,59	201,144;389,113;203,128	954	1436646921
50,230;454,95;53,165	361,116;292,465;126,349	755	1436646928
218,109;361,185;123,379	409,197;16,355;259,390	822	1436646936
56,362;170,211;301,300	393,61;455,232;274,429	770	1436646943
149,207;426,247;34,439	323,97;293,461;458,301	157	1436646950
367,14;142,80;418,272	346,169;182,115;20,330	206	1436646956
480,412;455,122;425,314	11,187;474,330;332,416	165	1436646962
52,26;29,219;430,354	260,254;424,125;76,137	918	1436646970
320,97;288,294;469,456	209,123;355,46;263,475	108	1436646975
330,440;137,289;287,176	454,235;282,114;70,250	329	1436646985
236,231;229,482;319,77	26,316;365,269;125,263	277	1436646991
485,255;389,269;456,207	378,427;368,309;47,44	921	1436647001
245,273;292,210;136,25	182,43;126,437;21,401	290	1436647008
77,378;218,284;101,337	48,360;209,335;312,375	202	1436647015
478,489;308,238;358,217	263,122;280,462;266,317	979	1436647021
94,322;203,172;357,266	223,330;48,29;377,70	913	1436647028
111,29;269,311;167,257	234,320;135,162;253,322	797	1436647036
451,373;25,40;475,153	134,407;177,69;304,304	789	1436647044
464,159;186,133;282,409	471,323;76,488;345,147	328	1436647049
50,230;454,95;53,165	255,475;77,181;85,46	138	1436647056
461,159;403,470;38,306	460,26;300,384;305,185	863	1436647063
259,12;379,60;30,391	259,12;379,60;30,391	9	1436647071
154,238;467,70;310,310	54,20;312,481;275,70	819	1436647078
334,455;189,415;255,165	440,175;477,202;40,74	948	1436647084
47,391;148,373;38,126	472,236;439,26;153,198	773	1436647091
306,23;165,490;189,173	226,489;440,88;380,246	804	1436647097
476,439;339,103;226,177	46,302;33,484;74,341	845	1436647105
78,266;16,264;145,269	412,169;296,133;362,152	287	1436647111
120,421;472,311;267,13	477,266;313,294;267,467	732	1436647119
254,421;291,307;450,150	314,237;450,147;69,272	334	1436647127
207,439;238,130;436,487	330,128;335,230;382,144	670	1436647134
486,420;466,135;48,26	414,257;126,184;344,133	290	1436647141
59,318;48,182;190,407	164,447;206,321;173,38	792	1436647171
149,207;426,247;34,439	202,158;197,450;230,450	26	1436647179
50,312;460,337;35,192	50,312;460,337;35,192	290	1436647185
44,179;314,88;380,211	217,96;46,429;288,333	322	1436647190
167,362;278,382;477,271	100,413;181,157;188,93	812	1436647196
109,13;349,298;369,22	170,455;275,40;240,365	316	1436647203
23,28;369,459;24,30	371,104;13,271;48,285	964	1436647209
436,397;257,297;167,38	64,266;328,270;463,207	343	1436647214
451,398;119,210;123,346	94,52;344,367;297,234	734	1436647221
44,216;18,283;221,415	119,205;152,42;196,217	720	1436647227
121,381;321,89;390,224	94,245;303,334;143,100	344	1436647232
480,34;163,141;419,170	421,355;242,45;403,276	308	1436647239
47,391;148,373;38,126	487,109;308,427;478,292	755	1436647247
106,64;466,431;23,193	456,421;191,472;190,220	314	1436647254
28,167;321,39;466,132	84,425;301,292;310,75	260	1436647260
55,76;362,79;238,213	153,295;92,202;475,318	329	1436647267
355,328;11,267;416,106	224,356;478,467;280,332	889	1436647274
457,300;287,284;452,148	256,63;290,452;129,110	680	1436647279
189,351;109,271;299,151	335,159;21,51;149,402	247	1436647285
281,293;134,442;28,68	232,360;125,310;279,86	655	1436647291
361,351;363,67;427,305	387,468;402,231;136,294	836	1436647297
67,215;473,407;217,122	236,474;411,292;398,434	874	1436647304
257,79;44,47;465,358	359,68;262,342;249,77	785	1436647311
27,166;224,232;336,184	64,151;246,239;426,312	946	1436647318
3D7w8L761