136	R	0.0.0.0	1436646631
86,169;120,216;436,399	144,391;208,137;457,168	1000	1436646818
86,78;211,107;147,483	300,72;222,477;113,110	64	1436646897
42,319;93,132;46,412	429,92;312,197;119,197	418	1436646910
321,361;415,193;224,237	321,361;415,193;224,237	0	1436646917
213,263;455,213;370,59	177,372;447,44;475,193	388	1436646949
280,308;219,21;355,351	311,180;66,426;446,166	38	1436646957
486,420;466,135;48,26	235,396;75,360;131,101	714	1436646965
451,398;119,210;123,346	192,235;479,231;441,155	176	1436646975
94,322;203,172;357,266	223,330;48,29;377,70	421	1436646981
106,428;236,364;244,331	118,33;253,299;389,40	1000	1436646988
361,351;363,67;427,305	86,34;104,71;377,248	652	1436646993
451,398;119,210;123,346	453,396;403,459;357,29	294	1436647001
271,397;134,362;370,247	118,345;23,480;148,406	223	1436647017
406,258;162,108;486,478	228,369;21,11;108,134	766	1436647025
94,322;203,172;357,266	464,88;411,455;303,61	573	1436647032
361,351;363,67;427,305	60,425;164,441;376,37	272	1436647038
165,353;21,269;375,230	414,274;13,386;58,470	655	1436647044
395,287;467,308;414,224	439,160;476,397;25,329	1000	1436647050
428,58;228,125;188,159	264,210;305,339;87,163	651	1436647058
361,351;363,67;427,305	154,149;177,317;172,325	1000	1436647064
106,64;466,431;23,193	210,241;300,108;298,460	609	1436647068
307,19;466,113;431,378	382,34;278,420;275,148	167	1436647073
332,231;247,283;74,485	79,324;255,360;107,332	1000	1436647078
347,119;193,213;98,56	434,27;176,227;414,424	120	1436647083
50,230;454,95;53,165	255,475;77,181;85,46	0	1436647088
209,383;61,43;158,83	186,34;366,308;229,26	113	1436647093
248,165;38,456;63,106	42,24;479,66;394,186	204	1436647097
230,109;490,407;42,65	403,134;312,109;401,419	337	1436647102
62,220;14,175;192,33	282,207;397,234;117,312	301	1436647110
115,317;220,111;313,259	116,203;54,278;128,271	280	1436647114
76,358;489,417;96,438	58,296;415,308;120,364	26	1436647119
394,122;428,303;486,266	343,451;368,423;96,382	207	1436647123
35,425;89,233;175,236	315,317;240,425;215,376	247	1436647128
430,321;167,177;252,84	217,193;358,104;254,49	275	1436647132
83,486;84,230;32,399	41,169;129,186;376,108	335	1436647137
391,41;216,359;395,193	281,483;58,279;356,134	644	1436647145
437,319;434,366;263,222	19,269;217,103;403,416	775	1436647151
447,83;485,459;160,469	145,292;204,47;480,245	193	1436647156
358,362;104,35;155,195	210,386;451,178;84,446	393	1436647160
242,307;222,412;123,230	381,394;267,248;95,393	426	1436647167
292,187;266,388;355,220	356,443;166,126;392,235	614	1436647171
131,240;276,317;442,73	478,387;470,97;33,263	267	1436647177
367,14;142,80;418,272	410,433;300,330;88,447	126	1436647181
206,38;452,472;82,271	442,102;222,170;357,461	0	1436647187
367,14;142,80;418,272	325,86;420,488;198,344	270	1436647191
361,351;363,67;427,305	381,14;471,402;346,225	828	1436647196
327,385;313,480;350,440	102,338;178,411;167,375	611	1436647202
259,12;379,60;30,391	259,12;379,60;30,391	0	1436647206
27,166;224,232;336,184	455,116;346,477;213,471	363	1436647212
472,215;100,255;419,377	233,86;185,483;97,233	776	1436647217
207,45;91,245;66,317	114,97;388,61;326,215	1000	1436647224
43,236;379,412;248,230	408,428;284,66;130,453	353	1436647229
35,425;89,233;175,236	414,118;466,27;51,210	385	1436647235
43,236;379,412;248,230	294,258;469,379;215,250	628	1436647240
288,255;363,115;201,424	38,438;474,40;150,427	1000	1436647246
27,166;224,232;336,184	391,283;58,403;480,57	630	1436647263
302,153;253,50;22,320	304,184;98,180;176,221	801	1436647269
163,62;52,204;431,228	281,114;79,227;437,363	172	1436647275
83,486;84,230;32,399	432,433;398,158;489,471	315	1436647279
254,421;291,307;450,150	426,276;161,251;326,173	601	1436647286
163,62;52,204;431,228	120,356;322,149;219,24	45	1436647291
452,73;249,298;142,362	253,211;133,155;11,109	381	1436647299
327,34;370,122;297,198	145,121;263,60;411,79	109	1436647306
438,408;105,179;31,56	286,472;286,382;188,250	236	1436647314
35,425;89,233;175,236	193,379;423,63;314,405	0	1436647319
436,397;257,297;167,38	260,455;234,220;213,446	823	1436647327
184,300;303,379;133,368	172,223;156,108;200,424	1000	1436647333
56,378;11,174;461,430	117,196;476,489;418,138	244	1436647340
296,456;489,49;273,334	310,474;162,104;406,322	280	1436647345
437,319;434,366;263,222	186,298;306,383;136,197	822	1436647349
220,320;197,212;287,275	21,253;220,58;401,264	120	1436647354
86,365;76,439;104,273	48,237;484,281;111,210	1000	1436647358
187,192;263,30;40,425	71,279;49,278;302,173	1000	1436647364
434,46;256,333;263,59	313,366;361,224;174,250	213	1436647370
67,215;473,407;217,122	134,144;301,475;373,116	49	1436647380
451,398;119,210;123,346	66,152;314,58;373,347	666	1436647386
439,365;425,63;231,182	215,151;445,373;184,459	101	1436647395
50,312;460,337;35,192	50,312;460,337;35,192	0	1436647399
436,397;257,297;167,38	338,107;374,277;449,383	308	1436647406
361,351;363,67;427,305	23,194;24,183;305,416	1000	1436647410
325,289;284,197;357,32	452,368;124,346;216,485	674	1436647419
437,319;434,366;263,222	359,335;198,472;343,228	204	1436647432
144,344;317,329;74,72	87,90;425,298;269,429	0	1436647439
472,215;100,255;419,377	200,68;149,406;80,234	1000	1436647453
106,64;466,431;23,193	195,437;14,369;330,128	204	1436647459
26,243;188,168;160,226	103,52;55,269;271,24	234	1436647464
434,46;256,333;263,59	489,222;11,295;342,12	134	1436647471
165,353;21,269;375,230	68,99;253,233;73,309	394	1436647478
288,255;363,115;201,424	433,268;483,159;482,381	1000	1436647482
309,341;144,310;36,277	254,198;138,388;303,117	475	1436647488
259,318;411,396;410,44	370,374;23,98;461,311	238	1436647493
23,28;369,459;24,30	266,197;451,377;218,169	618	1436647500
404,224;383,110;172,484	471,46;434,11;79,370	351	1436647512
391,129;343,198;210,101	398,213;469,295;197,183	329	1436647523
432,302;326,365;176,313	220,181;253,325;104,440	0	1436647530
43,236;379,412;248,230	227,161;93,409;487,89	0	1436647534
37,199;83,217;133,28	135,488;348,464;161,15	0	1436647539
165,353;21,269;375,230	384,115;189,477;80,480	749	1436647546
430,321;167,177;252,84	82,381;231,84;221,198	163	1436647556
47,391;148,373;38,126	180,87;344,176;185,488	0	1436647560
398,474;21,332;153,380	398,474;21,332;153,380	0	1436647564
340,30;42,217;206,132	28,487;477,292;462,308	810	1436647570
14,381;248,59;194,65	233,332;461,68;325,487	1000	1436647575
436,397;257,297;167,38	421,307;209,295;138,376	135	1436647584
367,14;142,80;418,272	346,169;182,115;20,330	170	1436647591
352,411;192,202;84,269	299,117;198,84;286,370	0	1436647595
17,30;288,209;313,126	136,321;421,423;327,472	0	1436647599
486,420;466,135;48,26	87,352;117,109;350,353	115	1436647604
417,459;436,439;37,319	95,293;42,185;130,322	613	1436647615
451,363;160,306;379,308	489,302;292,124;182,411	319	1436647624
89,154;125,240;275,406	447,302;78,387;441,374	347	1436647632
426,309;474,137;26,222	140,395;190,74;350,253	710	1436647638
270,124;168,394;223,81	366,401;288,341;224,44	108	1436647644
213,400;281,121;409,301	283,232;430,448;403,170	766	1436647649
13,471;24,230;322,125	81,149;316,115;120,403	110	1436647653
437,319;434,366;263,222	20,64;245,316;117,305	177	1436647658
430,321;167,177;252,84	276,282;254,431;163,95	766	1436647662
281,293;134,442;28,68	404,353;236,48;31,179	0	1436647666
236,139;206,63;253,319	293,271;293,222;286,198	120	1436647673
76,358;489,417;96,438	114,58;223,125;45,359	111	1436647680
87,22;183,211;222,311	196,441;92,490;489,400	705	1436647684
23,28;369,459;24,30	317,465;380,357;419,200	1000	1436647688
456,187;250,94;44,448	284,372;56,123;190,36	36	1436647697
436,397;257,297;167,38	450,342;443,484;15,381	275	1436647706
289,438;28,139;41,283	278,306;45,295;191,355	250	1436647711
324,302;150,474;446,304	451,350;458,323;40,354	612	1436647717
125,224;51,109;21,173	135,212;86,475;225,365	346	1436647727
149,207;426,247;34,439	328,113;153,223;123,99	169	1436647739
451,398;119,210;123,346	307,436;176,323;490,306	201	1436647742
354,100;139,176;44,88	166,187;220,339;173,148	664	1436647747
240,292;79,112;138,295	362,298;437,394;227,431	407	1436647751
111,38;364,327;344,278	168,140;60,485;310,483	807	1436647755
163,62;52,204;431,228	390,263;97,122;362,97	228	1436647760
76,347;113,369;99,460	107,360;310,258;434,249	359	1436647765
94,322;203,172;357,266	101,404;202,394;101,250	597	1436647774
1C5u6M742