136	R	0.0.0.0	1436653472
86,169;120,216;436,399	144,391;208,137;457,168	1000	1436653563
86,78;211,107;147,483	300,72;222,477;113,110	563	1436653587
42,319;93,132;46,412	429,92;312,197;119,197	955	1436653599
321,361;415,193;224,237	321,361;415,193;224,237	0	1436653613
213,263;455,213;370,59	177,372;447,44;475,193	981	1436653623
280,308;219,21;355,351	311,180;66,426;446,166	431	1436653636
451,373;25,40;475,153	134,407;177,69;304,304	901	1436653644
115,72;67,147;76,253	436,320;52,474;238,323	980	1436653655
17,46;151,56;365,187	402,427;51,427;54,191	918	1436653661
488,277;351,30;184,192	125,12;463,74;106,295	540	1436653670
106,64;466,431;23,193	296,233;366,53;34,59	916	1436653676
207,86;344,115;103,413	148,436;327,24;445,107	580	1436653683
302,153;253,50;22,320	469,363;258,108;17,167	748	1436653691
89,154;125,240;275,406	451,112;349,148;32,220	595	1436653707
30,271;265,383;363,184	18,258;411,67;13,319	1000	1436653738
215,192;480,472;474,272	476,412;204,174;476,302	766	1436653750
77,378;218,284;101,337	425,81;82,123;70,144	985	1436653757
309,178;298,163;167,362	416,424;175,204;75,131	906	1436653764
17,46;151,56;365,187	403,436;253,389;439,314	968	1436653770
42,192;149,245;254,417	477,38;268,438;205,341	918	1436653776
188,334;164,100;333,161	399,486;122,356;86,237	766	1436653782
313,307;42,303;158,240	238,460;48,341;465,272	780	1436653787
163,62;52,204;431,228	447,122;379,433;164,89	621	1436653792
367,14;142,80;418,272	142,140;431,86;253,344	14	1436653800
106,64;466,431;23,193	401,365;188,320;286,300	909	1436653807
132,116;262,116;242,277	460,123;377,38;62,181	922	1436653813
67,215;473,407;217,122	242,13;283,444;361,150	418	1436653821
140,90;287,464;97,151	328,240;212,129;176,154	783	1436653830
254,421;291,307;450,150	141,390;406,388;488,412	406	1436653836
149,207;426,247;34,439	323,97;293,461;458,301	369	1436653841
17,46;151,56;365,187	184,51;303,273;137,41	540	1436653847
215,192;480,472;474,272	220,379;309,86;253,193	906	1436653853
218,404;171,270;416,289	438,201;218,487;89,330	536	1436653858
43,236;379,412;248,230	133,441;76,201;444,105	653	1436653863
361,351;363,67;427,305	387,468;402,231;136,294	662	1436653869
281,293;134,442;28,68	465,65;460,417;54,188	446	1436653874
27,166;224,232;336,184	238,51;297,431;479,228	565	1436653879
44,216;18,283;221,415	392,35;399,227;435,238	179	1436653885
44,216;18,283;221,415	54,472;372,422;286,89	840	1436653890
230,109;490,407;42,65	403,134;312,109;401,419	687	1436653903
315,264;142,472;399,101	164,429;384,339;372,362	971	1436653910
27,166;224,232;336,184	12,484;355,52;253,125	854	1436653915
86,112;183,208;96,166	107,403;258,148;479,49	1000	1436653922
23,28;369,459;24,30	266,197;451,377;218,169	1000	1436653927
236,231;229,482;319,77	26,316;365,269;125,263	786	1436653934
391,41;216,359;395,193	416,15;285,412;322,481	720	1436653939
94,322;203,172;357,266	346,358;489,130;479,419	320	1436653945
119,345;238,432;89,135	195,289;82,70;249,437	826	1436653950
420,155;335,411;113,334	154,386;186,212;221,427	691	1436653956
217,337;415,75;144,293	321,363;26,410;331,336	820	1436653962
13,192;425,270;319,446	394,262;208,481;137,199	785	1436653968
328,478;105,100;94,196	273,371;273,81;297,421	887	1436653975
393,113;214,80;96,118	466,29;28,90;32,117	893	1436653980
243,67;134,101;413,344	454,165;116,489;458,159	1000	1436653984
456,169;457,69;120,61	49,197;412,103;22,53	672	1436653993
106,64;466,431;23,193	117,336;100,35;87,161	981	1436653998
50,312;460,337;35,192	50,312;460,337;35,192	131	1436654009
14,381;248,59;194,65	381,263;306,204;268,123	1000	1436654016
328,478;105,100;94,196	398,431;365,487;295,163	733	1436654022
361,351;363,67;427,305	86,34;104,71;377,248	819	1436654032
53,411;332,107;275,161	203,379;338,130;158,478	373	1436654038
253,301;267,14;389,273	140,25;324,394;274,42	851	1436654043
149,371;292,41;156,153	246,348;397,399;244,48	746	1436654053
393,276;163,455;137,333	156,157;338,406;287,244	886	1436654059
300,478;335,362;272,352	233,424;155,12;355,225	946	1436654065
160,320;402,90;38,34	300,144;195,62;320,326	911	1436654071
325,147;483,209;178,231	252,56;286,395;400,316	803	1436654085
347,119;193,213;98,56	372,385;331,413;106,131	961	1436654091
17,46;151,56;365,187	348,104;106,417;225,166	951	1436654099
257,426;47,462;113,341	13,313;468,335;284,357	979	1436654109
146,221;138,125;326,301	478,194;186,433;469,348	942	1436654115
199,81;71,33;391,363	66,405;400,460;443,346	963	1436654121
106,64;466,431;23,193	151,115;17,161;476,113	946	1436654128
309,341;144,310;36,277	31,466;159,317;78,383	935	1436654135
214,461;452,229;11,436	41,383;185,25;293,12	347	1436654141
122,281;39,151;209,490	44,427;383,241;389,202	698	1436654147
232,77;347,330;107,108	489,127;413,463;77,445	885	1436654195
75,116;182,268;414,353	456,140;38,177;301,423	972	1436654205
154,238;467,70;310,310	70,446;199,181;30,135	124	1436654212
25,366;463,113;459,357	216,130;125,370;129,303	1000	1436654218
99,241;469,487;242,456	298,61;237,189;337,364	731	1436654227
305,408;116,244;28,51	434,138;83,302;268,72	940	1436654233
154,238;467,70;310,310	441,289;128,125;100,276	57	1436654476
141,43;184,327;109,322	110,184;24,47;368,482	947	1436654487
363,136;200,405;255,458	168,176;292,273;88,78	902	1436654496
413,85;428,348;467,294	255,339;312,312;283,490	613	1436654511
20,476;320,470;204,281	26,139;320,109;241,312	59	1436654525
35,425;89,233;175,236	398,77;272,372;24,396	876	1436654536
47,391;148,373;38,126	67,348;248,327;285,192	705	1436654544
142,418;126,219;48,213	450,394;443,448;425,262	811	1436654551
329,401;253,227;31,373	247,230;183,286;100,127	729	1436654568
486,420;466,135;48,26	147,299;171,70;204,277	1000	1436654577
347,119;193,213;98,56	26,118;486,317;246,474	1000	1436654591
23,28;369,459;24,30	317,465;380,357;419,200	1000	1436654600
43,236;379,412;248,230	350,410;49,479;490,240	707	1436654608
50,230;454,95;53,165	64,129;124,455;258,232	880	1436654618
303,35;184,94;253,404	448,108;49,103;317,466	858	1436654632
116,433;141,31;68,124	193,435;288,70;276,184	833	1436654644
434,46;256,333;263,59	167,112;483,175;97,247	802	1436654654
364,292;84,412;177,324	386,485;446,419;400,459	922	1436654665
490,216;178,177;238,472	308,411;268,105;68,447	752	1436654672
341,109;458,76;80,283	399,349;488,121;468,173	918	1436654683
490,260;18,429;394,189	486,421;384,404;267,325	941	1436654695
410,450;320,422;291,177	400,469;420,392;161,452	550	1436654702
340,30;42,217;206,132	44,233;250,145;227,38	968	1436654710
367,14;142,80;418,272	157,460;102,74;394,454	840	1436654717
41,219;225,126;483,435	427,173;247,461;91,481	411	1436654726
472,215;100,255;419,377	394,61;291,230;96,221	364	1436654733
288,255;363,115;201,424	218,147;238,86;159,281	822	1436654742
136,417;143,229;278,310	188,162;375,169;98,361	608	1436654750
35,425;89,233;175,236	414,118;466,27;51,210	942	1436654766
128,132;337,389;332,33	317,130;344,475;80,287	301	1436654773
375,207;227,444;303,54	416,238;420,170;107,15	740	1436654781
27,166;224,232;336,184	119,314;108,269;367,390	821	1436654787
27,166;224,232;336,184	103,108;93,436;143,25	755	1436654794
259,12;379,60;30,391	259,12;379,60;30,391	0	1436654802
157,361;169,91;49,447	309,437;364,384;156,363	708	1436654809
442,72;382,370;455,357	95,391;382,202;82,152	949	1436654825
228,339;349,374;222,436	172,281;177,257;128,250	855	1436654832
76,358;489,417;96,438	114,58;223,125;45,359	916	1436654839
436,397;257,297;167,38	358,298;336,202;181,427	897	1436654846
210,360;436,33;381,23	206,113;177,362;187,165	1000	1436654852
179,436;248,158;105,351	438,160;268,395;129,254	762	1436654859
149,207;426,247;34,439	24,229;429,31;372,486	874	1436654896
345,44;114,357;248,273	436,126;298,183;392,189	875	1436654902
347,486;436,94;124,465	65,109;444,99;440,235	371	1436654909
436,397;257,297;167,38	63,200;473,327;269,349	721	1436654916
204,489;143,109;260,195	327,433;110,426;43,282	678	1436654928
44,216;18,283;221,415	424,24;461,383;160,39	736	1436654934
486,420;466,135;48,26	346,315;34,470;51,91	743	1436654959
398,474;21,332;153,380	398,474;21,332;153,380	0	1436654968
472,215;100,255;419,377	21,251;167,161;461,391	795	1436654975
347,119;193,213;98,56	461,340;138,448;457,222	871	1436654993
327,385;313,480;350,440	102,338;178,411;167,375	679	1436655002
56,486;275,94;235,264	441,359;244,113;247,23	968	1436655006
5G5u5P636