136	L	0.0.0.0	1436646621
86,169;120,216;436,399	144,391;208,137;457,168	852	1436646717
86,78;211,107;147,483	300,72;222,477;113,110	276	1436646727
42,319;93,132;46,412	429,92;312,197;119,197	643	1436646752
321,361;415,193;224,237	321,361;415,193;224,237	0	1436646759
213,263;455,213;370,59	177,372;447,44;475,193	896	1436646766
280,308;219,21;355,351	311,180;66,426;446,166	45	1436646779
264,426;482,179;18,329	181,55;406,188;57,372	603	1436646796
489,201;44,197;228,422	26,40;264,79;203,287	699	1436646807
47,391;148,373;38,126	96,212;118,443;273,222	634	1436646814
160,412;391,17;363,256	450,208;191,216;431,52	936	1436646819
428,58;228,125;188,159	394,444;260,383;184,211	402	1436646842
426,423;260,418;118,450	408,353;127,61;485,357	720	1436646850
50,230;454,95;53,165	296,214;149,370;98,469	732	1436646857
115,72;67,147;76,253	362,101;43,361;426,71	899	1436646867
461,30;449,159;411,277	348,263;93,232;179,250	206	1436646875
436,397;257,297;167,38	437,269;270,410;288,485	664	1436646891
351,277;16,62;172,298	432,89;54,67;213,459	777	1436646897
355,390;43,45;232,436	362,266;231,46;414,215	28	1436646904
91,60;76,451;133,377	221,66;417,29;218,93	439	1436646910
14,381;248,59;194,65	137,370;384,18;242,292	534	1436646919
106,64;466,431;23,193	379,130;153,194;219,326	668	1436646944
281,293;134,442;28,68	62,96;62,35;31,196	895	1436646950
14,381;248,59;194,65	199,19;60,15;250,358	426	1436646957
102,441;228,451;13,443	360,429;341,341;281,440	361	1436646962
163,62;52,204;431,228	413,43;155,136;216,415	402	1436646968
347,119;193,213;98,56	26,118;486,317;246,474	306	1436646974
83,486;84,230;32,399	251,142;384,335;442,278	721	1436646983
17,46;151,56;365,187	285,208;341,357;321,400	374	1436647001
254,421;291,307;450,150	427,181;25,207;13,122	625	1436647005
39,110;252,187;142,166	203,326;52,480;98,249	769	1436647011
154,238;467,70;310,310	26,361;69,167;450,351	346	1436647017
431,122;418,223;145,27	276,284;174,424;417,249	551	1436647022
14,381;248,59;194,65	195,456;27,77;192,376	452	1436647032
146,221;138,125;326,301	478,194;186,433;469,348	421	1436647042
101,190;130,38;397,73	321,433;28,298;358,147	536	1436647050
77,378;218,284;101,337	448,466;472,322;244,107	468	1436647054
27,166;224,232;336,184	300,241;299,287;88,91	570	1436647062
246,242;158,43;404,373	139,72;107,428;459,196	615	1436647072
235,455;11,151;391,45	62,483;317,33;324,105	913	1436647077
147,390;50,458;11,129	443,321;147,236;298,323	672	1436647083
215,192;480,472;474,272	189,58;316,484;21,485	1000	1436647090
464,159;186,133;282,409	471,323;76,488;345,147	878	1436647094
378,189;225,250;52,217	291,16;317,324;464,366	663	1436647102
339,159;237,88;26,151	93,349;293,392;290,194	567	1436647107
76,347;113,369;99,460	295,238;488,167;31,302	887	1436647113
162,363;69,384;150,292	445,431;277,442;338,396	469	1436647120
348,115;438,274;26,142	17,391;471,168;308,252	791	1436647125
482,474;66,126;358,173	303,182;130,226;425,352	671	1436647130
83,486;84,230;32,399	392,17;388,69;476,61	714	1436647134
47,391;148,373;38,126	339,253;104,80;97,314	805	1436647138
148,362;361,335;488,180	424,23;32,14;280,170	821	1436647144
394,228;117,43;153,383	398,20;334,272;139,221	749	1436647149
327,271;299,329;488,206	156,186;446,155;399,178	353	1436647154
133,101;295,433;131,252	378,96;282,317;21,404	567	1436647160
212,445;179,174;380,30	139,431;441,407;404,100	657	1436647168
244,342;60,435;47,354	457,474;160,187;265,341	678	1436647173
50,230;454,95;53,165	429,399;383,172;453,372	428	1436647179
94,322;203,172;357,266	424,385;364,404;472,334	646	1436647183
367,284;217,395;425,416	126,255;12,71;328,422	732	1436647187
309,178;298,163;167,362	416,424;175,204;75,131	734	1436647196
34,317;87,141;14,149	150,106;172,87;212,109	735	1436647203
115,72;67,147;76,253	185,132;202,292;195,472	700	1436647208
276,47;212,373;185,261	472,192;213,388;413,106	431	1436647212
481,374;60,332;354,153	460,85;287,45;295,295	580	1436647222
358,176;450,27;11,430	181,171;484,489;31,125	425	1436647226
434,475;158,34;233,328	347,426;360,395;256,86	731	1436647231
50,312;460,337;35,192	50,312;460,337;35,192	463	1436647239
425,47;304,304;485,343	305,217;379,28;148,47	468	1436647254
340,30;42,217;206,132	73,480;193,216;212,306	580	1436647259
105,262;485,344;146,168	11,428;19,271;101,471	592	1436647269
94,485;32,200;406,243	332,381;269,125;217,368	701	1436647273
47,391;148,373;38,126	67,348;248,327;285,192	702	1436647278
460,478;252,489;20,253	483,72;384,328;421,216	746	1436647283
128,117;70,485;43,73	126,298;448,190;395,353	722	1436647287
465,388;124,203;421,65	155,32;149,225;434,166	429	1436647291
246,345;321,150;233,209	319,75;180,70;281,434	679	1436647295
426,423;260,418;118,450	376,74;375,49;376,294	818	1436647300
472,215;100,255;419,377	452,116;233,398;149,192	418	1436647304
302,153;253,50;22,320	230,22;151,179;454,204	617	1436647309
84,97;225,81;377,199	212,199;201,102;478,366	562	1436647315
428,58;228,125;188,159	389,313;399,101;423,455	462	1436647319
165,353;21,269;375,230	15,297;329,167;490,51	640	1436647325
254,421;291,307;450,150	465,26;130,363;332,126	463	1436647329
67,215;473,407;217,122	486,48;125,262;248,468	404	1436647334
43,236;379,412;248,230	174,57;99,482;428,257	602	1436647338
179,436;248,158;105,351	438,160;268,395;129,254	517	1436647343
436,397;257,297;167,38	64,266;328,270;463,207	474	1436647347
326,263;82,340;352,362	342,421;60,488;182,292	577	1436647351
163,62;52,204;431,228	340,185;30,269;257,117	585	1436647355
398,426;355,402;317,366	460,31;16,146;108,437	930	1436647359
13,192;425,270;319,446	394,262;208,481;137,199	707	1436647363
413,36;359,63;226,311	103,487;450,73;299,109	445	1436647368
47,391;148,373;38,126	354,311;306,25;134,88	395	1436647373
15,98;261,151;132,185	247,157;258,306;155,472	435	1436647376
259,12;379,60;30,391	259,12;379,60;30,391	369	1436647382
436,397;257,297;167,38	203,94;471,37;286,58	460	1436647386
413,85;428,348;467,294	255,339;312,312;283,490	406	1436647391
77,378;218,284;101,337	185,164;120,443;356,289	681	1436647395
164,413;335,411;112,73	245,155;201,420;291,471	530	1436647399
110,311;412,270;173,22	56,367;227,180;434,331	623	1436647403
418,212;397,247;228,452	265,375;440,86;250,393	471	1436647408
79,296;21,137;58,269	153,48;92,103;14,107	463	1436647412
67,215;473,407;217,122	270,156;442,34;446,293	681	1436647418
77,378;218,284;101,337	257,90;460,111;339,74	422	1436647423
281,293;134,442;28,68	180,234;321,47;358,419	478	1436647427
103,177;332,205;397,68	322,440;218,321;284,298	648	1436647432
151,295;210,145;368,211	19,111;330,285;368,465	727	1436647436
207,266;78,196;470,326	323,56;341,235;343,70	571	1436647440
440,73;266,296;53,430	488,237;436,297;207,45	704	1436647445
430,321;167,177;252,84	308,37;283,127;452,267	605	1436647449
327,170;177,387;424,302	246,421;135,12;161,420	707	1436647453
143,60;371,32;108,276	219,21;324,129;305,278	742	1436647459
344,202;190,90;239,342	361,168;45,341;281,430	533	1436647464
43,236;379,412;248,230	42,481;302,435;244,267	641	1436647469
76,347;113,369;99,460	394,377;403,18;414,345	831	1436647474
211,347;475,203;109,470	388,441;359,80;277,409	829	1436647479
345,44;114,357;248,273	436,126;298,183;392,189	732	1436647483
436,397;257,297;167,38	323,283;33,432;487,340	404	1436647488
189,351;109,271;299,151	335,159;21,51;149,402	780	1436647492
213,383;98,57;304,200	396,146;200,298;380,69	606	1436647498
43,236;379,412;248,230	288,191;458,362;476,58	634	1436647503
436,397;257,297;167,38	411,67;428,200;296,189	727	1436647507
398,474;21,332;153,380	398,474;21,332;153,380	0	1436647517
178,99;11,313;378,48	468,200;186,433;485,423	724	1436647521
391,41;216,359;395,193	270,279;137,78;15,288	754	1436647525
308,466;117,200;334,143	173,315;291,154;93,394	932	1436647529
230,215;196,217;337,298	382,194;172,135;397,252	346	1436647534
194,118;168,256;366,62	369,119;110,453;57,116	623	1436647539
468,41;217,339;270,345	269,205;117,169;482,321	662	1436647543
149,207;426,247;34,439	310,443;316,285;437,300	420	1436647548
258,394;226,462;316,354	386,234;448,302;376,183	88	1436647552
281,293;134,442;28,68	252,339;30,299;211,153	692	1436647557
163,62;52,204;431,228	13,327;424,174;60,92	303	1436647561
367,14;142,80;418,272	483,322;433,475;194,109	724	1436647566
61,390;178,474;395,193	254,17;426,387;138,268	728	1436647570
1F6x9M744