136	R	0.0.0.0	1436646513
86,169;120,216;436,399	144,391;208,137;457,168	913	1436646593
86,78;211,107;147,483	300,72;222,477;113,110	220	1436646615
42,319;93,132;46,412	429,92;312,197;119,197	747	1436646621
321,361;415,193;224,237	321,361;415,193;224,237	0	1436646627
213,263;455,213;370,59	177,372;447,44;475,193	159	1436646631
280,308;219,21;355,351	311,180;66,426;446,166	398	1436646642
43,236;379,412;248,230	258,62;294,58;282,379	791	1436646649
154,238;467,70;310,310	363,185;423,388;85,216	633	1436646656
443,470;306,312;381,341	352,80;276,205;370,387	616	1436646663
428,58;228,125;188,159	427,313;380,250;251,21	316	1436646668
437,319;434,366;263,222	463,141;46,280;440,199	703	1436646675
43,236;379,412;248,230	288,191;458,362;476,58	105	1436646682
35,425;89,233;175,236	76,438;258,66;200,446	766	1436646687
11,134;385,226;424,132	231,348;223,231;148,350	773	1436646693
472,215;100,255;419,377	22,416;223,393;20,99	726	1436646701
165,353;21,269;375,230	68,99;253,233;73,309	676	1436646707
426,423;260,418;118,450	73,489;90,427;49,226	708	1436646712
439,479;152,317;160,243	111,77;304,437;262,98	653	1436646717
255,282;399,416;61,325	455,136;165,84;152,407	314	1436646721
281,293;134,442;28,68	32,387;319,211;70,17	363	1436646727
44,216;18,283;221,415	450,437;128,100;242,365	739	1436646734
340,30;42,217;206,132	356,240;396,297;349,336	997	1436646739
455,234;30,353;118,353	130,166;454,227;174,49	823	1436646744
326,304;449,454;98,346	459,136;231,194;140,412	687	1436646750
230,215;196,217;337,298	382,194;172,135;397,252	675	1436646756
367,14;142,80;418,272	116,365;414,272;370,108	312	1436646762
51,207;342,471;103,232	142,486;260,262;414,95	155	1436646766
194,118;168,256;366,62	369,119;110,453;57,116	386	1436646771
374,184;200,351;177,331	22,71;457,146;418,69	769	1436646776
153,76;47,35;65,273	72,153;395,129;394,32	735	1436646781
365,285;164,362;318,39	247,214;304,143;26,243	354	1436646786
83,486;84,230;32,399	185,93;78,178;241,75	770	1436646792
379,295;374,435;446,346	110,105;206,400;388,200	271	1436646797
94,322;203,172;357,266	333,465;436,215;467,250	676	1436646803
66,452;384,88;181,479	330,35;344,380;389,74	341	1436646809
434,46;256,333;263,59	179,51;166,202;171,61	731	1436646815
389,89;204,150;200,290	341,210;116,20;28,439	190	1436646820
299,440;289,210;181,414	426,395;271,396;263,219	231	1436646826
215,192;480,472;474,272	379,179;178,18;238,296	223	1436646831
106,64;466,431;23,193	78,463;33,465;429,236	807	1436646836
347,119;193,213;98,56	12,136;325,324;17,423	282	1436646841
270,124;168,394;223,81	366,401;288,341;224,44	273	1436646846
114,257;265,302;299,378	80,93;86,460;240,120	262	1436646854
430,384;413,207;234,269	124,334;53,322;322,445	823	1436646859
361,351;363,67;427,305	86,34;104,71;377,248	714	1436646872
152,232;337,385;356,369	103,149;66,68;42,33	920	1436646878
149,207;426,247;34,439	202,158;197,450;230,450	890	1436646884
281,293;134,442;28,68	383,39;417,149;417,484	720	1436646889
472,215;100,255;419,377	454,110;79,204;208,279	156	1436646895
78,316;216,177;304,112	309,364;215,358;438,177	756	1436646901
196,412;444,339;304,208	170,368;490,45;59,12	325	1436646905
259,12;379,60;30,391	259,12;379,60;30,391	0	1436646911
446,202;317,202;490,290	307,365;347,374;46,128	742	1436646916
469,183;233,465;46,183	34,108;196,458;487,78	141	1436646930
27,166;224,232;336,184	300,241;299,287;88,91	634	1436646936
123,287;102,463;124,184	304,453;158,467;84,337	802	1436646942
106,64;466,431;23,193	226,166;15,19;283,456	317	1436646947
310,384;218,266;250,393	316,120;226,65;37,362	697	1436646953
398,474;21,332;153,380	398,474;21,332;153,380	0	1436646968
309,341;144,310;36,277	64,468;120,363;190,289	285	1436646975
347,119;193,213;98,56	78,351;55,381;205,266	621	1436646981
430,321;167,177;252,84	65,283;382,32;179,376	262	1436646986
266,477;226,132;337,272	440,363;17,476;344,443	328	1436646991
430,321;167,177;252,84	336,467;194,458;275,271	386	1436646996
467,325;395,451;455,277	438,337;192,213;234,57	639	1436647010
281,293;134,442;28,68	45,315;211,377;356,247	423	1436647054
43,370;94,390;461,448	370,198;312,235;389,158	340	1436647059
281,293;134,442;28,68	95,414;81,112;248,434	150	1436647066
430,321;167,177;252,84	264,124;481,333;96,306	250	1436647071
12,282;451,375;298,438	61,101;145,161;289,429	612	1436647076
257,468;429,144;181,111	255,412;252,348;405,55	664	1436647080
149,472;373,24;339,29	97,321;57,276;126,36	179	1436647086
12,92;144,142;40,183	275,98;41,196;206,466	677	1436647091
76,347;113,369;99,460	61,455;327,50;352,346	834	1436647097
89,154;125,240;275,406	328,337;62,467;304,36	798	1436647101
142,40;149,179;130,180	280,260;35,376;480,146	386	1436647106
355,200;121,189;99,258	150,114;26,72;465,59	330	1436647111
275,65;445,195;450,364	346,203;475,472;84,252	312	1436647116
149,207;426,247;34,439	162,414;445,136;19,34	173	1436647121
434,46;256,333;263,59	330,244;51,373;204,212	107	1436647126
385,52;218,391;129,166	70,22;96,342;383,25	155	1436647131
302,153;253,50;22,320	279,380;375,86;479,408	233	1436647135
99,367;49,169;405,448	379,466;97,268;358,274	132	1436647140
450,358;17,232;64,311	341,286;309,367;153,153	355	1436647144
340,30;42,217;206,132	352,122;21,69;397,176	408	1436647149
86,258;40,66;466,346	416,326;22,157;476,430	361	1436647155
157,110;444,484;444,151	280,50;239,358;404,178	414	1436647159
89,154;125,240;275,406	211,252;214,228;381,485	152	1436647164
52,26;29,219;430,354	260,254;424,125;76,137	266	1436647175
189,121;280,193;273,219	370,67;394,134;430,51	144	1436647181
215,192;480,472;474,272	429,264;89,171;464,444	115	1436647188
374,59;242,356;173,349	459,388;378,413;290,230	332	1436647193
53,352;481,386;197,406	97,255;371,287;59,57	706	1436647207
163,62;52,204;431,228	351,144;51,462;425,394	383	1436647212
50,312;460,337;35,192	50,312;460,337;35,192	0	1436647246
462,258;433,279;482,319	181,355;135,378;96,443	126	1436647251
402,345;451,373;171,400	161,276;426,73;94,295	726	1436647256
20,183;330,410;103,216	312,144;477,294;381,171	425	1436647260
472,215;100,255;419,377	61,477;227,111;78,165	298	1436647265
94,322;203,172;357,266	289,12;92,182;291,341	246	1436647271
24,311;225,155;395,451	316,319;134,56;218,407	257	1436647276
50,230;454,95;53,165	484,91;125,384;21,344	316	1436647281
165,353;21,269;375,230	82,297;449,33;314,396	673	1436647288
479,460;140,415;277,378	206,162;393,462;15,73	608	1436647296
313,307;42,303;158,240	238,460;48,341;465,272	627	1436647301
89,154;125,240;275,406	382,268;464,29;226,430	229	1436647306
259,318;411,396;410,44	370,374;23,98;461,311	634	1436647311
147,390;50,458;11,129	443,321;147,236;298,323	371	1436647318
328,478;105,100;94,196	452,458;390,421;230,269	319	1436647323
264,426;482,179;18,329	264,185;451,180;323,384	689	1436647327
351,298;131,140;441,48	54,172;13,192;460,421	678	1436647333
176,459;112,57;358,106	45,425;33,479;286,135	638	1436647337
91,170;14,221;231,152	230,85;248,69;101,91	227	1436647343
163,62;52,204;431,228	390,263;97,122;362,97	95	1436647349
23,24;436,476;154,238	455,313;103,136;390,305	152	1436647354
196,412;444,339;304,208	208,28;464,305;73,257	184	1436647360
347,402;64,223;358,402	371,253;224,176;317,233	119	1436647365
30,271;265,383;363,184	18,258;411,67;13,319	595	1436647370
160,405;214,119;331,69	293,324;261,351;356,143	591	1436647374
125,195;62,374;476,49	37,235;287,488;309,276	323	1436647380
165,353;21,269;375,230	427,73;395,381;203,67	323	1436647385
328,478;105,100;94,196	180,276;488,476;43,29	269	1436647390
43,236;379,412;248,230	255,447;252,197;285,190	599	1436647395
44,216;18,283;221,415	11,105;338,414;32,31	249	1436647400
254,421;291,307;450,150	222,225;31,39;422,436	424	1436647405
148,244;350,105;386,184	146,337;390,410;223,322	301	1436647410
196,412;444,339;304,208	148,372;136,244;367,245	114	1436647415
348,115;438,274;26,142	394,297;413,70;110,179	157	1436647419
90,472;124,209;136,146	125,212;413,362;44,162	130	1436647424
348,115;438,274;26,142	452,276;177,463;171,118	117	1436647429
76,358;489,417;96,438	387,477;204,486;350,166	334	1436647434
436,397;257,297;167,38	63,200;473,327;269,349	333	1436647439
237,152;242,200;252,74	168,100;153,216;65,190	666	1436647444
89,154;125,240;275,406	359,481;294,306;285,34	294	1436647449
23,28;369,459;24,30	357,216;424,202;275,240	384	1436647454
4D6u6Q224