137	R	0.0.0.0	1436654039
86,169;120,216;436,399	144,391;208,137;457,168	1000	1436654135
86,78;211,107;147,483	300,72;222,477;113,110	142	1436654148
42,319;93,132;46,412	429,92;312,197;119,197	972	1436654159
321,361;415,193;224,237	321,361;415,193;224,237	0	1436654171
213,263;455,213;370,59	177,372;447,44;475,193	920	1436654185
280,308;219,21;355,351	311,180;66,426;446,166	0	1436654206
47,391;148,373;38,126	67,348;248,327;285,192	52	1436654215
31,139;147,71;261,139	395,223;110,363;55,139	1000	1436654223
106,64;466,431;23,193	140,268;478,113;83,61	187	1436654238
232,355;40,419;462,92	444,153;223,419;84,305	1000	1436654245
76,347;113,369;99,460	268,45;71,91;72,255	0	1436654264
437,319;434,366;263,222	38,265;63,229;168,153	976	1436654272
213,68;66,331;300,78	467,140;332,112;18,302	917	1436654282
25,366;463,113;459,357	216,130;125,370;129,303	1000	1436654287
160,481;240,242;229,445	105,441;271,109;56,434	903	1436654294
391,41;216,359;395,193	178,256;190,464;316,57	28	1436654311
215,192;480,472;474,272	390,132;488,269;128,343	0	1436654325
302,153;253,50;22,320	390,461;428,400;22,382	98	1436654370
196,412;444,339;304,208	362,283;351,308;329,129	1000	1436654376
336,164;338,255;166,164	190,35;59,294;396,294	1000	1436654380
30,271;265,383;363,184	18,258;411,67;13,319	1000	1436654386
250,349;385,137;115,479	118,407;119,220;428,326	999	1436654391
47,391;148,373;38,126	180,87;344,176;185,488	49	1436654401
95,424;213,481;367,250	107,485;469,93;210,462	962	1436654408
194,289;268,331;157,102	66,242;278,13;146,15	913	1436654414
154,238;467,70;310,310	253,310;37,331;44,63	139	1436654421
255,47;434,70;485,479	247,439;58,199;397,61	446	1436654430
328,478;105,100;94,196	129,100;104,174;380,433	72	1436654437
118,74;160,342;370,12	264,65;32,209;273,412	204	1436654444
437,319;434,366;263,222	279,423;131,321;418,99	375	1436654456
109,330;82,457;356,328	369,244;122,373;294,112	120	1436654465
94,322;203,172;357,266	273,17;483,117;338,145	0	1436654473
367,14;142,80;418,272	163,269;121,128;283,26	717	1436654483
390,258;169,383;73,302	245,73;389,266;148,324	851	1436654488
43,236;379,412;248,230	411,125;192,91;309,416	614	1436654496
436,241;346,162;209,334	302,146;240,429;419,174	210	1436654504
264,291;43,117;98,407	227,268;449,309;97,478	738	1436654514
291,387;433,421;485,71	403,302;361,256;128,419	308	1436654520
344,202;190,90;239,342	361,168;45,341;281,430	71	1436654528
302,153;253,50;22,320	426,312;254,290;354,16	663	1436654533
106,428;236,364;244,331	118,33;253,299;389,40	1000	1436654542
480,200;18,58;163,93	19,172;275,173;245,143	1000	1436654548
217,239;383,377;410,29	335,25;104,191;75,12	339	1436654557
374,483;409,302;388,151	360,145;131,305;343,74	657	1436654561
83,486;84,230;32,399	367,133;186,442;368,198	998	1436654567
361,351;363,67;427,305	404,337;419,464;157,189	163	1436654575
476,439;339,103;226,177	46,302;33,484;74,341	873	1436654581
134,194;106,178;445,461	481,322;53,53;38,15	344	1436654590
457,337;394,378;378,276	33,146;252,320;203,285	1000	1436654594
45,151;305,204;352,116	469,212;115,99;377,402	129	1436654602
241,450;67,212;96,236	430,406;304,388;105,309	859	1436654608
436,397;257,297;167,38	256,191;268,278;260,158	386	1436654619
50,230;454,95;53,165	64,129;124,455;258,232	1000	1436654624
254,421;291,307;450,150	447,36;60,393;316,321	134	1436654633
398,474;21,332;153,380	398,474;21,332;153,380	0	1436654642
27,166;224,232;336,184	179,390;175,169;463,456	636	1436654654
20,476;320,470;204,281	26,139;320,109;241,312	0	1436654668
13,192;425,270;319,446	394,262;208,481;137,199	604	1436654673
76,358;489,417;96,438	304,349;452,146;392,378	48	1436654679
125,224;51,109;21,173	135,212;86,475;225,365	667	1436654686
29,336;149,288;145,476	460,177;225,101;103,411	18	1436654712
117,234;296,410;462,435	22,179;13,319;15,166	980	1436654716
451,398;119,210;123,346	59,467;443,372;347,132	28	1436654730
395,223;347,321;440,150	124,281;172,289;124,256	1000	1436654735
160,320;402,90;38,34	300,144;195,62;320,326	94	1436654740
264,426;482,179;18,329	149,360;481,327;314,207	43	1436654782
154,238;467,70;310,310	21,280;357,68;284,308	200	1436654788
302,153;253,50;22,320	312,96;67,311;453,89	348	1436654795
153,188;274,288;483,162	385,212;337,396;128,352	214	1436654801
338,231;61,51;240,147	13,109;29,200;272,337	900	1436654806
51,59;484,306;144,45	241,114;45,398;281,17	439	1436654814
89,154;125,240;275,406	159,130;324,455;152,185	374	1436654821
264,426;482,179;18,329	55,173;326,187;139,358	568	1436654837
264,426;482,179;18,329	148,50;371,445;415,108	413	1436654845
50,312;460,337;35,192	50,312;460,337;35,192	0	1436654853
43,236;379,412;248,230	419,195;151,95;289,444	386	1436654860
215,192;480,472;474,272	233,312;158,298;239,63	412	1436654869
89,325;174,202;481,355	202,421;249,111;468,146	422	1436654876
309,341;144,310;36,277	115,116;55,50;344,379	741	1436654880
258,394;226,462;316,354	386,234;448,302;376,183	42	1436654888
348,115;438,274;26,142	50,222;368,277;182,28	423	1436654893
130,399;227,341;111,275	230,26;76,313;325,229	74	1436654899
452,73;249,298;142,362	253,211;133,155;11,109	858	1436654904
429,135;424,178;288,358	67,190;450,359;467,354	440	1436654914
328,478;105,100;94,196	80,427;321,274;162,486	427	1436654919
228,339;349,374;222,436	172,281;177,257;128,250	406	1436654925
262,392;437,481;20,90	311,340;228,409;355,391	833	1436654929
348,115;438,274;26,142	335,398;408,247;11,251	794	1436654934
196,412;444,339;304,208	108,322;387,263;145,91	34	1436654941
297,82;132,72;279,57	73,320;336,231;243,283	1000	1436654946
69,270;129,267;106,441	101,395;42,82;104,57	119	1436654952
451,398;119,210;123,346	451,86;463,384;148,195	923	1436654958
76,347;113,369;99,460	203,343;248,145;399,225	753	1436654963
86,430;382,143;336,218	371,369;237,351;36,338	1000	1436654968
259,12;379,60;30,391	259,12;379,60;30,391	0	1436654974
425,47;304,304;485,343	305,217;379,28;148,47	97	1436654978
302,153;253,50;22,320	456,56;137,49;417,264	303	1436654983
434,261;375,306;396,198	28,364;457,209;472,231	1000	1436654988
100,341;330,312;357,345	215,317;85,336;73,299	154	1436654992
83,486;84,230;32,399	273,13;370,186;485,205	30	1436655001
395,167;482,252;486,99	226,373;460,484;305,465	945	1436655009
44,216;18,283;221,415	266,367;337,405;306,62	67	1436655020
75,380;453,231;433,382	124,253;331,217;208,402	648	1436655028
309,341;144,310;36,277	93,123;435,70;454,237	1000	1436655032
91,60;76,451;133,377	221,66;417,29;218,93	141	1436655039
430,321;167,177;252,84	276,282;254,431;163,95	792	1436655044
288,255;363,115;201,424	174,229;431,149;307,184	98	1436655051
470,261;227,200;420,313	330,250;54,343;466,240	859	1436655056
188,136;193,269;318,447	408,462;69,52;460,446	906	1436655061
35,425;89,233;175,236	370,357;236,281;354,392	155	1436655068
76,358;489,417;96,438	453,59;179,170;484,217	863	1436655073
76,358;489,417;96,438	125,213;356,409;484,58	954	1436655077
242,476;305,254;419,231	346,357;92,14;183,160	941	1436655082
436,397;257,297;167,38	276,337;252,215;181,448	46	1436655087
348,115;438,274;26,142	480,457;437,123;195,130	31	1436655093
196,412;444,339;304,208	104,202;134,48;346,172	10	1436655100
163,62;52,204;431,228	340,185;30,269;257,117	254	1436655108
218,109;361,185;123,379	409,197;16,355;259,390	406	1436655112
320,214;302,129;101,275	68,72;475,448;330,378	939	1436655117
149,207;426,247;34,439	108,192;134,376;393,489	182	1436655121
196,412;444,339;304,208	181,22;410,167;248,382	0	1436655127
294,255;46,185;278,176	295,313;93,288;67,188	31	1436655131
162,321;22,192;29,45	145,286;26,103;104,112	475	1436655135
89,154;125,240;275,406	490,448;412,148;483,131	998	1436655141
426,309;167,290;292,151	146,440;361,444;26,436	1000	1436655147
89,154;125,240;275,406	328,131;327,87;31,480	370	1436655154
480,200;18,58;163,93	187,418;239,313;225,338	176	1436655159
133,162;128,431;130,236	31,446;302,28;93,412	586	1436655165
389,482;441,156;461,339	329,475;269,285;277,434	118	1436655169
273,194;367,139;199,77	443,423;414,64;207,178	399	1436655178
430,321;167,177;252,84	217,193;358,104;254,49	242	1436655187
246,461;276,13;198,279	220,126;279,449;443,355	761	1436655191
348,317;214,53;123,255	110,484;359,258;226,13	285	1436655196
17,46;151,56;365,187	243,79;240,420;103,299	871	1436655201
336,289;102,247;285,196	316,79;326,481;199,283	74	1436655208
150,440;434,194;117,390	225,26;135,153;200,168	869	1436655214
4D5v7M971