136	L	0.0.0.0	1436647108
86,169;120,216;436,399	144,391;208,137;457,168	994	1436647194
86,78;211,107;147,483	300,72;222,477;113,110	386	1436647206
42,319;93,132;46,412	429,92;312,197;119,197	707	1436647248
321,361;415,193;224,237	321,361;415,193;224,237	0	1436647254
213,263;455,213;370,59	177,372;447,44;475,193	387	1436647264
280,308;219,21;355,351	311,180;66,426;446,166	667	1436647285
314,321;239,485;440,386	159,80;166,383;459,313	801	1436647293
478,489;308,238;358,217	263,122;280,462;266,317	908	1436647303
470,261;227,200;420,313	330,250;54,343;466,240	774	1436647313
391,41;216,359;395,193	28,89;377,167;33,212	452	1436647324
165,353;21,269;375,230	426,34;181,163;371,106	552	1436647333
17,46;151,56;365,187	169,262;243,133;446,87	248	1436647344
19,24;54,122;446,484	329,108;99,182;215,100	998	1436647352
437,319;434,366;263,222	352,295;346,255;157,407	24	1436647358
467,276;90,249;181,133	426,328;343,389;400,210	900	1436647364
486,420;466,135;48,26	217,121;349,115;336,410	997	1436647376
27,166;224,232;336,184	288,490;271,159;235,163	745	1436647382
142,468;370,220;111,446	243,428;329,52;276,327	745	1436647391
76,347;113,369;99,460	80,361;99,376;316,440	762	1436647400
23,24;436,476;154,238	455,313;103,136;390,305	675	1436647407
115,72;67,147;76,253	310,341;310,251;256,425	94	1436647416
437,319;434,366;263,222	58,181;80,388;16,266	552	1436647423
209,487;360,42;61,305	104,372;93,347;180,270	120	1436647435
50,230;454,95;53,165	26,389;360,73;43,289	263	1436647444
428,58;228,125;188,159	417,333;136,225;337,318	102	1436647454
146,184;338,246;322,384	217,283;347,471;431,112	398	1436647484
274,463;261,209;434,410	296,419;100,277;245,25	178	1436647492
105,262;485,344;146,168	11,428;19,271;101,471	684	1436647497
21,159;433,409;377,176	155,263;234,448;348,67	409	1436647505
198,254;298,311;401,489	450,168;65,380;450,239	653	1436647511
304,210;89,337;471,72	174,401;205,11;218,97	418	1436647518
222,408;164,124;245,176	281,318;253,146;20,273	558	1436647524
214,58;329,67;163,421	376,41;382,90;35,413	699	1436647531
451,398;119,210;123,346	469,36;54,145;220,485	890	1436647536
196,412;444,339;304,208	114,146;47,299;333,219	138	1436647542
486,420;466,135;48,26	235,396;75,360;131,101	754	1436647549
265,372;156,399;97,287	76,140;119,257;314,411	898	1436647557
259,12;379,60;30,391	259,12;379,60;30,391	0	1436647562
169,489;162,280;360,180	322,453;14,413;369,286	371	1436647569
360,65;163,274;48,300	440,402;456,38;402,286	360	1436647580
43,236;379,412;248,230	95,359;295,255;39,154	427	1436647585
391,41;216,359;395,193	189,480;206,42;188,183	844	1436647599
480,200;18,58;163,93	187,418;239,313;225,338	945	1436647609
451,398;119,210;123,346	94,52;344,367;297,234	672	1436647628
200,326;272,200;19,224	127,55;199,312;398,393	791	1436647633
89,154;125,240;275,406	154,319;486,66;20,406	861	1436647639
486,420;466,135;48,26	382,358;379,254;381,438	998	1436647644
27,166;224,232;336,184	24,196;310,192;133,487	834	1436647649
44,216;18,283;221,415	429,50;88,288;197,125	622	1436647655
94,322;203,172;357,266	339,326;155,417;20,222	388	1436647661
264,426;482,179;18,329	13,454;440,162;42,182	225	1436647667
76,347;113,369;99,460	222,72;276,93;189,27	247	1436647674
17,46;151,56;365,187	162,125;422,255;29,256	350	1436647679
23,28;369,459;24,30	219,251;21,346;344,191	242	1436647687
398,426;355,402;317,366	460,31;16,146;108,437	998	1436647692
302,153;253,50;22,320	426,312;254,290;354,16	173	1436647699
309,341;144,310;36,277	233,195;252,213;368,373	103	1436647706
421,166;418,470;354,366	27,469;483,409;435,342	390	1436647712
410,62;383,256;195,198	141,428;193,318;225,144	714	1436647720
481,440;192,366;278,309	154,420;343,225;238,361	665	1436647728
163,62;52,204;431,228	168,292;452,98;483,201	299	1436647733
465,260;93,438;52,464	288,467;349,305;316,116	723	1436647740
281,293;134,442;28,68	84,129;395,300;307,43	92	1436647745
382,422;281,301;153,344	481,403;48,127;273,244	932	1436647754
436,397;257,297;167,38	392,309;156,415;90,152	621	1436647760
355,328;11,267;416,106	224,356;478,467;280,332	898	1436647768
154,338;248,296;453,384	366,411;392,123;414,248	356	1436647776
23,248;123,178;127,233	346,359;16,106;282,34	782	1436647781
154,238;467,70;310,310	38,109;69,304;222,32	441	1436647789
16,433;302,128;448,319	30,29;336,147;44,369	295	1436647795
115,72;67,147;76,253	422,26;262,234;232,490	76	1436647802
480,34;163,141;419,170	421,355;242,45;403,276	652	1436647807
132,375;263,217;217,424	254,335;365,130;377,162	803	1436647813
76,347;113,369;99,460	134,438;180,115;144,283	928	1436647818
348,115;438,274;26,142	427,389;309,159;246,262	764	1436647825
38,326;94,255;266,301	375,267;194,61;87,130	324	1436647839
27,166;224,232;336,184	249,166;490,213;378,488	709	1436647845
106,64;466,431;23,193	140,268;478,113;83,61	553	1436647851
454,150;330,203;41,29	177,53;321,240;159,198	764	1436647856
415,162;135,449;331,60	183,291;66,456;432,283	642	1436647862
136,446;210,186;172,266	403,264;304,105;472,248	305	1436647868
298,458;242,174;180,300	61,129;201,236;442,264	402	1436647874
165,353;21,269;375,230	62,486;154,330;41,481	944	1436647879
320,418;228,280;13,41	153,373;477,330;289,71	998	1436647885
35,425;89,233;175,236	484,395;14,138;127,421	907	1436647894
361,351;363,67;427,305	381,14;471,402;346,225	607	1436647900
430,321;167,177;252,84	188,406;260,434;66,267	882	1436647906
43,236;379,412;248,230	145,83;318,250;97,342	430	1436647911
338,343;360,446;54,234	175,370;271,397;277,409	241	1436647919
114,26;479,109;395,243	65,380;47,244;460,373	69	1436647925
430,321;167,177;252,84	28,285;195,31;394,204	360	1436647930
332,313;148,100;450,224	375,480;151,241;89,319	334	1436647935
347,119;193,213;98,56	436,290;127,227;312,164	98	1436647941
391,333;115,44;465,145	172,389;403,152;60,146	120	1436647946
365,285;164,362;318,39	247,214;304,143;26,243	807	1436647953
430,321;167,177;252,84	146,264;204,196;308,430	95	1436647959
223,126;340,163;87,453	303,264;60,108;290,28	564	1436647965
302,153;253,50;22,320	353,237;461,139;59,323	632	1436647969
405,51;42,418;477,224	477,149;392,328;23,238	82	1436647976
27,166;224,232;336,184	276,129;262,35;89,393	575	1436647980
324,302;150,474;446,304	451,350;458,323;40,354	921	1436647986
50,312;460,337;35,192	50,312;460,337;35,192	25	1436647991
467,325;395,451;455,277	438,337;192,213;234,57	956	1436647996
99,276;44,352;63,461	124,230;180,247;47,449	808	1436648002
328,478;105,100;94,196	451,484;166,297;113,269	945	1436648007
106,64;466,431;23,193	231,19;154,50;150,347	279	1436648013
426,423;260,418;118,450	28,194;110,340;284,188	752	1436648019
83,486;84,230;32,399	338,133;351,304;67,159	666	1436648024
434,46;256,333;263,59	49,175;305,94;420,471	352	1436648029
91,60;76,451;133,377	221,66;417,29;218,93	331	1436648035
95,19;170,215;33,180	418,200;319,324;75,475	877	1436648040
434,46;256,333;263,59	331,12;74,90;147,290	153	1436648047
106,64;466,431;23,193	391,131;207,25;293,282	584	1436648053
345,110;291,416;469,78	285,361;267,457;186,164	278	1436648060
115,72;67,147;76,253	376,396;94,259;471,330	728	1436648071
351,298;131,140;441,48	54,172;13,192;460,421	937	1436648076
398,474;21,332;153,380	398,474;21,332;153,380	7	1436648081
450,175;145,348;382,350	433,307;245,95;316,263	630	1436648087
434,46;256,333;263,59	201,144;389,113;203,128	856	1436648092
262,392;437,481;20,90	311,340;228,409;355,391	949	1436648096
486,420;466,135;48,26	59,103;302,370;395,224	424	1436648102
412,220;63,341;362,41	244,342;447,153;325,230	886	1436648108
94,322;203,172;357,266	432,462;375,58;140,429	743	1436648114
326,225;237,380;469,194	247,289;276,295;423,400	831	1436648128
361,351;363,67;427,305	331,427;436,88;261,88	593	1436648134
173,283;236,207;210,236	439,379;428,442;470,378	286	1436648139
138,309;464,283;381,12	191,101;348,229;76,161	658	1436648144
17,46;151,56;365,187	398,321;480,469;36,146	266	1436648149
77,378;218,284;101,337	477,307;194,250;358,285	646	1436648157
149,207;426,247;34,439	487,320;180,105;346,471	333	1436648164
14,381;248,59;194,65	70,352;274,237;420,185	446	1436648169
149,207;426,247;34,439	485,409;304,208;147,195	651	1436648175
288,255;363,115;201,424	191,30;485,236;191,31	230	1436648182
437,319;434,366;263,222	369,433;450,47;441,334	837	1436648187
434,46;256,333;263,59	313,366;361,224;174,250	609	1436648193
2G7u9Q632