136	L	0.0.0.0	1436654063
86,169;120,216;436,399	144,391;208,137;457,168	998	1436654209
86,78;211,107;147,483	300,72;222,477;113,110	45	1436654237
42,319;93,132;46,412	429,92;312,197;119,197	973	1436654256
321,361;415,193;224,237	321,361;415,193;224,237	0	1436654272
213,263;455,213;370,59	177,372;447,44;475,193	515	1436654293
280,308;219,21;355,351	311,180;66,426;446,166	16	1436654317
361,351;363,67;427,305	331,427;436,88;261,88	15	1436654352
79,252;45,465;167,168	122,184;108,148;130,275	910	1436654363
94,322;203,172;357,266	382,420;78,286;171,161	835	1436654375
289,275;124,139;404,132	64,350;300,209;209,225	839	1436654383
302,153;253,50;22,320	476,417;228,133;242,261	920	1436654393
437,319;434,366;263,222	188,249;297,73;407,19	933	1436654400
243,67;134,101;413,344	454,165;116,489;458,159	1000	1436654407
486,420;466,135;48,26	311,93;28,325;382,465	999	1436654423
454,150;330,203;41,29	177,53;321,240;159,198	983	1436654431
328,478;105,100;94,196	93,446;420,42;263,168	1000	1436654437
237,152;242,200;252,74	216,303;76,251;412,435	26	1436654455
81,305;170,352;100,55	279,412;124,429;468,158	21	1436654463
30,91;139,376;373,470	394,477;186,259;16,449	419	1436654478
436,397;257,297;167,38	277,124;421,444;62,304	944	1436654488
131,485;147,168;29,201	216,467;165,365;390,81	899	1436654494
329,401;253,227;31,373	247,230;183,286;100,127	7	1436654506
421,166;418,470;354,366	27,469;483,409;435,342	1000	1436654513
476,294;303,467;230,176	285,361;450,336;468,131	902	1436654521
259,318;411,396;410,44	370,374;23,98;461,311	254	1436654533
340,30;42,217;206,132	73,480;193,216;212,306	970	1436654540
263,95;109,479;387,294	235,148;353,340;168,399	835	1436654549
331,59;98,201;91,149	297,426;384,314;116,88	38	1436654564
451,398;119,210;123,346	368,123;366,182;12,15	975	1436654576
78,439;155,20;227,146	326,309;319,13;25,294	991	1436654585
33,209;12,45;453,237	180,364;27,47;409,62	979	1436654592
149,472;373,24;339,29	97,321;57,276;126,36	997	1436654599
369,71;75,28;27,254	12,285;209,101;71,444	914	1436654613
422,179;272,248;370,272	464,220;261,413;366,345	644	1436654631
430,321;167,177;252,84	460,453;28,249;484,176	905	1436654638
47,391;148,373;38,126	354,311;306,25;134,88	44	1436654652
302,153;253,50;22,320	312,96;67,311;453,89	616	1436654660
115,72;67,147;76,253	123,424;36,334;263,456	19	1436654668
264,426;482,179;18,329	174,329;253,295;478,368	153	1436654680
109,330;82,457;356,328	369,244;122,373;294,112	16	1436654689
134,194;106,178;445,461	481,322;53,53;38,15	1000	1436654698
106,64;466,431;23,193	440,100;394,318;65,271	833	1436654706
84,411;347,471;487,416	238,57;391,391;172,280	981	1436654714
413,108;257,190;318,247	67,441;199,462;381,290	841	1436654721
451,398;119,210;123,346	285,80;418,18;21,405	883	1436654731
165,353;21,269;375,230	490,175;333,20;155,481	807	1436654738
472,215;100,255;419,377	22,416;223,393;20,99	0	1436654748
160,405;214,119;331,69	293,324;261,351;356,143	70	1436654765
17,46;151,56;365,187	21,46;426,325;344,299	870	1436654775
391,41;216,359;395,193	178,256;190,464;316,57	922	1436654783
490,112;372,218;284,337	71,78;108,436;136,40	970	1436654789
259,346;414,205;135,277	296,215;62,334;84,130	887	1436654795
480,200;18,58;163,93	96,42;259,252;245,189	1000	1436654801
486,420;466,135;48,26	297,19;406,469;218,187	4	1436654810
320,214;302,129;101,275	68,72;475,448;330,378	983	1436654817
426,423;260,418;118,450	28,194;110,340;284,188	934	1436654829
115,72;67,147;76,253	362,259;333,241;426,113	874	1436654836
309,341;144,310;36,277	31,466;159,317;78,383	583	1436654851
309,341;144,310;36,277	268,87;231,304;298,401	136	1436654879
67,215;473,407;217,122	379,152;280,326;83,17	725	1436654888
99,276;44,352;63,461	124,230;180,247;47,449	903	1436654894
430,321;167,177;252,84	187,436;41,477;435,182	1000	1436654902
50,230;454,95;53,165	26,389;360,73;43,289	29	1436654914
176,459;112,57;358,106	45,425;33,479;286,135	921	1436654921
436,397;257,297;167,38	411,67;428,200;296,189	987	1436654928
348,101;67,161;463,403	317,487;71,165;334,274	729	1436654938
215,192;480,472;474,272	414,234;223,431;78,190	824	1436654946
367,14;142,80;418,272	333,250;183,121;198,246	791	1436654952
27,166;224,232;336,184	318,342;122,301;240,300	661	1436654967
400,449;374,428;121,463	477,219;285,475;454,201	0	1436654974
288,255;363,115;201,424	364,366;57,22;193,203	1000	1436654982
403,418;355,175;441,422	52,292;130,78;120,64	88	1436654998
165,353;21,269;375,230	21,15;347,50;209,320	599	1436655008
77,378;218,284;101,337	425,81;82,123;70,144	835	1436655015
426,423;260,418;118,450	408,353;127,61;485,357	842	1436655021
483,212;133,59;270,165	109,391;396,333;417,67	249	1436655037
215,192;480,472;474,272	233,312;158,298;239,63	516	1436655054
350,323;362,239;303,269	72,447;334,414;85,246	92	1436655062
29,336;149,288;145,476	460,177;225,101;103,411	280	1436655070
336,164;338,255;166,164	190,35;59,294;396,294	139	1436655078
364,292;84,412;177,324	386,485;446,419;400,459	367	1436655091
70,165;430,387;381,404	66,199;13,178;400,482	1000	1436655098
456,187;250,94;44,448	284,372;56,123;190,36	938	1436655106
219,444;284,74;293,226	464,468;262,354;113,443	565	1436655121
480,200;18,58;163,93	341,89;257,63;141,83	1000	1436655129
163,62;52,204;431,228	480,287;134,112;67,348	393	1436655152
422,485;437,26;317,235	474,256;70,180;402,463	678	1436655158
149,390;100,177;399,387	224,452;77,225;420,63	581	1436655177
193,479;168,135;358,222	88,363;399,336;189,383	1000	1436655183
398,474;21,332;153,380	398,474;21,332;153,380	0	1436655193
472,215;100,255;419,377	454,110;79,204;208,279	15	1436655204
22,234;410,399;65,307	258,114;81,46;341,182	972	1436655212
340,30;42,217;206,132	475,327;463,284;461,273	1000	1436655218
83,257;454,269;464,300	91,98;93,367;102,277	1000	1436655224
79,296;21,137;58,269	153,48;92,103;14,107	992	1436655232
106,64;466,431;23,193	182,351;82,472;412,191	1000	1436655239
259,12;379,60;30,391	259,12;379,60;30,391	0	1436655245
428,58;228,125;188,159	227,105;212,192;410,489	0	1436655261
94,322;203,172;357,266	273,17;483,117;338,145	0	1436655268
14,381;248,59;194,65	381,263;306,204;268,123	990	1436655275
89,154;125,240;275,406	116,412;475,159;104,366	996	1436655285
347,119;193,213;98,56	410,238;125,257;327,105	93	1436655295
18,137;86,382;213,302	33,260;170,421;436,61	0	1436655302
60,251;418,393;465,310	275,188;411,266;298,361	236	1436655310
41,219;225,126;483,435	427,173;247,461;91,481	980	1436655317
67,215;473,407;217,122	85,258;201,100;351,375	210	1436655327
348,115;438,274;26,142	365,424;425,49;304,424	794	1436655333
302,153;253,50;22,320	484,338;110,397;236,177	869	1436655340
204,121;86,145;361,323	377,60;40,26;303,280	828	1436655346
24,311;225,155;395,451	316,319;134,56;218,407	882	1436655352
347,119;193,213;98,56	372,385;331,413;106,131	957	1436655356
319,282;233,136;160,191	191,31;39,169;90,144	1000	1436655361
175,154;304,335;403,39	73,256;309,16;318,116	1000	1436655366
292,416;350,79;155,60	135,387;449,95;270,413	406	1436655382
164,413;335,411;112,73	245,155;201,420;291,471	769	1436655390
418,81;141,116;372,336	488,469;300,36;35,199	558	1436655397
200,93;21,334;329,359	467,379;192,465;469,371	991	1436655402
479,460;140,415;277,378	206,162;393,462;15,73	892	1436655414
50,312;460,337;35,192	50,312;460,337;35,192	0	1436655420
237,152;242,200;252,74	86,94;397,42;461,124	1000	1436655426
154,238;467,70;310,310	142,94;69,429;294,144	377	1436655433
89,154;125,240;275,406	269,133;387,345;341,466	914	1436655440
345,271;35,466;332,304	62,117;405,304;117,132	252	1436655447
83,486;84,230;32,399	177,319;379,214;244,226	149	1436655454
202,377;108,149;59,131	421,113;473,101;488,30	747	1436655462
134,19;328,214;253,384	257,356;112,231;227,350	984	1436655472
302,153;253,50;22,320	426,312;254,290;354,16	249	1436655479
163,62;52,204;431,228	340,185;30,269;257,117	779	1436655486
334,175;30,443;201,65	126,444;176,284;71,16	346	1436655494
118,74;160,342;370,12	264,65;32,209;273,412	335	1436655501
115,72;67,147;76,253	313,42;395,107;187,189	417	1436655514
486,420;466,135;48,26	417,397;72,487;394,44	458	1436655525
106,64;466,431;23,193	226,166;15,19;283,456	705	1436655536
391,129;343,198;210,101	398,213;469,295;197,183	672	1436655541
347,119;193,213;98,56	61,430;76,336;243,121	848	1436655546
2D3x6M570