137	L	0.0.0.0	1436646123
86,169;120,216;436,399	144,391;208,137;457,168	799	1436646206
86,78;211,107;147,483	300,72;222,477;113,110	278	1436646227
42,319;93,132;46,412	429,92;312,197;119,197	803	1436646243
321,361;415,193;224,237	321,361;415,193;224,237	0	1436646252
213,263;455,213;370,59	177,372;447,44;475,193	450	1436646265
280,308;219,21;355,351	311,180;66,426;446,166	0	1436646283
443,470;306,312;381,341	352,80;276,205;370,387	542	1436646312
128,117;70,485;43,73	126,298;448,190;395,353	798	1436646320
327,320;281,153;460,258	331,318;278,221;337,473	710	1436646325
76,347;113,369;99,460	76,401;54,469;159,421	524	1436646335
302,153;253,50;22,320	114,201;361,349;26,467	1000	1436646344
291,336;119,466;244,123	444,131;295,69;130,263	630	1436646352
50,312;460,337;35,192	50,312;460,337;35,192	0	1436646362
115,72;67,147;76,253	292,131;206,103;468,276	965	1436646390
27,166;224,232;336,184	351,311;466,227;304,320	936	1436646404
361,351;363,67;427,305	404,337;419,464;157,189	256	1436646426
83,486;84,230;32,399	447,412;364,335;145,85	1000	1436646432
328,478;105,100;94,196	339,97;22,18;422,112	1000	1436646437
350,323;362,239;303,269	72,447;334,414;85,246	527	1436646456
27,166;224,232;336,184	254,20;367,462;471,82	713	1436646466
74,248;95,41;316,390	21,358;398,387;206,210	581	1436646471
115,72;67,147;76,253	172,302;218,210;289,238	827	1436646477
23,28;369,459;24,30	26,394;14,141;176,167	1000	1436646482
264,426;482,179;18,329	181,55;406,188;57,372	172	1436646491
13,484;125,87;389,447	144,104;215,333;427,308	467	1436646499
39,110;252,187;142,166	203,326;52,480;98,249	1000	1436646504
17,46;151,56;365,187	120,465;247,323;490,300	240	1436646514
309,341;144,310;36,277	64,468;120,363;190,289	127	1436646520
480,200;18,58;163,93	187,418;239,313;225,338	744	1436646527
259,318;411,396;410,44	370,374;23,98;461,311	257	1436646534
437,74;199,417;94,277	211,386;455,481;50,40	618	1436646542
451,398;119,210;123,346	489,191;317,393;227,128	618	1436646550
281,293;134,442;28,68	45,315;211,377;356,247	763	1436646556
456,223;140,201;442,74	439,308;311,84;190,258	307	1436646562
302,153;253,50;22,320	390,461;428,400;22,382	296	1436646567
181,181;466,80;52,328	61,124;63,350;150,88	616	1436646573
288,255;363,115;201,424	389,285;367,194;439,431	231	1436646578
418,431;120,100;122,418	272,51;154,276;288,11	1000	1436646585
464,132;401,378;411,298	275,435;180,413;460,149	1000	1436646593
309,341;144,310;36,277	92,419;277,129;315,93	363	1436646600
302,153;253,50;22,320	163,419;335,419;181,394	601	1436646619
148,196;103,91;115,470	388,45;272,68;17,87	661	1436646624
278,337;58,306;216,204	343,256;351,147;394,83	897	1436646628
232,193;166,278;430,450	51,156;232,213;175,164	816	1436646633
488,277;351,30;184,192	125,12;463,74;106,295	253	1436646638
367,14;142,80;418,272	72,300;382,232;152,73	234	1436646644
43,236;379,412;248,230	252,227;317,435;149,360	457	1436646648
149,207;426,247;34,439	485,409;304,208;147,195	779	1436646653
296,440;164,242;381,391	179,126;364,253;307,386	182	1436646658
50,262;192,249;101,402	450,470;73,51;116,17	955	1436646663
35,425;89,233;175,236	72,245;460,130;328,230	716	1436646669
94,322;203,172;357,266	289,12;92,182;291,341	948	1436646675
233,210;379,177;269,373	417,22;404,66;281,58	577	1436646680
312,423;145,130;100,326	456,205;301,154;94,200	372	1436646685
469,440;338,244;159,183	401,79;479,152;425,161	868	1436646690
370,434;188,334;212,161	247,441;133,135;77,446	591	1436646696
426,423;260,418;118,450	73,489;90,427;49,226	279	1436646701
78,40;272,210;187,12	261,371;107,156;265,118	326	1436646707
234,177;91,104;345,327	265,103;347,235;447,369	955	1436646712
331,443;299,377;464,75	292,64;449,174;44,268	806	1436646725
345,271;35,466;332,304	62,117;405,304;117,132	254	1436646737
359,211;202,311;189,66	396,452;350,317;198,395	251	1436646742
27,166;224,232;336,184	148,312;28,16;350,450	796	1436646747
47,391;148,373;38,126	292,157;207,20;366,111	111	1436646752
309,23;360,111;406,300	203,442;477,266;433,344	178	1436646756
255,259;442,368;388,356	344,67;373,293;393,324	328	1436646762
38,326;94,255;266,301	375,267;194,61;87,130	700	1436646767
35,425;89,233;175,236	254,83;91,429;211,19	264	1436646772
428,58;228,125;188,159	174,402;85,465;258,325	964	1436646777
14,381;248,59;194,65	364,267;191,448;379,208	690	1436646782
430,321;167,177;252,84	424,248;136,462;296,136	567	1436646791
345,44;114,357;248,273	436,126;298,183;392,189	1000	1436646805
106,64;466,431;23,193	38,171;431,219;400,378	873	1436646812
44,216;18,283;221,415	168,269;218,280;160,455	233	1436646819
347,486;436,94;124,465	65,109;444,99;440,235	225	1436646824
215,192;480,472;474,272	476,379;317,83;278,292	778	1436646830
94,322;203,172;357,266	149,449;374,197;125,11	706	1436646835
204,121;86,145;361,323	377,60;40,26;303,280	324	1436646841
17,46;151,56;365,187	369,74;348,449;249,487	759	1436646846
274,166;363,356;11,444	322,484;381,29;206,191	834	1436646851
314,321;239,485;440,386	159,80;166,383;459,313	599	1436646857
348,115;438,274;26,142	418,242;125,30;449,37	875	1436646862
148,272;164,108;103,201	173,13;140,13;25,100	998	1436646867
328,478;105,100;94,196	398,431;365,487;295,163	706	1436646872
39,116;108,97;247,341	438,262;121,329;301,119	751	1436646877
361,351;363,67;427,305	385,475;130,149;416,282	328	1436646884
34,479;326,155;36,366	417,459;149,258;103,53	785	1436646889
238,77;129,88;110,459	490,463;201,307;204,186	726	1436646893
380,430;29,24;137,12	259,163;169,53;468,314	969	1436646899
17,46;151,56;365,187	274,158;266,436;245,144	956	1436646904
300,478;335,362;272,352	233,424;155,12;355,225	685	1436646911
76,358;489,417;96,438	220,280;459,37;441,371	679	1436646916
259,12;379,60;30,391	259,12;379,60;30,391	0	1436646920
94,322;203,172;357,266	346,358;489,130;479,419	611	1436646926
43,236;379,412;248,230	408,428;284,66;130,453	799	1436646931
440,73;266,296;53,430	488,237;436,297;207,45	1000	1436646936
54,476;207,232;319,143	197,57;433,264;306,456	864	1436646947
254,421;291,307;450,150	465,26;130,363;332,126	191	1436646955
414,143;298,296;370,130	396,84;93,238;216,210	923	1436646960
361,351;363,67;427,305	98,147;90,140;35,432	1000	1436646965
288,255;363,115;201,424	433,268;483,159;482,381	123	1436646974
419,257;464,191;276,14	356,56;409,470;226,202	98	1436646985
13,429;403,265;260,443	54,12;445,145;324,375	933	1436646990
367,14;142,80;418,272	269,143;443,456;373,160	400	1436646995
467,276;90,249;181,133	426,328;343,389;400,210	287	1436647000
115,72;67,147;76,253	123,424;36,334;263,456	743	1436647006
465,384;275,345;281,246	35,320;468,130;344,288	313	1436647012
445,310;299,222;290,245	262,173;187,107;82,335	873	1436647017
251,74;93,335;92,461	49,174;366,415;390,469	103	1436647024
404,477;120,330;443,490	279,140;449,364;283,113	58	1436647030
430,321;167,177;252,84	425,118;242,360;380,468	40	1436647035
149,207;426,247;34,439	108,192;134,376;393,489	822	1436647040
486,420;466,135;48,26	129,199;112,79;199,292	726	1436647045
261,241;149,381;371,99	27,349;46,482;365,55	792	1436647052
368,392;103,436;140,162	71,347;259,259;376,24	877	1436647057
67,215;473,407;217,122	26,58;79,270;230,130	768	1436647062
43,236;379,412;248,230	438,401;86,242;320,373	593	1436647070
23,28;369,459;24,30	118,144;404,248;143,59	849	1436647077
472,83;362,33;42,272	26,485;383,468;440,335	825	1436647084
281,293;134,442;28,68	32,387;319,211;70,17	665	1436647092
75,11;396,474;302,294	263,287;26,301;77,376	355	1436647099
347,119;193,213;98,56	182,431;303,162;460,283	643	1436647105
149,207;426,247;34,439	24,229;429,31;372,486	118	1436647110
157,330;383,123;233,46	280,391;58,440;302,204	361	1436647116
309,341;144,310;36,277	321,162;305,214;464,70	787	1436647121
53,87;271,443;320,346	410,38;170,183;447,119	744	1436647126
214,58;329,67;163,421	376,41;382,90;35,413	404	1436647131
347,119;193,213;98,56	461,340;138,448;457,222	634	1436647137
398,474;21,332;153,380	398,474;21,332;153,380	0	1436647143
486,420;466,135;48,26	417,397;72,487;394,44	716	1436647148
228,339;349,374;222,436	172,281;177,257;128,250	176	1436647153
390,258;169,383;73,302	245,73;389,266;148,324	271	1436647158
196,412;444,339;304,208	210,295;357,401;244,242	629	1436647165
264,426;482,179;18,329	142,455;452,149;490,134	427	1436647173
196,412;444,339;304,208	162,324;239,215;187,347	722	1436647178
456,187;250,94;44,448	284,372;56,123;190,36	650	1436647183
2G7v8P481