137	L	0.0.0.0	1436653527
86,169;120,216;436,399	144,391;208,137;457,168	1000	1436653627
86,78;211,107;147,483	300,72;222,477;113,110	363	1436653636
42,319;93,132;46,412	429,92;312,197;119,197	1000	1436653643
321,361;415,193;224,237	321,361;415,193;224,237	1	1436653649
213,263;455,213;370,59	177,372;447,44;475,193	772	1436653657
280,308;219,21;355,351	311,180;66,426;446,166	939	1436653664
264,426;482,179;18,329	181,55;406,188;57,372	71	1436653672
426,423;260,418;118,450	422,324;340,342;32,254	970	1436653680
255,298;155,364;311,134	422,340;96,359;292,75	1000	1436653694
215,192;480,472;474,272	429,264;89,171;464,444	361	1436653703
27,166;224,232;336,184	249,166;490,213;378,488	965	1436653711
140,364;396,396;270,149	226,362;39,57;390,14	755	1436653720
14,381;248,59;194,65	209,430;401,399;469,204	981	1436653726
50,230;454,95;53,165	131,441;70,123;418,219	1000	1436653733
320,214;302,129;101,275	68,72;475,448;330,378	1000	1436653742
347,119;193,213;98,56	20,263;173,69;415,427	764	1436653776
340,30;42,217;206,132	146,161;448,295;338,85	1000	1436653781
204,489;143,109;260,195	327,433;110,426;43,282	881	1436653788
434,46;256,333;263,59	315,340;23,406;88,256	88	1436653796
306,231;412,156;490,64	197,235;195,81;20,78	937	1436653801
277,65;218,404;376,340	279,410;26,475;432,490	917	1436653808
77,378;218,284;101,337	62,51;159,440;384,489	979	1436653815
185,130;303,432;425,447	327,157;310,16;166,401	976	1436653821
196,412;444,339;304,208	139,79;275,251;113,397	329	1436653835
309,341;144,310;36,277	115,116;55,50;344,379	402	1436653842
270,124;168,394;223,81	366,401;288,341;224,44	698	1436653850
196,412;444,339;304,208	162,324;239,215;187,347	846	1436653861
142,464;402,211;168,411	450,334;273,76;102,33	626	1436653874
215,192;480,472;474,272	125,140;165,332;487,456	320	1436653884
27,166;224,232;336,184	38,478;339,296;371,167	761	1436653895
436,397;257,297;167,38	76,62;79,425;49,402	973	1436653927
259,12;379,60;30,391	259,12;379,60;30,391	61	1436653942
39,16;84,400;37,182	469,197;252,187;31,52	859	1436653948
349,180;55,212;387,436	167,454;16,239;470,109	706	1436653956
309,341;144,310;36,277	92,419;277,129;315,93	644	1436653962
428,58;228,125;188,159	285,168;250,68;13,250	901	1436653969
138,309;464,283;381,12	191,101;348,229;76,161	757	1436653976
47,391;148,373;38,126	24,294;178,258;312,66	647	1436653982
472,473;177,324;281,143	247,106;418,223;346,377	331	1436653991
264,426;482,179;18,329	364,332;79,364;347,155	324	1436654001
235,310;109,428;57,128	151,198;91,194;143,204	931	1436654006
73,111;125,418;127,101	120,334;61,441;435,69	677	1436654010
451,398;119,210;123,346	102,155;118,431;327,45	658	1436654016
430,321;167,177;252,84	65,283;382,32;179,376	313	1436654023
76,347;113,369;99,460	451,229;435,457;483,48	979	1436654028
25,128;204,20;96,353	219,175;303,139;370,372	745	1436654034
154,238;467,70;310,310	340,139;245,145;422,344	598	1436654041
398,474;21,332;153,380	398,474;21,332;153,380	0	1436654046
69,233;114,276;185,426	413,94;434,368;148,336	926	1436654053
386,314;64,242;41,146	472,434;111,396;27,416	582	1436654060
267,411;246,224;350,129	234,84;303,160;102,402	420	1436654066
428,58;228,125;188,159	394,444;260,383;184,211	747	1436654072
14,440;458,64;361,20	343,488;156,207;238,222	381	1436654077
50,312;460,337;35,192	50,312;460,337;35,192	0	1436654083
198,161;13,242;92,45	350,151;476,27;363,390	674	1436654087
308,466;117,200;334,143	173,315;291,154;93,394	933	1436654092
326,42;338,386;170,183	163,267;327,379;235,323	803	1436654097
27,166;224,232;336,184	276,129;262,35;89,393	732	1436654103
76,358;489,417;96,438	199,120;467,107;428,16	599	1436654109
309,341;144,310;36,277	31,466;159,317;78,383	760	1436654115
338,328;155,125;160,228	267,410;261,204;81,187	644	1436654121
165,353;21,269;375,230	295,60;228,396;215,306	821	1436654128
453,108;203,62;223,163	467,49;272,104;205,404	771	1436654135
434,46;256,333;263,59	482,231;334,88;174,316	368	1436654141
451,163;104,355;284,455	447,299;428,96;219,304	445	1436654149
50,230;454,95;53,165	22,78;145,45;414,486	243	1436654155
106,428;236,364;244,331	118,33;253,299;389,40	746	1436654161
480,200;18,58;163,93	441,86;272,56;36,71	636	1436654166
241,450;67,212;96,236	430,406;304,388;105,309	339	1436654172
175,156;251,360;400,188	59,366;416,477;72,88	406	1436654177
257,426;47,462;113,341	13,313;468,335;284,357	898	1436654182
67,215;473,407;217,122	472,152;49,345;224,100	342	1436654187
89,154;125,240;275,406	392,49;15,78;466,120	752	1436654193
49,32;361,67;69,157	62,148;255,128;268,323	440	1436654198
76,347;113,369;99,460	211,426;484,161;386,345	906	1436654203
149,207;426,247;34,439	203,404;210,112;14,143	219	1436654208
17,46;151,56;365,187	206,56;382,367;443,376	692	1436654215
14,381;248,59;194,65	137,370;384,18;242,292	774	1436654221
437,319;434,366;263,222	111,328;43,260;259,145	348	1436654226
14,381;248,59;194,65	428,16;25,366;392,271	857	1436654231
443,321;153,388;404,266	96,449;130,163;60,168	378	1436654237
486,420;466,135;48,26	414,257;126,184;344,133	613	1436654245
426,309;167,290;292,151	146,440;361,444;26,436	1000	1436654250
344,96;488,24;60,275	251,58;71,105;241,86	764	1436654257
50,230;454,95;53,165	150,197;186,396;475,442	915	1436654264
55,76;362,79;238,213	153,295;92,202;475,318	686	1436654268
281,293;134,442;28,68	75,475;270,398;226,205	661	1436654275
17,46;151,56;365,187	460,210;116,485;106,355	735	1436654284
13,484;125,87;389,447	144,104;215,333;427,308	341	1436654291
428,58;228,125;188,159	309,415;211,281;42,118	855	1436654296
196,412;444,339;304,208	179,322;301,110;54,53	87	1436654300
44,216;18,283;221,415	253,487;369,346;394,259	837	1436654307
43,236;379,412;248,230	258,62;294,58;282,379	925	1436654312
401,471;68,88;169,403	424,110;340,177;82,93	764	1436654317
15,98;261,151;132,185	247,157;258,306;155,472	839	1436654323
361,351;363,67;427,305	42,432;235,100;88,307	983	1436654331
295,183;487,411;182,258	193,284;165,278;189,126	976	1436654337
196,412;444,339;304,208	181,22;410,167;248,382	61	1436654343
34,479;326,155;36,366	417,459;149,258;103,53	158	1436654350
204,332;456,409;52,169	156,235;308,133;309,447	767	1436654355
302,153;253,50;22,320	353,237;461,139;59,323	923	1436654360
31,139;147,71;261,139	395,223;110,363;55,139	715	1436654367
50,230;454,95;53,165	477,61;271,223;123,206	659	1436654378
83,486;84,230;32,399	108,74;74,435;54,374	830	1436654383
296,440;164,242;381,391	179,126;364,253;307,386	353	1436654389
83,486;84,230;32,399	392,17;388,69;476,61	754	1436654397
83,486;84,230;32,399	447,412;364,335;145,85	1000	1436654403
410,62;383,256;195,198	141,428;193,318;225,144	926	1436654409
281,293;134,442;28,68	62,96;62,35;31,196	957	1436654415
27,166;224,232;336,184	318,342;122,301;240,300	853	1436654420
367,14;142,80;418,272	121,214;488,205;306,352	246	1436654428
43,236;379,412;248,230	177,369;292,477;139,124	717	1436654434
281,214;418,373;400,139	93,476;363,460;361,132	396	1436654441
375,235;259,479;295,96	310,46;43,28;190,460	659	1436654445
106,64;466,431;23,193	229,134;213,370;60,17	833	1436654451
472,215;100,255;419,377	448,73;99,421;18,19	406	1436654459
76,358;489,417;96,438	337,431;202,359;40,201	738	1436654464
273,91;379,471;397,464	340,451;447,445;51,204	654	1436654470
281,293;134,442;28,68	92,120;240,335;345,231	92	1436654475
101,226;150,446;190,33	13,308;75,352;361,395	899	1436654479
133,141;387,321;387,219	450,346;345,467;216,405	329	1436654486
14,381;248,59;194,65	115,217;84,258;57,472	823	1436654512
17,46;151,56;365,187	32,130;265,155;80,116	612	1436654516
437,319;434,366;263,222	339,223;246,71;442,181	663	1436654522
428,58;228,125;188,159	264,210;305,339;87,163	836	1436654528
348,115;438,274;26,142	22,474;146,228;352,414	405	1436654535
428,58;228,125;188,159	382,395;54,111;396,417	915	1436654541
348,436;44,123;313,151	128,169;430,380;475,197	677	1436654546
242,64;415,103;479,266	81,280;410,93;446,391	743	1436654551
76,358;489,417;96,438	125,213;356,409;484,58	662	1436654558
47,391;148,373;38,126	461,480;53,384;60,153	369	1436654565
315,264;142,472;399,101	164,429;384,339;372,362	920	1436654572
434,261;375,306;396,198	28,364;457,209;472,231	978	1436654577
430,321;167,177;252,84	43,354;17,253;465,74	346	1436654583
436,301;49,25;186,84	418,118;213,403;255,55	1000	1436654588
427,55;168,381;374,397	240,321;197,156;404,106	578	1436654594
2D6t6M755