136	L	0.0.0.0	1436646253
86,169;120,216;436,399	144,391;208,137;457,168	260	1436646356
86,78;211,107;147,483	300,72;222,477;113,110	280	1436646362
42,319;93,132;46,412	429,92;312,197;119,197	436	1436646369
321,361;415,193;224,237	321,361;415,193;224,237	0	1436646375
213,263;455,213;370,59	177,372;447,44;475,193	425	1436646380
280,308;219,21;355,351	311,180;66,426;446,166	467	1436646385
214,408;96,75;97,390	20,34;480,83;321,21	741	1436646392
366,76;283,33;99,25	117,80;116,330;24,229	861	1436646398
76,358;489,417;96,438	193,105;157,486;60,349	915	1436646403
395,287;467,308;414,224	439,160;476,397;25,329	1000	1436646408
460,245;158,394;24,467	193,256;186,202;363,314	1000	1436646413
428,58;228,125;188,159	380,244;236,244;384,216	1000	1436646419
17,46;151,56;365,187	385,420;88,55;100,140	703	1436646423
144,140;310,173;282,24	78,319;266,312;261,202	695	1436646429
227,312;425,15;356,99	143,243;249,252;190,157	1000	1436646434
87,133;455,435;99,63	274,343;190,366;380,210	867	1436646438
426,423;260,418;118,450	469,211;229,81;453,232	1000	1436646444
335,299;416,204;213,295	286,211;72,227;360,419	855	1436646450
237,152;242,200;252,74	320,447;228,74;330,414	1000	1436646461
309,341;144,310;36,277	90,422;220,481;439,146	1000	1436646469
35,425;89,233;175,236	424,404;439,345;252,64	885	1436646474
50,312;460,337;35,192	50,312;460,337;35,192	0	1436646479
288,255;363,115;201,424	361,328;456,371;192,254	502	1436646488
17,46;151,56;365,187	384,395;52,357;209,389	656	1436646494
142,418;126,219;48,213	450,394;443,448;425,262	1000	1436646501
264,291;43,117;98,407	227,268;449,309;97,478	867	1436646508
215,74;161,202;355,181	234,272;48,228;83,76	958	1436646513
347,119;193,213;98,56	26,118;486,317;246,474	1000	1436646526
309,178;298,163;167,362	416,424;175,204;75,131	1000	1436646533
152,401;452,425;342,253	417,317;151,31;358,79	1000	1436646539
437,319;434,366;263,222	368,490;130,91;156,11	1000	1436646544
215,192;480,472;474,272	379,179;178,18;238,296	1000	1436646549
244,336;22,332;348,265	128,197;35,206;78,51	999	1436646554
391,41;216,359;395,193	281,483;58,279;356,134	882	1436646561
166,179;488,165;217,120	295,68;31,85;426,336	1000	1436646567
76,347;113,369;99,460	174,165;274,361;28,411	1000	1436646573
264,426;482,179;18,329	486,450;408,32;52,374	1000	1436646583
451,398;119,210;123,346	233,281;156,313;198,222	1000	1436646591
37,199;83,217;133,28	135,488;348,464;161,15	709	1436646598
165,353;21,269;375,230	365,141;163,185;37,95	1000	1436646607
274,438;428,218;434,478	390,76;35,473;314,307	1000	1436646613
474,386;89,147;461,238	141,350;451,34;203,354	1000	1436646619
246,56;352,469;423,189	227,70;403,91;371,326	1000	1436646624
389,436;316,101;284,115	96,334;263,102;85,398	1000	1436646630
480,200;18,58;163,93	20,475;302,57;284,144	1000	1436646635
332,231;247,283;74,485	79,324;255,360;107,332	1000	1436646642
451,398;119,210;123,346	270,459;134,441;342,280	1000	1436646670
302,153;253,50;22,320	114,201;361,349;26,467	1000	1436646677
350,428;81,399;260,182	171,443;337,465;436,378	1000	1436646692
165,353;21,269;375,230	427,73;395,381;203,67	1000	1436646708
446,303;134,198;474,105	83,307;420,322;362,466	1000	1436646713
426,423;260,418;118,450	93,281;116,272;151,123	1000	1436646720
215,192;480,472;474,272	461,262;40,11;223,417	1000	1436646726
437,319;434,366;263,222	106,88;69,114;473,194	1000	1436646857
94,322;203,172;357,266	464,88;411,455;303,61	987	1436646896
63,441;208,274;278,164	216,200;335,399;158,29	999	1436646903
409,97;164,30;421,26	69,86;191,148;342,362	1000	1436646950
35,425;89,233;175,236	384,74;193,49;345,268	1000	1436646965
196,412;444,339;304,208	428,370;340,270;142,168	1000	1436647048
437,319;434,366;263,222	199,147;118,277;328,54	1000	1436647057
23,28;369,459;24,30	266,197;451,377;218,169	1000	1436647221
436,397;257,297;167,38	64,266;328,270;463,207	1000	1436647243
101,190;130,38;397,73	321,433;28,298;358,147	826	1436647314
469,99;241,464;423,183	252,375;404,40;104,58	1000	1436647320
398,474;21,332;153,380	398,474;21,332;153,380	0	1436647326
281,293;134,442;28,68	95,414;81,112;248,434	278	1436647332
381,435;363,360;239,70	237,387;453,53;411,363	1000	1436647338
452,198;239,54;313,426	165,240;464,34;376,184	861	1436647345
144,409;41,15;104,154	24,392;267,148;307,112	1000	1436647350
264,426;482,179;18,329	386,407;448,165;120,424	367	1436647357
240,292;79,112;138,295	362,298;437,394;227,431	872	1436647366
60,251;418,393;465,310	275,188;411,266;298,361	948	1436647371
430,321;167,177;252,84	29,368;283,297;275,435	997	1436647393
418,339;165,412;331,453	459,15;208,311;428,377	838	1436647399
259,12;379,60;30,391	259,12;379,60;30,391	0	1436647405
451,398;119,210;123,346	256,183;382,183;160,319	1000	1436647421
391,41;216,359;395,193	413,241;490,469;84,37	1000	1436647426
137,148;480,110;212,50	381,328;161,158;179,335	1000	1436647431
356,261;479,71;183,330	357,145;288,23;292,317	789	1436647436
391,41;216,359;395,193	28,89;377,167;33,212	677	1436647443
149,207;426,247;34,439	69,384;460,447;148,277	1000	1436647449
77,378;218,284;101,337	238,162;154,330;398,429	1000	1436647457
118,74;160,342;370,12	264,65;32,209;273,412	870	1436647462
276,452;445,420;162,325	347,398;15,60;481,302	1000	1436647469
277,263;170,246;177,390	277,410;424,472;225,190	1000	1436647475
67,215;473,407;217,122	15,395;157,371;305,487	1000	1436647481
436,397;257,297;167,38	63,200;473,327;269,349	1000	1436647486
20,183;330,410;103,216	312,144;477,294;381,171	1000	1436647496
364,32;62,161;383,238	119,62;373,207;152,268	1000	1436647502
77,378;218,284;101,337	215,241;326,234;38,256	1000	1436647510
250,328;277,380;380,270	57,349;71,189;406,447	1000	1436647514
19,24;54,122;446,484	329,108;99,182;215,100	1000	1436647518
27,166;224,232;336,184	361,109;490,288;319,142	1000	1436647523
457,19;206,405;63,247	56,481;275,293;451,355	891	1436647528
23,28;369,459;24,30	479,97;465,95;79,92	1000	1436647532
187,170;300,450;229,158	429,255;399,90;412,381	898	1436647536
135,41;460,109;390,41	134,365;267,341;184,252	1000	1436647541
404,477;120,330;443,490	279,140;449,364;283,113	1000	1436647545
83,486;84,230;32,399	338,133;351,304;67,159	970	1436647550
125,195;62,374;476,49	37,235;287,488;309,276	1000	1436647554
472,215;100,255;419,377	394,61;291,230;96,221	1000	1436647565
17,46;151,56;365,187	169,262;243,133;446,87	849	1436647571
472,215;100,255;419,377	292,85;298,332;400,34	972	1436647575
215,192;480,472;474,272	59,124;447,23;114,442	979	1436647581
35,425;89,233;175,236	484,395;14,138;127,421	1000	1436647586
349,151;208,317;95,172	413,109;303,355;207,84	829	1436647591
106,64;466,431;23,193	182,351;82,472;412,191	992	1436647595
235,455;11,151;391,45	62,483;317,33;324,105	993	1436647600
451,398;119,210;123,346	403,127;411,488;473,20	1000	1436647605
361,351;363,67;427,305	22,203;14,22;132,473	1000	1436647610
281,293;134,442;28,68	84,129;395,300;307,43	1000	1436647621
154,238;467,70;310,310	286,408;191,189;32,177	972	1436647627
461,159;403,470;38,306	460,26;300,384;305,185	1000	1436647637
47,391;148,373;38,126	407,177;178,338;428,339	978	1436647643
50,259;249,488;86,47	175,318;213,98;48,90	978	1436647647
430,384;413,207;234,269	124,334;53,322;322,445	1000	1436647652
196,412;444,339;304,208	201,318;163,70;474,282	1000	1436647656
196,412;444,339;304,208	248,83;470,383;193,264	921	1436647661
76,358;489,417;96,438	456,154;432,448;233,166	977	1436647665
428,449;56,262;217,474	158,479;263,219;299,315	991	1436647670
83,486;84,230;32,399	107,460;397,79;209,402	993	1436647674
430,321;167,177;252,84	144,420;194,311;223,357	990	1436647686
414,143;298,296;370,130	396,84;93,238;216,210	1000	1436647691
434,46;256,333;263,59	45,264;90,463;367,385	1000	1436647697
317,257;169,276;69,427	178,402;219,372;160,180	1000	1436647703
95,424;213,481;367,250	107,485;469,93;210,462	1000	1436647709
242,12;127,31;373,156	91,34;248,260;460,393	1000	1436647721
472,215;100,255;419,377	300,84;60,199;438,268	981	1436647736
132,372;462,375;38,274	195,174;342,382;437,125	1000	1436647741
254,421;291,307;450,150	84,358;417,247;53,405	1000	1436647746
486,420;466,135;48,26	344,275;342,88;135,357	997	1436647752
302,153;253,50;22,320	476,417;228,133;242,261	980	1436647756
406,258;162,108;486,478	228,369;21,11;108,134	970	1436647762
302,153;253,50;22,320	424,44;270,476;50,99	1000	1436647766
27,166;224,232;336,184	194,182;247,23;380,410	1000	1436647771
1F3t9N799