136	L	0.0.0.0	1436646470
86,169;120,216;436,399	144,391;208,137;457,168	1000	1436646561
86,78;211,107;147,483	300,72;222,477;113,110	237	1436646567
42,319;93,132;46,412	429,92;312,197;119,197	952	1436646590
321,361;415,193;224,237	321,361;415,193;224,237	1000	1436646604
213,263;455,213;370,59	177,372;447,44;475,193	479	1436646616
280,308;219,21;355,351	311,180;66,426;446,166	858	1436646623
77,378;218,284;101,337	248,310;217,325;107,404	98	1436646628
370,434;188,334;212,161	247,441;133,135;77,446	289	1436646635
434,46;256,333;263,59	456,387;439,242;353,396	367	1436646641
67,215;473,407;217,122	379,152;280,326;83,17	0	1436646647
361,351;363,67;427,305	322,264;174,295;169,61	96	1436646653
154,238;467,70;310,310	478,53;267,146;270,446	134	1436646660
67,215;473,407;217,122	85,258;201,100;351,375	109	1436646669
426,423;260,418;118,450	28,194;110,340;284,188	984	1436646674
391,41;216,359;395,193	490,398;304,118;414,354	553	1436646684
259,12;379,60;30,391	259,12;379,60;30,391	0	1436646689
439,479;152,317;160,243	111,77;304,437;262,98	219	1436646694
237,152;242,200;252,74	101,179;63,172;361,111	984	1436646700
14,381;248,59;194,65	195,456;27,77;192,376	24	1436646708
215,192;480,472;474,272	476,379;317,83;278,292	30	1436646726
391,41;216,359;395,193	216,193;463,114;282,437	140	1436646731
14,381;248,59;194,65	320,142;108,266;213,315	509	1436646738
254,421;291,307;450,150	141,390;406,388;488,412	365	1436646744
36,169;217,145;145,393	46,418;331,448;176,92	274	1436646750
393,141;234,36;161,63	470,97;94,277;242,175	589	1436646757
23,28;369,459;24,30	371,104;13,271;48,285	1000	1436646762
357,48;366,331;359,287	217,378;35,163;334,198	988	1436646767
17,46;151,56;365,187	274,158;266,436;245,144	645	1436646788
398,474;21,332;153,380	398,474;21,332;153,380	0	1436646793
188,443;158,207;184,286	480,380;354,230;319,283	672	1436646799
124,217;147,407;186,118	134,109;462,90;120,320	787	1436646805
198,348;409,23;386,440	416,40;185,147;281,313	249	1436646811
163,62;52,204;431,228	18,370;463,22;474,179	406	1436646817
215,192;480,472;474,272	53,481;373,486;18,327	289	1436646823
215,423;246,291;314,448	129,375;369,247;197,399	435	1436646829
367,14;142,80;418,272	63,106;103,235;393,177	399	1436646836
194,85;468,488;88,105	279,24;262,324;282,42	1000	1436646855
338,343;360,446;54,234	175,370;271,397;277,409	1000	1436646860
127,233;490,177;321,339	344,431;312,89;468,333	365	1436646866
426,423;260,418;118,450	363,384;200,50;293,279	285	1436646872
309,341;144,310;36,277	121,167;281,440;136,165	248	1436646879
367,14;142,80;418,272	116,365;414,272;370,108	238	1436646884
374,277;427,307;249,208	156,358;138,342;326,134	994	1436646892
47,391;148,373;38,126	402,51;137,297;109,348	864	1436646898
171,249;16,74;392,139	12,174;381,187;462,49	122	1436646903
235,455;11,151;391,45	62,483;317,33;324,105	958	1436646911
447,350;223,20;162,482	441,425;59,262;24,37	211	1436646919
449,290;296,391;62,458	58,12;460,482;50,142	995	1436646925
347,119;193,213;98,56	145,264;197,174;415,485	394	1436646931
50,230;454,95;53,165	296,214;149,370;98,469	629	1436646939
61,390;178,474;395,193	254,17;426,387;138,268	125	1436646944
434,475;158,34;233,328	347,426;360,395;256,86	987	1436646953
55,76;362,79;238,213	153,295;92,202;475,318	666	1436646961
257,79;44,47;465,358	359,68;262,342;249,77	883	1436646967
347,119;193,213;98,56	421,57;133,149;340,460	527	1436646972
367,14;142,80;418,272	418,177;433,249;441,104	1000	1436646978
223,126;340,163;87,453	303,264;60,108;290,28	784	1436646985
410,235;398,381;253,180	177,219;72,100;489,183	592	1436646994
331,363;167,84;478,185	290,437;88,191;427,114	144	1436647000
347,119;193,213;98,56	47,340;77,390;236,302	681	1436647008
396,80;161,248;281,51	31,120;258,159;465,394	667	1436647015
296,184;155,486;241,445	35,415;324,258;429,159	853	1436647022
430,321;167,177;252,84	28,285;195,31;394,204	766	1436647028
313,307;42,303;158,240	238,460;48,341;465,272	622	1436647032
103,415;388,475;88,354	288,109;416,132;460,198	614	1436647038
211,347;475,203;109,470	388,441;359,80;277,409	756	1436647056
94,322;203,172;357,266	266,46;326,351;215,285	869	1436647062
47,391;148,373;38,126	55,15;118,82;72,396	705	1436647067
56,165;350,184;51,232	306,413;200,148;41,329	877	1436647074
204,39;272,205;439,280	282,203;476,453;104,54	814	1436647079
44,319;320,435;84,356	342,279;245,48;363,277	150	1436647084
47,391;148,373;38,126	339,253;104,80;97,314	872	1436647089
275,65;445,195;450,364	346,203;475,472;84,252	720	1436647095
24,311;225,155;395,451	316,319;134,56;218,407	657	1436647104
451,398;119,210;123,346	66,152;314,58;373,347	642	1436647207
347,119;193,213;98,56	482,237;484,385;84,336	448	1436647212
306,47;106,440;353,462	192,490;132,31;347,136	23	1436647216
26,243;188,168;160,226	103,52;55,269;271,24	627	1436647221
23,248;123,178;127,233	346,359;16,106;282,34	829	1436647225
77,378;218,284;101,337	297,282;41,382;73,234	824	1436647230
121,381;321,89;390,224	94,245;303,334;143,100	757	1436647235
486,420;466,135;48,26	362,353;269,84;202,249	770	1436647239
340,30;42,217;206,132	44,233;250,145;227,38	898	1436647244
44,216;18,283;221,415	224,384;268,350;138,244	815	1436647249
434,46;256,333;263,59	180,383;309,426;474,70	841	1436647255
75,111;25,240;420,109	247,473;64,11;462,12	910	1436647260
325,433;441,67;78,111	427,403;470,218;317,436	884	1436647265
38,239;100,347;184,173	330,368;424,476;23,430	837	1436647270
50,312;460,337;35,192	50,312;460,337;35,192	29	1436647274
85,408;294,292;318,435	147,475;36,444;85,353	830	1436647279
449,258;17,126;408,307	97,53;147,25;468,335	11	1436647283
195,212;111,183;273,283	122,325;334,368;415,413	909	1436647288
431,191;206,303;333,343	327,488;97,469;396,85	888	1436647292
480,200;18,58;163,93	109,186;388,295;300,248	884	1436647297
23,24;436,476;154,238	455,313;103,136;390,305	925	1436647302
302,153;253,50;22,320	484,338;110,397;236,177	884	1436647306
486,420;466,135;48,26	297,19;406,469;218,187	898	1436647310
434,46;256,333;263,59	482,231;334,88;174,316	276	1436647315
307,31;59,122;60,281	85,255;11,75;185,248	813	1436647321
281,293;134,442;28,68	180,234;321,47;358,419	150	1436647326
50,230;454,95;53,165	484,91;125,384;21,344	185	1436647331
370,377;348,57;414,185	92,488;378,186;311,399	536	1436647337
43,236;379,412;248,230	438,401;86,242;320,373	912	1436647342
43,236;379,412;248,230	356,466;387,109;404,232	861	1436647346
402,31;67,441;155,458	330,435;183,148;363,206	815	1436647351
198,161;13,242;92,45	350,151;476,27;363,390	745	1436647355
357,14;271,116;332,160	280,473;351,138;74,398	458	1436647359
196,412;444,339;304,208	179,322;301,110;54,53	95	1436647364
320,407;405,126;474,217	488,225;152,243;223,22	840	1436647370
123,16;245,433;427,46	202,483;15,268;44,271	980	1436647375
264,426;482,179;18,329	415,264;467,45;92,324	13	1436647380
480,200;18,58;163,93	111,412;27,70;174,228	1000	1436647387
302,153;253,50;22,320	469,363;258,108;17,167	220	1436647392
140,445;339,480;74,382	365,29;67,252;128,347	879	1436647397
165,353;21,269;375,230	435,283;381,287;352,256	954	1436647401
486,420;466,135;48,26	147,299;171,70;204,277	912	1436647406
67,215;473,407;217,122	441,355;430,431;234,213	883	1436647411
391,41;216,359;395,193	276,22;134,384;292,152	192	1436647416
476,259;226,317;404,254	338,461;131,105;67,151	863	1436647421
300,232;230,83;30,223	60,209;170,421;211,15	857	1436647425
475,14;216,211;203,146	103,13;401,455;420,440	882	1436647430
455,460;200,267;348,322	212,490;364,191;448,193	824	1436647435
167,341;294,371;343,173	109,447;482,471;392,361	262	1436647443
486,420;466,135;48,26	235,396;75,360;131,101	860	1436647447
36,339;189,422;52,125	215,211;354,473;474,203	482	1436647452
47,391;148,373;38,126	292,157;207,20;366,111	354	1436647457
68,282;389,465;290,59	408,406;348,456;390,142	243	1436647461
437,74;199,417;94,277	211,386;455,481;50,40	312	1436647474
361,351;363,67;427,305	385,475;130,149;416,282	389	1436647478
35,425;89,233;175,236	193,379;423,63;314,405	348	1436647483
76,347;113,369;99,460	472,283;366,228;75,431	986	1436647490
478,489;308,238;358,217	263,122;280,462;266,317	999	1436647495
478,482;338,100;470,53	352,439;41,281;237,412	866	1436647501
136,417;143,229;278,310	188,162;375,169;98,361	237	1436647507
35,425;89,233;175,236	174,419;413,418;183,127	924	1436647512
3C7u9M345