137	R	0.0.0.0	1436646615
86,169;120,216;436,399	144,391;208,137;457,168	1000	1436646709
86,78;211,107;147,483	300,72;222,477;113,110	0	1436646719
42,319;93,132;46,412	429,92;312,197;119,197	327	1436646753
321,361;415,193;224,237	321,361;415,193;224,237	0	1436646761
213,263;455,213;370,59	177,372;447,44;475,193	751	1436646778
280,308;219,21;355,351	311,180;66,426;446,166	261	1436646787
345,327;88,338;326,415	91,165;473,125;118,387	0	1436646796
436,397;257,297;167,38	76,62;79,425;49,402	1000	1436646808
237,152;242,200;252,74	466,332;477,377;18,488	1000	1436646815
27,166;224,232;336,184	103,108;93,436;143,25	167	1436646839
89,154;125,240;275,406	358,166;433,103;32,239	259	1436646849
163,216;333,451;54,330	134,13;140,144;415,334	752	1436646864
196,412;444,339;304,208	361,369;180,243;300,455	879	1436646883
347,119;193,213;98,56	70,245;489,285;126,489	287	1436646891
259,12;379,60;30,391	259,12;379,60;30,391	0	1436646899
154,238;467,70;310,310	109,56;356,358;284,476	694	1436646905
213,383;98,57;304,200	396,146;200,298;380,69	730	1436646920
143,60;371,32;108,276	219,21;324,129;305,278	0	1436646931
165,353;21,269;375,230	25,71;390,12;353,361	895	1436646944
441,44;465,197;141,463	280,449;473,250;156,201	1000	1436646951
381,205;308,167;191,444	263,15;311,126;241,47	0	1436646975
75,214;33,260;449,416	369,17;404,392;481,289	0	1436646987
451,398;119,210;123,346	143,68;129,305;62,86	0	1436646992
414,489;468,222;467,385	249,131;232,155;40,466	1000	1436646998
174,283;179,124;480,242	250,355;19,312;379,21	750	1436647010
486,420;466,135;48,26	267,99;487,317;206,98	1000	1436647019
358,347;108,41;252,466	115,222;317,263;361,121	0	1436647031
14,295;274,190;417,65	64,18;430,190;162,216	0	1436647041
165,353;21,269;375,230	15,393;166,332;280,446	78	1436647049
426,423;260,418;118,450	337,391;157,208;447,377	1000	1436647059
83,486;84,230;32,399	107,460;397,79;209,402	847	1436647074
165,353;21,269;375,230	477,388;415,145;154,60	0	1436647084
90,349;86,272;60,159	328,34;320,454;294,213	0	1436647092
228,473;475,127;325,461	65,125;173,469;474,103	1000	1436647102
460,478;252,489;20,253	483,72;384,328;421,216	0	1436647121
50,230;454,95;53,165	68,101;283,61;213,378	897	1436647134
218,460;234,450;143,403	109,410;306,117;134,353	337	1436647146
436,397;257,297;167,38	107,260;44,466;179,202	727	1436647166
434,46;256,333;263,59	311,71;418,298;48,144	664	1436647176
437,319;434,366;263,222	38,265;63,229;168,153	242	1436647186
154,238;467,70;310,310	39,347;470,193;325,48	0	1436647202
175,203;277,140;251,452	223,340;420,30;153,317	0	1436647217
110,197;96,332;172,131	227,488;449,210;328,290	223	1436647232
221,111;162,59;392,422	428,367;234,298;328,366	318	1436647242
107,285;152,322;92,204	196,24;209,109;373,380	358	1436647256
158,94;67,483;202,353	112,219;478,92;185,127	284	1436647282
485,183;350,205;317,228	314,360;259,150;232,297	0	1436647294
391,41;216,359;395,193	276,22;134,384;292,152	0	1436647304
131,240;276,317;442,73	478,387;470,97;33,263	759	1436647316
254,421;291,307;450,150	465,26;130,363;332,126	99	1436647326
424,312;195,97;334,356	458,164;471,111;328,175	390	1436647339
51,406;294,62;250,133	96,29;73,103;196,153	318	1436647349
345,339;402,219;47,72	372,67;312,128;262,55	288	1436647360
436,241;346,162;209,334	302,146;240,429;419,174	287	1436647366
296,440;164,242;381,391	179,126;364,253;307,386	259	1436647372
394,228;117,43;153,383	398,20;334,272;139,221	328	1436647384
341,109;458,76;80,283	399,349;488,121;468,173	797	1436647389
89,154;125,240;275,406	154,319;486,66;20,406	297	1436647399
338,328;155,125;160,228	267,410;261,204;81,187	295	1436647404
384,427;77,88;75,287	489,297;411,369;108,206	238	1436647410
340,30;42,217;206,132	28,487;477,292;462,308	723	1436647420
11,265;292,192;100,482	449,409;426,389;325,372	309	1436647428
214,58;329,67;163,421	376,41;382,90;35,413	127	1436647434
47,391;148,373;38,126	96,212;118,443;273,222	204	1436647442
430,321;167,177;252,84	343,208;195,386;308,101	288	1436647450
66,247;269,299;337,256	214,40;384,415;430,125	174	1436647459
76,347;113,369;99,460	75,306;31,71;34,452	174	1436647469
237,152;242,200;252,74	193,441;364,310;450,181	121	1436647477
114,26;479,109;395,243	65,380;47,244;460,373	199	1436647488
254,421;291,307;450,150	314,237;450,147;69,272	183	1436647492
367,14;142,80;418,272	359,373;323,101;89,355	106	1436647498
430,321;167,177;252,84	425,118;242,360;380,468	709	1436647509
291,387;433,421;485,71	403,302;361,256;128,419	157	1436647516
330,440;137,289;287,176	454,235;282,114;70,250	0	1436647520
253,392;213,333;459,469	378,413;144,317;367,460	109	1436647527
254,421;291,307;450,150	476,62;445,308;26,323	270	1436647538
175,154;304,335;403,39	73,256;309,16;318,116	158	1436647544
379,367;389,486;438,450	330,300;289,61;489,109	675	1436647549
257,79;44,47;465,358	359,68;262,342;249,77	161	1436647557
47,391;148,373;38,126	352,293;409,91;364,371	255	1436647562
240,238;360,178;247,456	230,412;304,361;396,325	824	1436647569
430,321;167,177;252,84	43,354;17,253;465,74	270	1436647577
94,322;203,172;357,266	111,478;473,477;433,267	676	1436647584
77,378;218,284;101,337	48,360;209,335;312,375	319	1436647589
115,72;67,147;76,253	203,208;201,245;27,309	305	1436647595
242,64;415,103;479,266	81,280;410,93;446,391	0	1436647604
302,153;253,50;22,320	469,363;258,108;17,167	182	1436647613
44,216;18,283;221,415	429,50;88,288;197,125	141	1436647622
350,323;362,239;303,269	72,447;334,414;85,246	165	1436647627
455,460;200,267;348,322	212,490;364,191;448,193	167	1436647637
43,222;168,301;63,315	266,309;365,171;322,38	364	1436647654
456,223;140,201;442,74	439,308;311,84;190,258	276	1436647663
472,215;100,255;419,377	93,220;445,36;21,396	726	1436647669
83,486;84,230;32,399	177,319;379,214;244,226	189	1436647674
132,116;262,116;242,277	460,123;377,38;62,181	285	1436647679
309,341;144,310;36,277	321,162;305,214;464,70	694	1436647690
67,215;473,407;217,122	441,355;430,431;234,213	251	1436647694
437,319;434,366;263,222	369,433;450,47;441,334	308	1436647700
450,175;145,348;382,350	433,307;245,95;316,263	822	1436647704
27,166;224,232;336,184	254,20;367,462;471,82	192	1436647709
214,348;103,241;313,155	237,432;137,280;472,87	653	1436647715
286,435;204,342;106,472	373,36;49,462;158,383	358	1436647723
126,368;285,161;160,117	315,158;325,280;43,454	646	1436647728
254,421;291,307;450,150	193,354;32,339;69,353	294	1436647733
262,392;437,481;20,90	311,340;228,409;355,391	281	1436647739
426,423;260,418;118,450	354,88;39,168;117,182	277	1436647745
83,486;84,230;32,399	364,354;379,176;267,77	105	1436647752
133,266;300,97;377,234	55,483;288,168;211,295	185	1436647757
382,382;399,396;73,159	380,179;365,416;413,335	227	1436647764
218,109;361,185;123,379	409,197;16,355;259,390	688	1436647773
253,29;278,316;281,393	206,467;208,358;237,87	178	1436647781
348,115;438,274;26,142	446,368;224,354;350,89	184	1436647788
434,46;256,333;263,59	49,175;305,94;420,471	0	1436647793
430,321;167,177;252,84	424,248;136,462;296,136	132	1436647799
196,412;444,339;304,208	162,324;239,215;187,347	164	1436647807
50,312;460,337;35,192	50,312;460,337;35,192	0	1436647811
328,478;105,100;94,196	108,333;438,95;190,428	0	1436647817
38,204;164,211;288,406	451,301;306,319;205,340	239	1436647824
44,216;18,283;221,415	431,182;311,399;152,448	270	1436647830
251,74;93,335;92,461	49,174;366,415;390,469	190	1436647834
398,426;355,402;317,366	460,31;16,146;108,437	314	1436647840
54,357;250,374;174,378	417,450;446,472;95,69	243	1436647846
106,64;466,431;23,193	343,108;282,371;387,181	190	1436647850
322,132;427,305;125,89	258,378;351,123;151,253	689	1436647857
434,46;256,333;263,59	201,31;114,427;426,341	322	1436647862
296,456;489,49;273,334	310,474;162,104;406,322	148	1436647868
437,319;434,366;263,222	339,223;246,71;442,181	197	1436647873
340,379;107,473;117,374	81,69;32,341;267,388	177	1436647877
50,230;454,95;53,165	361,116;292,465;126,349	221	1436647883
476,208;333,23;409,454	40,321;332,142;71,144	702	1436647889
289,275;124,139;404,132	64,350;300,209;209,225	212	1436647895
474,322;242,110;51,279	403,346;159,17;422,328	655	1436647901
398,474;21,332;153,380	398,474;21,332;153,380	0	1436647907
451,398;119,210;123,346	332,432;408,313;98,42	222	1436647912
402,169;85,444;140,467	232,213;47,20;172,327	240	1436647918
169,456;296,212;52,115	70,385;458,396;287,14	273	1436647927
3E5v8P979