136	L	0.0.0.0	1436655275
86,169;120,216;436,399	144,391;208,137;457,168	1000	1436655358
86,78;211,107;147,483	300,72;222,477;113,110	73	1436655366
42,319;93,132;46,412	429,92;312,197;119,197	843	1436655376
321,361;415,193;224,237	321,361;415,193;224,237	0	1436655388
213,263;455,213;370,59	177,372;447,44;475,193	183	1436655393
280,308;219,21;355,351	311,180;66,426;446,166	98	1436655400
264,426;482,179;18,329	13,454;440,162;42,182	714	1436655408
340,30;42,217;206,132	352,122;21,69;397,176	860	1436655416
50,230;454,95;53,165	131,441;70,123;418,219	951	1436655421
137,148;480,110;212,50	381,328;161,158;179,335	132	1436655429
14,381;248,59;194,65	480,241;415,138;404,198	981	1436655435
321,139;227,30;395,84	164,360;335,110;202,338	912	1436655443
215,192;480,472;474,272	429,264;89,171;464,444	790	1436655455
436,397;257,297;167,38	217,132;336,191;419,213	246	1436655465
434,46;256,333;263,59	482,231;334,88;174,316	92	1436655470
389,436;316,101;284,115	96,334;263,102;85,398	963	1436655475
389,105;450,303;268,357	37,324;358,119;142,31	221	1436655484
177,33;67,451;184,217	13,309;375,235;429,210	157	1436655495
430,321;167,177;252,84	343,208;195,386;308,101	771	1436655507
398,474;21,332;153,380	398,474;21,332;153,380	0	1436655513
94,322;203,172;357,266	483,421;108,268;103,322	916	1436655519
436,397;257,297;167,38	276,337;252,215;181,448	348	1436655527
95,121;198,52;123,90	181,108;330,332;28,147	907	1436655532
133,370;453,60;421,272	169,26;415,144;84,175	858	1436655542
14,381;248,59;194,65	456,211;393,239;148,390	248	1436655551
44,216;18,283;221,415	21,67;476,432;146,409	668	1436655563
319,130;223,482;312,429	377,296;367,159;362,459	738	1436655569
43,236;379,412;248,230	174,57;99,482;428,257	307	1436655577
434,46;256,333;263,59	195,481;116,249;287,17	183	1436655588
111,81;245,377;443,191	60,406;315,13;324,334	56	1436655593
458,57;56,330;118,107	484,424;164,277;341,47	153	1436655599
17,46;151,56;365,187	21,46;426,325;344,299	846	1436655608
391,41;216,359;395,193	295,459;67,363;25,318	796	1436655620
347,119;193,213;98,56	326,443;487,115;299,105	634	1436655657
430,321;167,177;252,84	120,208;486,204;65,482	655	1436655681
364,32;62,161;383,238	119,62;373,207;152,268	173	1436655687
259,12;379,60;30,391	259,12;379,60;30,391	0	1436655692
44,216;18,283;221,415	392,114;155,307;11,153	370	1436655703
385,432;457,78;305,178	158,93;186,300;395,39	712	1436655718
328,478;105,100;94,196	219,153;450,392;428,349	43	1436655737
356,215;425,276;115,264	438,235;293,291;374,19	18	1436655744
23,28;369,459;24,30	142,321;439,197;64,305	643	1436655756
158,94;67,483;202,353	112,219;478,92;185,127	672	1436655769
25,366;463,113;459,357	216,130;125,370;129,303	114	1436655779
50,230;454,95;53,165	368,254;76,181;451,213	0	1436655787
164,450;452,69;467,174	120,50;173,43;155,372	625	1436655795
259,188;370,226;309,311	149,489;39,96;338,275	25	1436655806
43,236;379,412;248,230	42,481;302,435;244,267	609	1436655811
266,477;226,132;337,272	440,363;17,476;344,443	134	1436655815
154,238;467,70;310,310	463,347;145,424;38,135	116	1436655823
283,339;299,119;213,465	66,315;359,360;435,357	739	1436655832
254,421;291,307;450,150	400,187;99,90;188,171	276	1436655851
271,397;134,362;370,247	118,345;23,480;148,406	160	1436655855
50,312;460,337;35,192	50,312;460,337;35,192	0	1436655859
27,166;224,232;336,184	119,314;108,269;367,390	704	1436655867
453,248;406,252;487,119	289,24;388,170;265,103	124	1436655873
400,449;374,428;121,463	477,219;285,475;454,201	0	1436655877
77,378;218,284;101,337	367,347;275,14;199,42	918	1436655883
236,141;360,287;97,263	180,440;464,397;23,395	213	1436655890
149,207;426,247;34,439	65,44;330,403;232,29	721	1436655895
389,292;309,338;307,451	435,13;169,335;175,342	884	1436655910
50,230;454,95;53,165	31,129;166,247;441,128	229	1436655916
431,305;150,332;312,23	472,185;235,118;68,453	138	1436655920
241,182;365,56;218,205	409,151;20,371;107,125	794	1436655925
35,425;89,233;175,236	14,432;440,77;406,273	83	1436655931
56,378;11,174;461,430	117,196;476,489;418,138	0	1436655938
236,458;437,368;320,145	23,458;425,295;304,43	0	1436655942
426,423;260,418;118,450	363,384;200,50;293,279	0	1436655949
64,471;460,96;458,377	254,158;397,78;475,205	632	1436655954
480,200;18,58;163,93	463,383;229,231;173,103	132	1436655963
76,358;489,417;96,438	175,416;453,32;35,227	157	1436655971
196,177;214,413;138,216	386,213;380,390;314,73	805	1436655979
338,343;360,446;54,234	175,370;271,397;277,409	827	1436655983
94,322;203,172;357,266	269,366;50,160;368,230	377	1436655987
344,174;14,233;227,177	362,388;314,98;241,76	817	1436655993
165,353;21,269;375,230	414,274;13,386;58,470	285	1436655998
37,199;83,217;133,28	135,488;348,464;161,15	0	1436656003
391,41;216,359;395,193	216,193;463,114;282,437	209	1436656009
480,200;18,58;163,93	145,310;203,121;66,489	769	1436656020
274,463;261,209;434,410	296,419;100,277;245,25	226	1436656027
237,152;242,200;252,74	220,379;470,271;239,269	798	1436656037
410,62;383,256;195,198	141,428;193,318;225,144	740	1436656042
214,461;452,229;11,436	41,383;185,25;293,12	826	1436656047
436,397;257,297;167,38	247,252;190,289;71,442	760	1436656053
196,412;444,339;304,208	471,57;76,353;53,84	142	1436656059
366,435;449,416;346,59	443,70;394,40;204,429	100	1436656064
30,271;265,383;363,184	18,258;411,67;13,319	796	1436656068
89,325;174,202;481,355	202,421;249,111;468,146	9	1436656073
149,207;426,247;34,439	186,20;268,211;287,67	146	1436656081
17,46;151,56;365,187	227,326;352,223;171,87	161	1436656097
27,166;224,232;336,184	449,326;241,228;433,196	232	1436656106
327,34;370,122;297,198	145,121;263,60;411,79	0	1436656110
344,202;190,90;239,342	361,168;45,341;281,430	615	1436656117
87,328;263,384;438,283	450,89;340,313;139,195	170	1436656132
214,314;416,159;480,443	36,192;329,129;318,229	185	1436656141
47,391;148,373;38,126	433,285;250,394;174,229	684	1436656146
165,475;252,378;450,119	213,297;281,56;223,352	605	1436656151
196,412;444,339;304,208	181,22;410,167;248,382	0	1436656156
284,63;406,327;288,260	428,246;323,288;181,462	17	1436656160
300,240;369,472;450,287	105,285;43,459;59,272	348	1436656164
324,302;150,474;446,304	451,350;458,323;40,354	374	1436656170
392,219;282,229;231,459	84,300;273,150;280,387	603	1436656175
451,363;160,306;379,308	489,302;292,124;182,411	348	1436656181
298,458;242,174;180,300	61,129;201,236;442,264	193	1436656186
377,461;330,21;102,90	26,121;392,308;320,38	393	1436656193
83,486;84,230;32,399	367,133;186,442;368,198	609	1436656197
77,378;218,284;101,337	481,142;213,292;102,439	260	1436656205
426,423;260,418;118,450	95,286;21,28;45,88	1	1436656210
341,109;458,76;80,283	399,349;488,121;468,173	791	1436656216
237,152;242,200;252,74	96,331;447,95;152,292	966	1436656222
101,44;375,455;273,83	51,234;69,470;209,232	346	1436656225
434,46;256,333;263,59	179,51;166,202;171,61	49	1436656230
328,478;105,100;94,196	337,413;169,110;114,153	439	1436656234
385,371;300,112;305,166	268,465;373,297;235,377	269	1436656240
154,238;467,70;310,310	83,275;124,326;314,114	0	1436656245
249,205;288,147;189,365	262,224;346,225;421,13	727	1436656249
315,264;142,472;399,101	164,429;384,339;372,362	721	1436656254
266,303;97,49;394,346	293,155;325,124;421,278	718	1436656259
480,200;18,58;163,93	29,188;14,85;141,76	894	1436656265
361,351;363,67;427,305	172,408;476,13;71,388	31	1436656271
163,62;52,204;431,228	340,185;30,269;257,117	92	1436656277
162,321;22,192;29,45	145,286;26,103;104,112	369	1436656283
14,381;248,59;194,65	115,217;84,258;57,472	721	1436656289
428,58;228,125;188,159	117,368;38,179;103,251	144	1436656294
106,64;466,431;23,193	329,218;402,235;373,188	613	1436656299
83,486;84,230;32,399	108,74;74,435;54,374	669	1436656310
472,215;100,255;419,377	61,477;227,111;78,165	356	1436656318
43,236;379,412;248,230	227,161;93,409;487,89	302	1436656329
126,368;285,161;160,117	315,158;325,280;43,454	699	1436656334
428,58;228,125;188,159	417,333;136,225;337,318	134	1436656343
54,77;346,89;206,271	432,146;249,355;208,73	39	1436656348
90,423;62,361;169,336	443,345;272,229;181,265	212	1436656363
347,119;193,213;98,56	32,64;144,296;377,326	714	1436656371
486,420;466,135;48,26	235,396;75,360;131,101	219	1436656376
417,485;453,281;169,404	326,378;393,174;435,406	306	1436656387
2H6v6L781