137	L	0.0.0.0	1436646050
86,169;120,216;436,399	144,391;208,137;457,168	936	1436646146
86,78;211,107;147,483	300,72;222,477;113,110	632	1436646162
42,319;93,132;46,412	429,92;312,197;119,197	813	1436646183
321,361;415,193;224,237	321,361;415,193;224,237	12	1436646208
213,263;455,213;370,59	177,372;447,44;475,193	654	1436646222
280,308;219,21;355,351	311,180;66,426;446,166	439	1436646239
391,41;216,359;395,193	270,279;137,78;15,288	678	1436646248
367,14;142,80;418,272	116,365;414,272;370,108	676	1436646257
209,368;29,214;489,123	80,289;335,374;197,430	730	1436646265
482,270;383,160;188,252	220,378;394,127;203,174	552	1436646279
348,115;438,274;26,142	253,227;346,104;358,454	331	1436646290
345,173;33,132;159,283	395,356;201,141;317,29	635	1436646298
188,443;158,207;184,286	480,380;354,230;319,283	853	1436646324
419,197;116,277;249,57	326,456;336,393;46,105	768	1436646333
259,12;379,60;30,391	259,12;379,60;30,391	94	1436646360
108,418;221,203;58,133	152,440;353,99;164,275	812	1436646370
295,470;432,74;243,122	79,437;431,353;56,244	574	1436646381
391,41;216,359;395,193	472,46;326,13;83,295	670	1436646387
361,351;363,67;427,305	22,203;14,22;132,473	641	1436646397
372,17;80,106;317,46	428,111;409,93;139,364	743	1436646406
37,97;198,440;305,16	92,261;428,95;368,442	594	1436646413
169,174;201,74;213,342	448,154;300,272;415,474	721	1436646420
426,423;260,418;118,450	240,122;239,188;340,381	632	1436646429
331,330;347,213;57,141	140,408;426,465;166,159	667	1436646437
204,489;143,109;260,195	327,433;110,426;43,282	684	1436646441
23,28;369,459;24,30	337,358;396,296;200,456	838	1436646448
16,433;302,128;448,319	30,29;336,147;44,369	687	1436646453
43,236;379,412;248,230	255,447;252,197;285,190	849	1436646457
76,358;489,417;96,438	304,349;452,146;392,378	635	1436646462
430,321;167,177;252,84	159,117;398,456;311,130	635	1436646469
361,216;132,47;50,403	418,223;370,220;254,393	872	1436646476
361,351;363,67;427,305	212,463;398,369;179,317	696	1436646480
478,198;170,269;16,170	77,279;403,253;456,145	519	1436646489
25,128;204,20;96,353	219,175;303,139;370,372	711	1436646494
481,440;192,366;278,309	154,420;343,225;238,361	750	1436646500
434,46;256,333;263,59	328,78;358,397;455,363	645	1436646504
68,282;389,465;290,59	408,406;348,456;390,142	861	1436646509
196,412;444,339;304,208	449,163;218,413;402,77	786	1436646515
418,107;13,124;193,105	391,186;427,403;412,124	798	1436646523
158,94;67,483;202,353	112,219;478,92;185,127	768	1436646529
309,341;144,310;36,277	90,422;220,481;439,146	890	1436646535
426,423;260,418;118,450	363,384;200,50;293,279	719	1436646540
44,216;18,283;221,415	424,24;461,383;160,39	857	1436646545
447,83;485,459;160,469	145,292;204,47;480,245	643	1436646551
215,192;480,472;474,272	247,97;416,32;385,378	497	1436646561
320,418;228,280;13,41	153,373;477,330;289,71	820	1436646566
476,479;133,144;446,439	109,168;190,228;45,399	817	1436646571
252,19;102,121;202,293	485,101;431,411;120,158	767	1436646575
348,317;214,53;123,255	110,484;359,258;226,13	762	1436646580
468,41;217,339;270,345	269,205;117,169;482,321	787	1436646586
289,168;87,464;57,220	172,31;395,82;24,404	734	1436646590
50,230;454,95;53,165	296,214;149,370;98,469	810	1436646595
366,435;449,416;346,59	443,70;394,40;204,429	669	1436646601
167,362;278,382;477,271	100,413;181,157;188,93	830	1436646608
17,46;151,56;365,187	259,22;438,165;405,108	699	1436646612
47,391;148,373;38,126	487,109;308,427;478,292	657	1436646618
44,216;18,283;221,415	21,67;476,432;146,409	760	1436646623
89,154;125,240;275,406	328,131;327,87;31,480	764	1436646627
17,46;151,56;365,187	162,125;422,255;29,256	691	1436646633
50,312;460,337;35,192	50,312;460,337;35,192	575	1436646637
392,275;82,167;259,63	266,135;198,301;406,109	722	1436646642
385,432;457,78;305,178	158,93;186,300;395,39	731	1436646647
47,391;148,373;38,126	433,285;250,394;174,229	716	1436646652
346,199;75,473;477,351	147,200;283,61;357,403	502	1436646661
231,424;126,490;261,36	133,165;334,56;300,140	743	1436646669
67,215;473,407;217,122	472,152;49,345;224,100	544	1436646674
436,397;257,297;167,38	113,197;371,240;234,60	739	1436646679
114,26;479,109;395,243	65,380;47,244;460,373	528	1436646684
194,153;200,127;484,25	286,488;163,153;304,480	655	1436646689
165,353;21,269;375,230	265,315;324,55;449,345	562	1436646694
418,339;165,412;331,453	459,15;208,311;428,377	707	1436646699
264,310;469,115;174,230	359,93;483,418;329,425	630	1436646704
235,455;11,151;391,45	62,483;317,33;324,105	882	1436646710
160,320;402,90;38,34	300,144;195,62;320,326	786	1436646715
44,216;18,283;221,415	168,269;218,280;160,455	734	1436646721
469,99;241,464;423,183	252,375;404,40;104,58	909	1436646725
47,391;148,373;38,126	131,433;171,48;216,219	760	1436646730
154,238;467,70;310,310	130,230;295,35;189,143	854	1436646741
86,112;183,208;96,166	107,403;258,148;479,49	898	1436646746
271,397;134,362;370,247	118,345;23,480;148,406	737	1436646750
134,15;380,375;383,339	294,88;143,454;265,180	685	1436646756
348,115;438,274;26,142	446,368;224,354;350,89	668	1436646760
398,474;21,332;153,380	398,474;21,332;153,380	25	1436646770
480,200;18,58;163,93	463,383;229,231;173,103	573	1436646775
486,420;466,135;48,26	297,19;406,469;218,187	553	1436646779
115,72;67,147;76,253	376,396;94,259;471,330	699	1436646787
328,478;105,100;94,196	172,177;127,450;218,303	649	1436646792
451,398;119,210;123,346	489,191;317,393;227,128	713	1436646798
402,117;287,244;402,124	241,89;225,14;192,25	720	1436646802
486,420;466,135;48,26	393,479;79,432;435,23	578	1436646807
105,141;402,394;353,201	270,460;12,459;476,110	615	1436646814
253,392;213,333;459,469	378,413;144,317;367,460	556	1436646828
228,339;349,374;222,436	172,281;177,257;128,250	629	1436646832
103,177;332,205;397,68	322,440;218,321;284,298	697	1436646838
237,486;262,211;20,408	411,451;19,271;95,418	590	1436646842
234,403;315,431;187,103	300,310;361,204;269,336	771	1436646847
302,153;253,50;22,320	163,419;335,419;181,394	666	1436646853
47,391;148,373;38,126	93,189;397,138;299,324	611	1436646858
264,426;482,179;18,329	410,90;193,123;327,238	613	1436646863
215,192;480,472;474,272	429,264;89,171;464,444	565	1436646867
347,119;193,213;98,56	27,489;58,320;37,325	832	1436646872
451,398;119,210;123,346	238,436;85,456;111,61	592	1436646878
94,307;461,136;180,138	62,79;175,107;194,372	614	1436646882
17,287;22,259;370,116	328,387;489,214;127,187	819	1436646887
309,341;144,310;36,277	411,204;403,86;294,430	911	1436646891
302,153;253,50;22,320	484,338;110,397;236,177	688	1436646897
44,216;18,283;221,415	253,487;369,346;394,259	633	1436646901
154,238;467,70;310,310	194,253;463,425;144,169	767	1436646907
271,489;256,415;222,103	427,366;34,347;141,322	861	1436646912
257,426;47,462;113,341	13,313;468,335;284,357	785	1436646916
436,397;257,297;167,38	276,337;252,215;181,448	680	1436646921
94,79;274,230;124,87	408,221;160,457;472,173	656	1436646925
198,48;410,471;54,117	177,101;182,173;402,162	764	1436646929
370,377;348,57;414,185	92,488;378,186;311,399	595	1436646937
307,55;409,378;384,271	173,189;59,85;453,415	562	1436646942
430,321;167,177;252,84	65,283;382,32;179,376	550	1436646947
35,425;89,233;175,236	254,83;91,429;211,19	650	1436646952
50,230;454,95;53,165	198,474;437,43;449,131	575	1436646960
357,48;366,331;359,287	217,378;35,163;334,198	879	1436646965
367,14;142,80;418,272	483,322;433,475;194,109	583	1436646969
24,85;404,22;13,124	288,311;185,186;362,360	742	1436646973
369,11;470,267;204,71	248,161;392,315;65,307	533	1436646978
472,473;177,324;281,143	247,106;418,223;346,377	562	1436646982
54,476;207,232;319,143	197,57;433,264;306,456	782	1436646987
163,62;52,204;431,228	94,41;480,103;440,219	539	1436646992
434,46;256,333;263,59	447,300;225,129;103,99	753	1436646996
380,430;29,24;137,12	259,163;169,53;468,314	777	1436647001
486,420;466,135;48,26	83,237;302,16;111,154	873	1436647005
122,281;39,151;209,490	44,427;383,241;389,202	730	1436647011
76,347;113,369;99,460	134,438;180,115;144,283	911	1436647016
472,215;100,255;419,377	41,190;181,113;311,263	626	1436647021
67,215;473,407;217,122	379,152;280,326;83,17	523	1436647027
35,425;89,233;175,236	183,118;426,241;229,416	736	1436647032
94,322;203,172;357,266	424,385;364,404;472,334	847	1436647036
215,216;217,203;132,97	115,257;351,47;173,111	866	1436647041
309,341;144,310;36,277	311,110;331,136;374,82	901	1436647047
1H3z9Q935