136	L	0.0.0.0	1436646840
86,169;120,216;436,399	144,391;208,137;457,168	851	1436646947
86,78;211,107;147,483	300,72;222,477;113,110	735	1436646956
42,319;93,132;46,412	429,92;312,197;119,197	773	1436646964
321,361;415,193;224,237	321,361;415,193;224,237	506	1436646981
213,263;455,213;370,59	177,372;447,44;475,193	843	1436646988
280,308;219,21;355,351	311,180;66,426;446,166	676	1436647044
367,14;142,80;418,272	116,365;414,272;370,108	644	1436647050
44,216;18,283;221,415	46,37;23,444;247,267	801	1436647057
175,203;277,140;251,452	223,340;420,30;153,317	546	1436647066
264,426;482,179;18,329	410,90;193,123;327,238	980	1436647072
398,474;21,332;153,380	398,474;21,332;153,380	504	1436647086
302,153;253,50;22,320	105,76;489,316;217,303	626	1436647092
309,341;144,310;36,277	463,348;35,446;369,434	176	1436647102
426,423;260,418;118,450	469,211;229,81;453,232	333	1436647109
168,131;359,372;118,236	39,373;376,27;481,125	360	1436647115
327,271;299,329;488,206	156,186;446,155;399,178	276	1436647122
391,41;216,359;395,193	32,340;85,208;411,101	455	1436647128
248,104;421,75;73,460	429,50;349,288;408,300	232	1436647134
196,412;444,339;304,208	181,22;410,167;248,382	597	1436647139
163,62;52,204;431,228	281,46;449,297;212,210	490	1436647145
480,200;18,58;163,93	187,418;239,313;225,338	93	1436647154
266,303;97,49;394,346	293,155;325,124;421,278	343	1436647163
316,172;14,415;143,408	320,277;54,436;123,340	324	1436647169
264,426;482,179;18,329	251,124;295,348;58,204	576	1436647175
389,105;450,303;268,357	37,324;358,119;142,31	598	1436647181
447,350;223,20;162,482	441,425;59,262;24,37	400	1436647189
468,284;463,177;198,227	174,370;320,35;119,159	380	1436647195
259,12;379,60;30,391	259,12;379,60;30,391	491	1436647203
348,115;438,274;26,142	294,261;414,466;84,395	448	1436647208
67,215;473,407;217,122	236,474;411,292;398,434	342	1436647214
451,245;138,447;483,356	248,75;226,409;152,411	441	1436647220
237,152;242,200;252,74	366,271;477,180;246,285	420	1436647227
218,279;290,470;372,91	69,232;354,76;62,471	435	1436647234
271,458;99,443;140,490	418,107;367,300;437,332	491	1436647241
94,322;203,172;357,266	16,176;269,168;464,452	213	1436647247
69,233;114,276;185,426	413,94;434,368;148,336	692	1436647459
35,425;89,233;175,236	370,357;236,281;354,392	530	1436647465
391,41;216,359;395,193	281,232;373,41;291,193	438	1436647471
76,358;489,417;96,438	208,290;21,387;279,243	403	1436647479
322,368;283,266;403,161	264,218;145,276;429,171	539	1436647484
84,97;225,81;377,199	212,199;201,102;478,366	482	1436647490
97,271;239,382;190,210	86,190;365,274;135,365	478	1436647499
274,166;363,356;11,444	322,484;381,29;206,191	513	1436647506
395,167;482,252;486,99	226,373;460,484;305,465	488	1436647514
145,357;308,455;337,22	87,29;411,177;460,47	511	1436647520
43,236;379,412;248,230	438,401;86,242;320,373	464	1436647527
67,215;473,407;217,122	138,37;116,210;363,66	507	1436647534
153,59;299,332;405,355	311,259;487,28;79,424	532	1436647542
302,153;253,50;22,320	459,487;131,423;29,380	479	1436647547
83,486;84,230;32,399	243,416;388,300;221,291	480	1436647554
266,417;349,433;185,171	432,217;45,58;303,467	477	1436647560
83,486;84,230;32,399	484,40;131,211;378,226	494	1436647566
23,28;369,459;24,30	266,197;451,377;218,169	537	1436647573
133,325;443,196;463,109	290,442;190,164;311,376	524	1436647607
147,390;50,458;11,129	443,321;147,236;298,323	511	1436647614
281,293;134,442;28,68	135,261;374,139;85,207	545	1436647620
230,109;490,407;42,65	403,134;312,109;401,419	483	1436647627
76,399;70,277;410,190	484,213;244,59;361,417	510	1436647633
43,236;379,412;248,230	42,481;302,435;244,267	471	1436647640
149,207;426,247;34,439	487,320;180,105;346,471	529	1436647658
426,423;260,418;118,450	277,431;48,272;464,88	466	1436647665
283,480;469,358;261,39	440,113;455,380;126,273	516	1436647671
44,216;18,283;221,415	319,77;214,440;139,265	487	1436647679
27,166;224,232;336,184	141,298;458,262;286,168	485	1436647685
317,27;349,63;431,383	232,370;153,52;443,252	519	1436647691
43,236;379,412;248,230	80,229;39,367;79,61	477	1436647698
292,416;350,79;155,60	135,387;449,95;270,413	520	1436647706
133,266;300,97;377,234	55,483;288,168;211,295	479	1436647712
103,177;332,205;397,68	322,440;218,321;284,298	519	1436647720
430,321;167,177;252,84	146,264;204,196;308,430	512	1436647726
14,440;458,64;361,20	343,488;156,207;238,222	563	1436647732
107,77;32,329;418,19	147,402;388,153;18,179	519	1436647739
315,264;142,472;399,101	164,429;384,339;372,362	563	1436647745
149,207;426,247;34,439	206,36;85,398;486,88	399	1436647752
106,64;466,431;23,193	338,166;105,359;216,419	311	1436647758
76,358;489,417;96,438	90,202;335,329;101,61	276	1436647763
59,402;160,133;234,302	378,396;446,222;482,369	642	1436647770
137,485;29,24;162,282	250,173;408,414;276,231	279	1436647776
326,42;338,386;170,183	163,267;327,379;235,323	656	1436647782
418,81;141,116;372,336	488,469;300,36;35,199	258	1436647789
402,169;85,444;140,467	232,213;47,20;172,327	298	1436647795
76,347;113,369;99,460	52,382;209,479;389,355	675	1436647802
449,290;296,391;62,458	58,12;460,482;50,142	224	1436647808
319,226;148,146;22,205	451,414;108,359;273,329	723	1436647814
94,322;203,172;357,266	424,385;364,404;472,334	687	1436647821
35,425;89,233;175,236	254,83;91,429;211,19	318	1436647827
109,330;82,457;356,328	369,244;122,373;294,112	598	1436647833
354,37;84,322;153,399	308,61;78,12;249,384	389	1436647839
286,450;69,253;259,14	431,233;155,149;18,397	461	1436647845
434,46;256,333;263,59	315,340;23,406;88,256	424	1436647851
436,397;257,297;167,38	27,11;273,107;128,143	456	1436647857
472,215;100,255;419,377	461,214;477,318;221,146	449	1436647864
215,192;480,472;474,272	38,131;115,358;248,480	390	1436647870
486,420;466,135;48,26	297,19;406,469;218,187	404	1436647876
302,153;253,50;22,320	279,380;375,86;479,408	541	1436647882
424,312;195,97;334,356	458,164;471,111;328,175	533	1436647887
431,122;418,223;145,27	276,284;174,424;417,249	607	1436647893
487,415;417,440;94,396	436,26;171,412;30,481	605	1436647899
486,420;466,135;48,26	455,469;460,354;203,249	533	1436647906
154,238;467,70;310,310	70,446;199,181;30,135	545	1436647913
237,152;242,200;252,74	168,100;153,216;65,190	559	1436647920
83,486;84,230;32,399	186,217;213,461;235,280	549	1436647928
43,236;379,412;248,230	174,57;99,482;428,257	572	1436647933
181,181;466,80;52,328	61,124;63,350;150,88	567	1436647938
215,192;480,472;474,272	484,161;486,416;79,25	471	1436647944
361,351;363,67;427,305	389,238;269,191;223,355	422	1436647951
128,110;149,298;419,51	162,442;182,93;81,334	555	1436647957
426,309;474,137;26,222	140,395;190,74;350,253	396	1436647964
50,230;454,95;53,165	190,353;360,159;461,146	442	1436647971
430,321;167,177;252,84	308,37;283,127;452,267	465	1436647977
94,322;203,172;357,266	432,462;375,58;140,429	441	1436647983
436,397;257,297;167,38	52,16;110,471;184,68	438	1436647989
50,312;460,337;35,192	50,312;460,337;35,192	494	1436647997
348,115;438,274;26,142	335,398;408,247;11,251	490	1436648004
471,346;404,135;459,119	167,232;323,195;414,201	551	1436648010
67,103;344,224;382,145	389,362;330,65;111,12	560	1436648018
246,56;352,469;423,189	227,70;403,91;371,326	469	1436648024
83,486;84,230;32,399	107,460;397,79;209,402	648	1436648029
76,347;113,369;99,460	222,72;276,93;189,27	507	1436648034
69,196;136,162;276,240	122,216;143,226;403,171	525	1436648039
361,351;363,67;427,305	154,149;177,317;172,325	518	1436648044
14,381;248,59;194,65	209,430;401,399;469,204	473	1436648054
361,351;363,67;427,305	22,203;14,22;132,473	546	1436648061
17,46;151,56;365,187	259,22;438,165;405,108	421	1436648066
215,192;480,472;474,272	20,442;74,338;67,16	421	1436648073
229,300;342,199;166,104	251,113;50,453;135,125	561	1436648079
302,153;253,50;22,320	469,363;258,108;17,167	427	1436648084
481,262;121,394;319,431	146,449;143,374;443,238	391	1436648091
58,402;213,400;381,146	149,288;325,327;25,398	541	1436648098
43,236;379,412;248,230	408,428;284,66;130,453	416	1436648103
481,117;337,115;262,351	221,487;465,152;65,70	198	1436648110
367,14;142,80;418,272	211,344;325,53;47,201	489	1436648117
56,486;275,94;235,264	441,359;244,113;247,23	490	1436648125
76,358;489,417;96,438	57,53;344,307;414,106	574	1436648130
43,236;379,412;248,230	350,410;49,479;490,240	544	1436648137
4H3z9Q788