137	L	0.0.0.0	1436646536
86,169;120,216;436,399	144,391;208,137;457,168	641	1436646627
86,78;211,107;147,483	300,72;222,477;113,110	385	1436646639
42,319;93,132;46,412	429,92;312,197;119,197	533	1436646648
321,361;415,193;224,237	321,361;415,193;224,237	0	1436646662
213,263;455,213;370,59	177,372;447,44;475,193	309	1436646669
280,308;219,21;355,351	311,180;66,426;446,166	401	1436646695
120,421;472,311;267,13	477,266;313,294;267,467	475	1436646704
36,169;217,145;145,393	46,418;331,448;176,92	297	1436646711
216,14;470,443;286,332	204,22;294,369;36,54	473	1436646719
165,353;21,269;375,230	270,439;24,321;48,81	314	1436646727
217,337;415,75;144,293	321,363;26,410;331,336	484	1436646736
83,486;84,230;32,399	475,280;459,119;276,172	515	1436646744
77,378;218,284;101,337	335,137;172,104;289,285	565	1436646757
217,369;224,465;358,28	234,428;327,246;383,66	598	1436646771
163,62;52,204;431,228	322,454;40,462;299,44	462	1436646777
228,327;256,477;269,351	143,219;277,325;480,60	530	1436646785
288,255;363,115;201,424	361,328;456,371;192,254	54	1436646791
434,46;256,333;263,59	68,280;215,478;367,347	572	1436646798
437,319;434,366;263,222	195,195;63,471;200,101	492	1436646805
302,153;253,50;22,320	121,129;271,29;345,353	482	1436646812
50,230;454,95;53,165	31,129;166,247;441,128	547	1436646817
476,259;226,317;404,254	338,461;131,105;67,151	618	1436646822
134,194;106,178;445,461	481,322;53,53;38,15	339	1436646830
149,207;426,247;34,439	106,316;429,105;350,477	391	1436646841
347,119;193,213;98,56	326,443;487,115;299,105	476	1436646848
365,374;294,44;213,431	350,330;59,224;357,126	430	1436646853
196,412;444,339;304,208	408,164;431,473;260,161	556	1436646858
259,12;379,60;30,391	259,12;379,60;30,391	162	1436646863
120,412;260,461;326,221	440,100;141,171;322,316	313	1436646868
44,216;18,283;221,415	253,487;369,346;394,259	428	1436646873
308,466;117,200;334,143	173,315;291,154;93,394	715	1436646878
436,397;257,297;167,38	260,455;234,220;213,446	689	1436646883
272,460;57,373;26,405	228,32;254,60;76,488	482	1436646889
73,111;125,418;127,101	120,334;61,441;435,69	679	1436646895
157,330;383,123;233,46	280,391;58,440;302,204	735	1436646902
451,398;119,210;123,346	469,36;54,145;220,485	612	1436646906
40,95;57,247;295,438	291,394;48,294;262,356	432	1436646911
50,230;454,95;53,165	344,475;428,366;405,145	659	1436646916
23,364;134,110;403,38	116,297;161,115;55,347	596	1436646921
422,54;117,412;222,261	394,327;306,244;357,310	420	1436646926
347,119;193,213;98,56	32,64;144,296;377,326	561	1436646932
482,474;66,126;358,173	303,182;130,226;425,352	460	1436646936
451,398;119,210;123,346	238,436;85,456;111,61	451	1436646941
76,347;113,369;99,460	394,377;403,18;414,345	572	1436646946
480,200;18,58;163,93	111,412;27,70;174,228	567	1436646951
348,115;438,274;26,142	148,60;277,120;351,470	558	1436646957
307,197;221,285;139,343	307,235;248,373;296,131	540	1436646962
128,134;191,366;483,63	183,349;92,137;435,32	566	1436646967
437,319;434,366;263,222	12,326;13,446;31,71	635	1436646971
163,62;52,204;431,228	168,292;452,98;483,201	574	1436646976
23,28;369,459;24,30	219,251;21,346;344,191	227	1436646981
254,421;291,307;450,150	426,276;161,251;326,173	415	1436646986
446,473;425,334;419,348	279,288;294,240;205,361	425	1436646992
95,19;170,215;33,180	418,200;319,324;75,475	587	1436646998
140,364;396,396;270,149	226,362;39,57;390,14	461	1436647012
94,322;203,172;357,266	149,449;374,197;125,11	424	1436647016
43,236;379,412;248,230	252,227;317,435;149,360	433	1436647021
165,353;21,269;375,230	265,315;324,55;449,345	459	1436647026
437,319;434,366;263,222	106,88;69,114;473,194	569	1436647031
433,332;210,192;446,14	271,215;106,381;344,340	396	1436647036
321,302;40,75;448,313	283,231;177,28;352,442	597	1436647045
180,478;334,205;398,30	205,192;159,318;222,174	429	1436647053
27,166;224,232;336,184	194,182;247,23;380,410	562	1436647060
237,152;242,200;252,74	86,94;397,42;461,124	601	1436647065
151,295;210,145;368,211	19,111;330,285;368,465	634	1436647070
50,312;460,337;35,192	50,312;460,337;35,192	134	1436647076
376,89;467,261;385,373	204,184;188,262;278,453	692	1436647080
76,347;113,369;99,460	52,382;209,479;389,355	615	1436647086
76,358;489,417;96,438	172,99;287,173;225,36	574	1436647091
426,423;260,418;118,450	140,425;386,322;176,384	364	1436647096
328,478;105,100;94,196	149,155;396,486;378,79	562	1436647102
255,298;155,364;311,134	422,340;96,359;292,75	570	1436647107
16,42;318,315;118,80	236,169;446,463;30,471	592	1436647113
215,173;72,323;147,336	359,456;489,42;310,466	563	1436647125
17,46;151,56;365,187	259,22;438,165;405,108	448	1436647133
418,339;165,412;331,453	459,15;208,311;428,377	518	1436647143
289,438;28,139;41,283	278,306;45,295;191,355	584	1436647152
366,76;283,33;99,25	117,80;116,330;24,229	550	1436647158
451,398;119,210;123,346	192,235;479,231;441,155	616	1436647163
232,193;166,278;430,450	51,156;232,213;175,164	634	1436647169
254,421;291,307;450,150	141,390;406,388;488,412	550	1436647174
106,64;466,431;23,193	401,365;188,320;286,300	488	1436647178
195,212;111,183;273,283	122,325;334,368;415,413	574	1436647184
215,192;480,472;474,272	70,435;167,359;65,336	568	1436647188
472,215;100,255;419,377	292,85;298,332;400,34	548	1436647193
149,207;426,247;34,439	38,89;214,163;123,436	593	1436647197
42,168;52,55;236,465	253,117;423,123;269,406	550	1436647203
240,160;110,11;375,181	195,152;446,11;259,89	563	1436647209
89,154;125,240;275,406	190,42;244,176;441,479	423	1436647214
14,381;248,59;194,65	480,241;415,138;404,198	571	1436647219
174,82;267,278;237,127	203,71;102,468;159,413	651	1436647224
154,238;467,70;310,310	351,475;217,366;314,76	278	1436647230
204,489;143,109;260,195	327,433;110,426;43,282	424	1436647235
362,41;51,173;393,50	166,431;401,81;407,16	431	1436647240
398,474;21,332;153,380	398,474;21,332;153,380	110	1436647246
153,188;274,288;483,162	385,212;337,396;128,352	217	1436647251
13,471;24,230;322,125	81,149;316,115;120,403	324	1436647255
94,322;203,172;357,266	269,366;50,160;368,230	206	1436647260
18,137;86,382;213,302	33,260;170,421;436,61	608	1436647265
391,41;216,359;395,193	281,483;58,279;356,134	605	1436647270
421,235;123,132;65,237	342,269;166,214;478,98	624	1436647274
378,189;225,250;52,217	291,16;317,324;464,366	669	1436647280
34,479;326,155;36,366	417,459;149,258;103,53	618	1436647285
154,238;467,70;310,310	270,191;374,437;354,220	767	1436647290
44,216;18,283;221,415	325,65;249,391;164,231	755	1436647295
486,420;466,135;48,26	128,255;71,67;252,417	720	1436647301
391,41;216,359;395,193	270,279;137,78;15,288	768	1436647309
464,159;186,133;282,409	471,323;76,488;345,147	365	1436647314
306,231;412,156;490,64	197,235;195,81;20,78	637	1436647319
430,321;167,177;252,84	180,416;246,354;433,23	717	1436647324
154,238;467,70;310,310	286,408;191,189;32,177	706	1436647328
408,309;207,449;283,472	112,21;255,488;110,48	706	1436647333
115,72;67,147;76,253	310,341;310,251;256,425	271	1436647338
25,476;254,234;278,133	413,341;329,315;17,137	423	1436647344
451,398;119,210;123,346	489,191;317,393;227,128	734	1436647353
73,428;373,473;471,190	238,256;399,87;388,75	703	1436647359
281,293;134,442;28,68	75,475;270,398;226,205	366	1436647366
309,341;144,310;36,277	71,359;88,448;147,267	867	1436647370
436,397;257,297;167,38	323,283;33,432;487,340	755	1436647375
27,166;224,232;336,184	489,414;127,480;143,123	629	1436647380
27,166;224,232;336,184	110,70;361,405;341,289	722	1436647385
44,216;18,283;221,415	384,133;421,403;61,150	775	1436647389
249,205;288,147;189,365	262,224;346,225;421,13	302	1436647394
347,119;193,213;98,56	26,118;486,317;246,474	768	1436647401
106,64;466,431;23,193	151,115;17,161;476,113	869	1436647407
47,391;148,373;38,126	402,51;137,297;109,348	708	1436647415
404,466;432,110;168,45	211,430;364,38;78,164	309	1436647421
135,41;460,109;390,41	134,365;267,341;184,252	647	1436647431
89,154;125,240;275,406	116,412;475,159;104,366	773	1436647436
57,110;252,318;284,70	104,252;33,341;204,102	269	1436647443
348,115;438,274;26,142	13,279;241,153;168,172	800	1436647447
149,207;426,247;34,439	186,20;268,211;287,67	768	1436647453
47,391;148,373;38,126	472,236;439,26;153,198	734	1436647457
149,207;426,247;34,439	206,36;85,398;486,88	718	1436647461
472,215;100,255;419,377	457,474;33,378;488,411	781	1436647467
169,174;201,74;213,342	448,154;300,272;415,474	710	1436647471
2B7w8N702