136	R	0.0.0.0	1436653673
86,169;120,216;436,399	144,391;208,137;457,168	964	1436653766
86,78;211,107;147,483	300,72;222,477;113,110	87	1436653773
42,319;93,132;46,412	429,92;312,197;119,197	913	1436653779
321,361;415,193;224,237	321,361;415,193;224,237	0	1436653802
213,263;455,213;370,59	177,372;447,44;475,193	761	1436653807
280,308;219,21;355,351	311,180;66,426;446,166	246	1436653812
106,64;466,431;23,193	130,184;375,147;423,368	961	1436653817
490,216;178,177;238,472	308,411;268,105;68,447	126	1436653823
259,12;379,60;30,391	259,12;379,60;30,391	0	1436653829
307,219;449,393;84,274	209,212;362,294;120,87	970	1436653835
76,358;489,417;96,438	12,484;455,250;349,195	236	1436653869
339,235;184,364;211,25	446,128;357,226;35,193	698	1436653874
115,72;67,147;76,253	376,396;94,259;471,330	959	1436653879
309,341;144,310;36,277	311,110;331,136;374,82	1000	1436653885
70,165;430,387;381,404	66,199;13,178;400,482	199	1436653890
136,478;413,73;314,465	173,367;81,341;39,87	107	1436653894
443,470;306,312;381,341	352,80;276,205;370,387	335	1436653900
76,358;489,417;96,438	104,124;239,478;56,356	446	1436653906
426,423;260,418;118,450	223,393;291,283;177,148	712	1436653911
430,321;167,177;252,84	264,124;481,333;96,306	764	1436653918
160,412;391,17;363,256	450,208;191,216;431,52	719	1436653922
302,153;253,50;22,320	203,86;63,40;125,404	47	1436653928
67,215;473,407;217,122	264,332;431,58;46,44	808	1436653934
471,346;404,135;459,119	167,232;323,195;414,201	708	1436653940
56,352;230,393;458,87	194,229;403,262;171,348	705	1436653944
302,153;253,50;22,320	114,201;361,349;26,467	904	1436653949
332,231;247,283;74,485	79,324;255,360;107,332	1000	1436653955
115,72;67,147;76,253	203,208;201,245;27,309	291	1436653961
375,447;154,123;206,146	50,102;408,154;468,124	0	1436653968
340,30;42,217;206,132	242,112;79,248;66,69	1000	1436653973
106,64;466,431;23,193	391,131;207,25;293,282	965	1436653978
454,425;184,321;428,216	404,205;257,87;114,358	312	1436653983
53,352;481,386;197,406	97,255;371,287;59,57	744	1436653988
87,133;455,435;99,63	274,343;190,366;380,210	1000	1436653994
288,255;363,115;201,424	187,175;215,216;37,396	1000	1436653999
142,40;149,179;130,180	280,260;35,376;480,146	996	1436654006
56,362;170,211;301,300	393,61;455,232;274,429	326	1436654012
404,466;432,110;168,45	211,430;364,38;78,164	21	1436654020
347,119;193,213;98,56	436,290;127,227;312,164	36	1436654043
447,83;485,459;160,469	145,292;204,47;480,245	87	1436654048
43,236;379,412;248,230	255,447;252,197;285,190	1000	1436654053
440,171;64,240;344,248	14,34;340,94;266,93	980	1436654058
76,358;489,417;96,438	309,385;380,246;380,489	980	1436654063
163,62;52,204;431,228	390,263;97,122;362,97	9	1436654069
361,351;363,67;427,305	307,199;340,405;210,19	919	1436654074
43,236;379,412;248,230	177,369;292,477;139,124	877	1436654079
275,171;196,254;427,390	275,45;322,438;309,179	1000	1436654084
125,195;62,374;476,49	37,235;287,488;309,276	543	1436654089
20,183;330,410;103,216	312,144;477,294;381,171	521	1436654095
165,353;21,269;375,230	313,399;158,380;326,104	361	1436654101
274,166;363,356;11,444	322,484;381,29;206,191	417	1436654107
376,77;302,284;482,353	271,454;60,350;414,356	393	1436654112
83,486;84,230;32,399	484,40;131,211;378,226	789	1436654119
472,215;100,255;419,377	200,68;149,406;80,234	653	1436654124
25,405;103,152;313,202	113,367;326,294;187,445	405	1436654130
215,173;72,323;147,336	359,456;489,42;310,466	1000	1436654135
276,93;382,365;62,19	489,418;490,65;158,17	695	1436654142
262,185;231,113;441,118	103,180;172,272;208,360	1000	1436654146
201,421;50,133;483,266	165,272;319,76;352,346	132	1436654152
115,72;67,147;76,253	489,291;481,239;465,239	909	1436654157
434,46;256,333;263,59	315,340;23,406;88,256	214	1436654163
163,62;52,204;431,228	403,353;467,425;343,485	731	1436654168
451,245;138,447;483,356	248,75;226,409;152,411	150	1436654174
237,152;242,200;252,74	168,100;153,216;65,190	1000	1436654180
327,320;281,153;460,258	331,318;278,221;337,473	1000	1436654184
237,152;242,200;252,74	86,94;397,42;461,124	1000	1436654191
451,398;119,210;123,346	102,155;118,431;327,45	607	1436654195
240,160;110,11;375,181	195,152;446,11;259,89	969	1436654200
27,166;224,232;336,184	187,201;153,448;195,155	1000	1436654206
253,368;437,14;262,302	150,186;152,119;100,189	1000	1436654210
237,152;242,200;252,74	197,231;244,242;460,415	870	1436654216
264,426;482,179;18,329	486,450;408,32;52,374	413	1436654221
254,421;291,307;450,150	465,26;130,363;332,126	672	1436654226
348,436;44,123;313,151	128,169;430,380;475,197	238	1436654233
165,353;21,269;375,230	414,274;13,386;58,470	791	1436654238
35,425;89,233;175,236	342,19;66,443;72,260	801	1436654243
130,127;169,85;358,74	274,377;302,216;253,391	722	1436654256
367,14;142,80;418,272	483,322;433,475;194,109	602	1436654263
149,207;426,247;34,439	138,388;441,59;278,487	714	1436654269
288,255;363,115;201,424	116,453;397,30;456,414	1000	1436654274
396,142;141,438;50,294	102,372;461,237;154,452	180	1436654279
429,386;132,306;26,69	256,274;44,94;316,310	1000	1436654284
237,152;242,200;252,74	220,379;470,271;239,269	1000	1436654290
398,474;21,332;153,380	398,474;21,332;153,380	0	1436654298
479,120;345,43;155,474	383,328;169,408;359,47	886	1436654302
348,115;438,274;26,142	392,424;92,443;211,269	736	1436654308
280,387;159,457;316,121	179,469;58,70;428,120	931	1436654313
264,426;482,179;18,329	149,117;367,288;23,246	274	1436654318
296,440;164,242;381,391	179,126;364,253;307,386	557	1436654326
441,332;428,46;346,180	102,263;31,302;447,192	1000	1436654331
163,480;445,241;396,243	134,310;123,62;130,88	1000	1436654337
45,207;271,107;137,108	361,442;316,336;126,252	692	1436654342
348,115;438,274;26,142	418,242;125,30;449,37	652	1436654348
27,166;224,232;336,184	455,116;346,477;213,471	639	1436654354
50,312;460,337;35,192	50,312;460,337;35,192	0	1436654359
76,347;113,369;99,460	62,42;81,20;367,144	961	1436654364
53,120;250,58;258,141	78,200;389,38;129,336	807	1436654369
191,112;115,70;327,413	199,256;332,329;53,105	942	1436654374
428,58;228,125;188,159	264,210;305,339;87,163	860	1436654379
43,236;379,412;248,230	371,269;183,310;180,380	873	1436654384
328,478;105,100;94,196	337,413;169,110;114,153	134	1436654389
76,347;113,369;99,460	222,72;276,93;189,27	733	1436654394
451,398;119,210;123,346	362,130;117,451;404,210	550	1436654399
472,215;100,255;419,377	454,110;79,204;208,279	422	1436654403
149,207;426,247;34,439	341,378;33,112;469,301	1000	1436654409
179,16;147,327;112,363	190,17;390,296;26,408	1000	1436654414
437,319;434,366;263,222	111,328;43,260;259,145	570	1436654419
437,319;434,366;263,222	450,159;169,324;451,128	1000	1436654438
322,101;257,99;338,342	50,210;310,108;455,401	1000	1436654443
309,341;144,310;36,277	411,204;403,86;294,430	986	1436654448
427,79;95,67;264,464	127,38;202,405;428,53	42	1436654453
47,391;148,373;38,126	407,177;178,338;428,339	828	1436654458
261,284;233,194;270,246	289,179;448,248;81,41	1000	1436654462
149,207;426,247;34,439	485,409;304,208;147,195	920	1436654467
116,433;141,31;68,124	193,435;288,70;276,184	606	1436654472
337,274;246,466;448,485	406,454;347,218;92,304	219	1436654476
76,399;70,277;410,190	484,213;244,59;361,417	811	1436654490
93,330;388,328;200,239	54,279;135,203;456,389	868	1436654495
76,347;113,369;99,460	394,377;403,18;414,345	898	1436654500
461,30;449,159;411,277	348,263;93,232;179,250	470	1436654505
14,381;248,59;194,65	480,241;415,138;404,198	1000	1436654512
365,374;294,44;213,431	350,330;59,224;357,126	868	1436654516
297,51;196,220;245,320	429,456;388,26;318,49	857	1436654521
364,292;84,412;177,324	386,485;446,419;400,459	804	1436654526
254,421;291,307;450,150	170,271;298,309;75,113	872	1436654531
480,200;18,58;163,93	274,46;209,363;264,234	882	1436654536
106,300;329,335;344,151	489,300;45,178;318,177	1000	1436654542
434,46;256,333;263,59	201,31;114,427;426,341	622	1436654547
264,426;482,179;18,329	386,407;448,165;120,424	133	1436654552
163,62;52,204;431,228	168,292;452,98;483,201	532	1436654558
83,486;84,230;32,399	290,252;110,137;309,476	427	1436654564
154,238;467,70;310,310	286,408;191,189;32,177	539	1436654569
490,119;49,104;145,447	181,439;292,409;159,235	521	1436654574
50,230;454,95;53,165	354,143;169,180;116,263	952	1436654579
14,381;248,59;194,65	383,438;295,418;19,411	741	1436654584
3E3w9N414