136	R	0.0.0.0	1436646388
86,169;120,216;436,399	144,391;208,137;457,168	1000	1436646495
86,78;211,107;147,483	300,72;222,477;113,110	318	1436646542
42,319;93,132;46,412	429,92;312,197;119,197	592	1436646572
321,361;415,193;224,237	321,361;415,193;224,237	14	1436646605
213,263;455,213;370,59	177,372;447,44;475,193	773	1436646622
280,308;219,21;355,351	311,180;66,426;446,166	270	1436646635
154,238;467,70;310,310	130,230;295,35;189,143	1000	1436646648
140,140;43,80;177,404	174,252;20,363;267,50	700	1436646658
67,215;473,407;217,122	134,144;301,475;373,116	481	1436646670
35,425;89,233;175,236	221,250;461,218;60,395	866	1436646688
137,485;29,24;162,282	250,173;408,414;276,231	946	1436646701
209,383;61,43;158,83	186,34;366,308;229,26	780	1436646711
44,216;18,283;221,415	431,182;311,399;152,448	939	1436646720
124,345;201,455;325,98	418,284;454,42;176,179	696	1436646728
76,347;113,369;99,460	174,165;274,361;28,411	936	1436646739
434,46;256,333;263,59	167,112;483,175;97,247	334	1436646750
111,123;469,66;446,343	403,129;334,417;81,281	106	1436646766
134,64;131,247;225,178	428,399;271,25;408,68	521	1436646773
27,166;224,232;336,184	276,129;262,35;89,393	462	1436646784
260,455;222,472;446,44	488,263;341,366;107,33	868	1436646792
44,216;18,283;221,415	363,67;93,87;71,353	663	1436646803
428,58;228,125;188,159	286,83;471,280;40,395	968	1436646812
209,368;29,214;489,123	80,289;335,374;197,430	40	1436646824
62,289;23,41;282,340	470,117;350,108;418,357	476	1436646837
461,159;403,470;38,306	460,26;300,384;305,185	963	1436646847
17,46;151,56;365,187	32,130;265,155;80,116	1	1436646877
436,397;257,297;167,38	450,342;443,484;15,381	917	1436646886
20,66;211,36;419,422	97,132;161,481;269,190	459	1436646896
50,312;460,337;35,192	50,312;460,337;35,192	376	1436646905
67,215;473,407;217,122	381,312;488,427;488,198	869	1436646918
175,156;251,360;400,188	59,366;416,477;72,88	527	1436646931
248,165;38,456;63,106	42,24;479,66;394,186	563	1436646941
149,207;426,247;34,439	300,158;440,440;375,229	994	1436646954
44,216;18,283;221,415	33,65;48,449;22,229	810	1436646966
53,411;332,107;275,161	203,379;338,130;158,478	142	1436646984
43,236;379,412;248,230	294,258;469,379;215,250	427	1436646993
436,397;257,297;167,38	432,135;141,296;248,293	889	1436647008
197,292;450,382;143,244	450,407;274,467;344,418	805	1436647019
259,12;379,60;30,391	259,12;379,60;30,391	0	1436647029
76,347;113,369;99,460	211,180;194,339;24,108	583	1436647039
97,271;239,382;190,210	86,190;365,274;135,365	690	1436647048
131,57;314,372;358,369	246,237;107,156;337,404	883	1436647061
361,351;363,67;427,305	22,203;14,22;132,473	807	1436647071
93,472;400,307;159,178	13,297;379,213;188,378	427	1436647085
231,424;126,490;261,36	133,165;334,56;300,140	575	1436647096
391,41;216,359;395,193	39,288;150,443;150,125	786	1436647110
476,294;303,467;230,176	285,361;450,336;468,131	471	1436647121
340,30;42,217;206,132	475,327;463,284;461,273	999	1436647133
437,319;434,366;263,222	280,393;274,405;368,266	791	1436647142
196,412;444,339;304,208	360,220;36,403;478,449	396	1436647155
289,484;416,456;380,350	467,323;62,234;348,192	384	1436647165
321,139;227,30;395,84	164,360;335,110;202,338	958	1436647177
374,184;200,351;177,331	22,71;457,146;418,69	524	1436647195
122,324;39,350;211,207	159,393;260,285;184,478	121	1436647235
365,285;164,362;318,39	247,214;304,143;26,243	385	1436647269
454,150;330,203;41,29	177,53;321,240;159,198	660	1436647299
436,397;257,297;167,38	113,197;371,240;234,60	738	1436647330
458,361;397,354;377,487	336,179;418,429;153,293	193	1436647340
196,412;444,339;304,208	47,220;276,365;376,276	532	1436647348
451,398;119,210;123,346	453,396;403,459;357,29	260	1436647363
135,261;296,77;302,265	263,140;274,41;394,463	986	1436647376
284,63;406,327;288,260	428,246;323,288;181,462	797	1436647389
398,113;161,279;464,128	63,150;466,239;337,187	397	1436647410
300,478;335,362;272,352	233,424;155,12;355,225	546	1436647418
391,333;115,44;465,145	172,389;403,152;60,146	434	1436647430
35,425;89,233;175,236	254,83;91,429;211,19	403	1436647439
479,460;140,415;277,378	206,162;393,462;15,73	423	1436647447
354,37;84,322;153,399	308,61;78,12;249,384	485	1436647455
165,353;21,269;375,230	490,175;333,20;155,481	211	1436647466
23,28;369,459;24,30	357,216;424,202;275,240	465	1436647479
44,216;18,283;221,415	325,65;249,391;164,231	594	1436647486
236,128;384,60;407,204	54,381;14,102;440,432	465	1436647493
83,486;84,230;32,399	251,47;44,52;85,256	647	1436647500
426,423;260,418;118,450	449,337;55,464;130,406	221	1436647515
328,478;105,100;94,196	324,322;27,442;337,57	592	1436647526
13,484;125,87;389,447	144,104;215,333;427,308	206	1436647538
169,489;162,280;360,180	322,453;14,413;369,286	667	1436647551
436,397;257,297;167,38	76,62;79,425;49,402	707	1436647560
34,194;35,103;306,433	262,92;49,296;259,357	573	1436647574
77,378;218,284;101,337	232,141;347,333;429,369	470	1436647589
437,319;434,366;263,222	58,181;80,388;16,266	351	1436647602
196,412;444,339;304,208	118,228;254,121;358,419	313	1436647617
225,242;299,107;423,182	413,53;335,212;103,333	359	1436647646
165,353;21,269;375,230	111,428;196,53;385,419	598	1436647665
246,56;352,469;423,189	227,70;403,91;371,326	326	1436647677
50,230;454,95;53,165	429,399;383,172;453,372	421	1436647688
478,141;384,422;149,464	220,77;132,206;151,142	489	1436647699
380,204;304,39;187,259	319,265;452,462;178,466	175	1436647710
76,358;489,417;96,438	114,58;223,125;45,359	203	1436647719
480,34;163,141;419,170	421,355;242,45;403,276	865	1436647735
215,192;480,472;474,272	335,490;29,469;423,56	469	1436647745
89,154;125,240;275,406	94,208;237,460;136,227	299	1436647784
423,196;148,161;315,389	475,428;270,398;327,460	323	1436647806
47,391;148,373;38,126	37,28;397,369;73,203	352	1436647865
391,41;216,359;395,193	416,15;285,412;322,481	366	1436647972
436,397;257,297;167,38	411,67;428,200;296,189	382	1436648024
106,137;323,65;435,312	46,39;463,80;363,233	364	1436648154
469,55;136,66;89,152	156,312;160,18;331,274	488	1436648188
430,321;167,177;252,84	343,208;195,386;308,101	447	1436648208
149,207;426,247;34,439	186,20;268,211;287,67	463	1436648250
21,264;421,164;334,488	426,74;157,126;225,390	453	1436648277
364,51;285,186;307,431	167,178;272,140;344,249	610	1436648289
486,420;466,135;48,26	484,303;349,486;198,396	459	1436648296
347,119;193,213;98,56	12,136;325,324;17,423	437	1436648307
89,154;125,240;275,406	175,276;440,459;380,326	583	1436648316
361,351;363,67;427,305	172,408;476,13;71,388	824	1436648325
237,152;242,200;252,74	287,446;430,487;237,462	432	1436648362
94,322;203,172;357,266	261,488;333,161;445,213	466	1436648371
94,322;203,172;357,266	464,88;411,455;303,61	484	1436648450
450,488;437,127;22,141	225,408;402,218;79,291	464	1436648472
47,391;148,373;38,126	352,293;409,91;364,371	551	1436648483
328,478;105,100;94,196	108,333;438,95;190,428	412	1436648503
361,351;363,67;427,305	424,169;58,354;43,396	575	1436648512
12,92;144,142;40,183	275,98;41,196;206,466	330	1436648523
347,119;193,213;98,56	326,443;487,115;299,105	143	1436648530
196,412;444,339;304,208	484,52;138,284;425,266	320	1436648539
72,54;338,355;38,138	149,88;330,153;426,207	477	1436648546
196,412;444,339;304,208	60,215;244,102;329,370	92	1436648563
398,474;21,332;153,380	398,474;21,332;153,380	46	1436648575
302,153;253,50;22,320	151,443;11,371;396,68	149	1436648601
235,310;109,428;57,128	151,198;91,194;143,204	946	1436648625
301,153;223,216;252,303	454,239;188,239;242,376	247	1436648652
165,353;21,269;375,230	21,15;347,50;209,320	463	1436648662
340,30;42,217;206,132	164,189;387,473;180,169	481	1436648669
215,192;480,472;474,272	405,106;471,457;140,405	305	1436648689
83,486;84,230;32,399	432,433;398,158;489,471	326	1436648707
288,255;363,115;201,424	481,420;12,38;240,400	737	1436648725
166,421;181,321;295,80	208,346;490,68;482,394	673	1436648748
106,64;466,431;23,193	195,437;14,369;330,128	453	1436648761
95,121;198,52;123,90	181,108;330,332;28,147	517	1436648778
382,422;281,301;153,344	481,403;48,127;273,244	723	1436648794
309,341;144,310;36,277	463,348;35,446;369,434	601	1436648801
451,398;119,210;123,346	489,191;317,393;227,128	577	1436648808
322,71;409,323;67,452	439,414;39,315;331,423	554	1436648815
434,46;256,333;263,59	108,74;124,461;411,286	441	1436648826
1B4t7Q439