136	L	0.0.0.0	1436647004
86,169;120,216;436,399	144,391;208,137;457,168	953	1436647132
86,78;211,107;147,483	300,72;222,477;113,110	941	1436647139
42,319;93,132;46,412	429,92;312,197;119,197	898	1436647148
321,361;415,193;224,237	321,361;415,193;224,237	0	1436647159
213,263;455,213;370,59	177,372;447,44;475,193	628	1436647168
280,308;219,21;355,351	311,180;66,426;446,166	416	1436647179
391,41;216,359;395,193	28,89;377,167;33,212	606	1436647190
347,119;193,213;98,56	399,355;86,219;89,417	735	1436647196
287,268;26,408;462,414	95,455;230,180;324,31	954	1436647206
367,14;142,80;418,272	354,423;124,432;71,95	427	1436647217
298,458;242,174;180,300	61,129;201,236;442,264	652	1436647222
289,438;28,139;41,283	278,306;45,295;191,355	412	1436647235
59,41;257,470;389,223	394,259;323,453;84,195	245	1436647241
35,425;89,233;175,236	315,317;240,425;215,376	422	1436647248
108,19;314,159;441,300	469,115;213,146;142,144	345	1436647254
426,423;260,418;118,450	449,337;55,464;130,406	389	1436647259
272,210;70,139;335,222	395,276;179,240;244,11	857	1436647265
43,236;379,412;248,230	255,447;252,197;285,190	592	1436647272
106,64;466,431;23,193	78,463;33,465;429,236	652	1436647282
218,460;234,450;143,403	109,410;306,117;134,353	927	1436647311
288,255;363,115;201,424	364,366;57,22;193,203	1000	1436647317
76,347;113,369;99,460	472,283;366,228;75,431	840	1436647323
17,46;151,56;365,187	403,436;253,389;439,314	717	1436647349
474,386;89,147;461,238	141,350;451,34;203,354	587	1436647355
94,322;203,172;357,266	101,404;202,394;101,250	227	1436647362
76,358;489,417;96,438	164,163;249,12;210,280	609	1436647367
30,271;265,383;363,184	18,258;411,67;13,319	841	1436647376
119,345;238,432;89,135	195,289;82,70;249,437	864	1436647381
47,391;148,373;38,126	281,362;194,29;475,61	362	1436647387
295,470;432,74;243,122	79,437;431,353;56,244	153	1436647391
434,42;258,218;447,313	153,160;178,375;46,188	399	1436647396
73,111;125,418;127,101	120,334;61,441;435,69	322	1436647403
348,115;438,274;26,142	110,206;186,379;144,373	617	1436647410
286,231;110,81;295,60	243,23;164,228;258,314	393	1436647415
45,151;305,204;352,116	469,212;115,99;377,402	396	1436647422
446,23;121,226;429,38	140,113;222,321;223,324	177	1436647429
373,253;316,203;185,435	110,83;147,464;124,448	410	1436647437
469,99;241,464;423,183	252,375;404,40;104,58	897	1436647453
245,273;292,210;136,25	182,43;126,437;21,401	383	1436647461
436,397;257,297;167,38	76,62;79,425;49,402	794	1436647467
361,351;363,67;427,305	402,250;181,262;352,207	124	1436647472
472,215;100,255;419,377	454,110;79,204;208,279	189	1436647482
211,347;475,203;109,470	388,441;359,80;277,409	381	1436647489
254,421;291,307;450,150	170,271;298,309;75,113	336	1436647497
149,207;426,247;34,439	106,316;429,105;350,477	30	1436647508
385,52;218,391;129,166	70,22;96,342;383,25	199	1436647516
482,270;383,160;188,252	220,378;394,127;203,174	124	1436647521
381,317;224,365;216,322	436,354;127,128;436,198	596	1436647526
56,423;154,113;147,154	69,364;445,234;19,218	941	1436647533
118,376;303,484;454,445	134,461;449,483;296,321	702	1436647538
486,420;466,135;48,26	362,353;269,84;202,249	389	1436647549
35,425;89,233;175,236	72,245;460,130;328,230	875	1436647561
259,12;379,60;30,391	259,12;379,60;30,391	0	1436647567
52,268;154,80;78,283	411,199;284,48;335,73	566	1436647574
115,72;67,147;76,253	123,424;36,334;263,456	35	1436647581
436,397;257,297;167,38	256,191;268,278;260,158	1000	1436647586
42,192;149,245;254,417	477,38;268,438;205,341	561	1436647591
14,381;248,59;194,65	199,19;60,15;250,358	643	1436647596
346,138;317,230;462,341	100,208;317,267;483,250	444	1436647602
12,92;144,142;40,183	275,98;41,196;206,466	245	1436647608
163,62;52,204;431,228	162,301;376,328;127,57	18	1436647616
428,58;228,125;188,159	427,313;380,250;251,21	190	1436647621
424,312;195,97;334,356	458,164;471,111;328,175	246	1436647626
47,391;148,373;38,126	67,348;248,327;285,192	265	1436647634
27,166;224,232;336,184	432,170;290,98;197,247	565	1436647640
472,215;100,255;419,377	200,68;149,406;80,234	554	1436647646
215,192;480,472;474,272	429,264;89,171;464,444	414	1436647651
50,230;454,95;53,165	380,87;440,468;197,363	657	1436647656
467,195;355,150;391,413	470,189;147,249;314,160	581	1436647663
285,164;399,462;488,120	475,26;478,459;129,81	314	1436647668
20,183;330,410;103,216	312,144;477,294;381,171	437	1436647673
25,405;103,152;313,202	113,367;326,294;187,445	437	1436647677
291,387;433,421;485,71	403,302;361,256;128,419	629	1436647682
175,156;251,360;400,188	59,366;416,477;72,88	548	1436647687
328,478;105,100;94,196	273,371;273,81;297,421	419	1436647693
114,257;265,302;299,378	80,93;86,460;240,120	574	1436647700
207,266;78,196;470,326	323,56;341,235;343,70	402	1436647707
95,473;396,76;98,68	141,87;489,421;219,437	324	1436647713
101,190;130,38;397,73	321,433;28,298;358,147	432	1436647720
76,358;489,417;96,438	473,78;350,58;148,364	109	1436647726
35,425;89,233;175,236	59,333;181,319;369,380	262	1436647730
50,230;454,95;53,165	366,182;96,281;203,37	799	1436647735
174,291;245,316;443,222	357,150;370,63;45,428	299	1436647741
76,358;489,417;96,438	77,423;427,239;98,356	290	1436647747
437,319;434,366;263,222	19,269;217,103;403,416	813	1436647752
86,457;384,351;368,244	171,345;106,52;319,134	865	1436647759
94,322;203,172;357,266	266,46;326,351;215,285	387	1436647766
215,192;480,472;474,272	111,330;18,164;120,232	417	1436647772
163,62;52,204;431,228	112,22;74,480;217,291	566	1436647780
78,439;155,20;227,146	326,309;319,13;25,294	581	1436647784
47,391;148,373;38,126	268,435;471,183;132,70	551	1436647789
69,415;314,259;136,252	488,58;345,285;360,414	614	1436647795
87,469;401,54;86,263	83,79;465,215;327,300	263	1436647799
396,29;378,99;240,141	220,409;277,403;301,156	406	1436647805
50,312;460,337;35,192	50,312;460,337;35,192	0	1436647811
267,213;172,251;111,274	19,24;307,369;449,196	1000	1436647817
347,119;193,213;98,56	78,351;55,381;205,266	935	1436647821
428,58;228,125;188,159	140,31;382,302;200,71	313	1436647827
13,411;101,153;108,87	232,482;259,369;62,30	567	1436647832
196,412;444,339;304,208	484,406;48,243;201,62	605	1436647837
14,479;283,431;291,279	198,120;348,275;86,134	236	1436647847
108,418;221,203;58,133	152,440;353,99;164,275	606	1436647854
44,179;314,88;380,211	217,96;46,429;288,333	615	1436647861
333,414;105,206;131,489	488,282;29,281;320,353	770	1436647866
89,325;174,202;481,355	202,421;249,111;468,146	752	1436647871
367,14;142,80;418,272	418,177;433,249;441,104	936	1436647876
185,130;303,432;425,447	327,157;310,16;166,401	404	1436647883
169,489;162,280;360,180	322,453;14,413;369,286	411	1436647889
456,105;124,355;363,90	488,57;31,435;114,411	610	1436647894
436,397;257,297;167,38	392,309;156,415;90,152	680	1436647902
44,216;18,283;221,415	11,105;338,414;32,31	573	1436647911
34,194;35,103;306,433	262,92;49,296;259,357	646	1436647916
215,192;480,472;474,272	179,229;451,249;222,43	393	1436647920
196,412;444,339;304,208	248,83;470,383;193,264	601	1436647925
76,347;113,369;99,460	451,229;435,457;483,48	889	1436647933
264,426;482,179;18,329	148,50;371,445;415,108	418	1436647939
65,176;422,68;95,428	319,201;118,94;77,325	631	1436647945
94,322;203,172;357,266	432,462;375,58;140,429	346	1436647950
237,152;242,200;252,74	96,331;447,95;152,292	591	1436647956
398,474;21,332;153,380	398,474;21,332;153,380	0	1436647962
428,58;228,125;188,159	264,210;305,339;87,163	795	1436647967
264,426;482,179;18,329	474,245;25,323;24,446	628	1436647972
385,432;457,78;305,178	158,93;186,300;395,39	602	1436647977
288,255;363,115;201,424	305,485;182,85;157,26	731	1436647982
369,11;470,267;204,71	248,161;392,315;65,307	276	1436647990
90,71;365,199;160,258	51,266;15,105;170,182	306	1436647995
67,215;473,407;217,122	113,65;487,343;283,429	33	1436647999
107,77;32,329;418,19	147,402;388,153;18,179	250	1436648004
17,46;151,56;365,187	259,22;438,165;405,108	637	1436648010
425,47;304,304;485,343	305,217;379,28;148,47	630	1436648016
228,423;164,419;14,164	323,113;483,436;235,57	132	1436648021
162,363;69,384;150,292	445,431;277,442;338,396	330	1436648026
24,311;225,155;395,451	316,319;134,56;218,407	634	1436648031
313,307;42,303;158,240	238,460;48,341;465,272	310	1436648035
281,293;134,442;28,68	180,234;321,47;358,419	355	1436648040
4G5u7K973