137	R	0.0.0.0	1436653836
86,169;120,216;436,399	144,391;208,137;457,168	1000	1436653951
86,78;211,107;147,483	300,72;222,477;113,110	0	1436653969
42,319;93,132;46,412	429,92;312,197;119,197	1000	1436653980
321,361;415,193;224,237	321,361;415,193;224,237	0	1436653996
213,263;455,213;370,59	177,372;447,44;475,193	1000	1436654021
280,308;219,21;355,351	311,180;66,426;446,166	0	1436654036
215,192;480,472;474,272	70,435;167,359;65,336	6	1436654060
115,488;86,383;379,72	97,92;373,436;370,291	1000	1436654069
196,412;444,339;304,208	361,369;180,243;300,455	1000	1436654077
425,441;460,413;381,487	195,160;315,390;342,145	1000	1436654086
116,103;110,84;119,313	179,346;15,244;20,332	1000	1436654094
157,330;383,123;233,46	280,391;58,440;302,204	1000	1436654107
406,311;374,41;238,490	189,110;241,462;140,147	1000	1436654119
281,293;134,442;28,68	465,65;460,417;54,188	1000	1436654130
367,14;142,80;418,272	450,439;247,486;318,143	0	1436654140
17,46;151,56;365,187	96,355;221,309;331,41	985	1436654167
44,216;18,283;221,415	357,142;452,122;401,340	0	1436654177
27,166;224,232;336,184	276,129;262,35;89,393	1000	1436654186
391,308;130,24;20,61	444,11;390,460;309,49	1000	1436654194
94,322;203,172;357,266	432,462;375,58;140,429	5	1436654218
195,212;111,183;273,283	122,325;334,368;415,413	1000	1436654226
14,381;248,59;194,65	209,430;401,399;469,204	1000	1436654236
465,260;93,438;52,464	288,467;349,305;316,116	1000	1436654242
97,271;239,382;190,210	86,190;365,274;135,365	1000	1436654249
398,474;21,332;153,380	398,474;21,332;153,380	0	1436654284
391,41;216,359;395,193	128,327;288,426;174,105	1000	1436654354
285,76;399,27;79,194	51,147;464,280;363,373	1000	1436654363
325,127;61,12;38,369	392,217;302,129;333,407	1000	1436654374
126,368;285,161;160,117	315,158;325,280;43,454	1000	1436654396
246,461;276,13;198,279	220,126;279,449;443,355	4	1436654409
367,14;142,80;418,272	418,177;433,249;441,104	1000	1436654425
89,154;125,240;275,406	302,435;293,485;171,170	1000	1436654439
488,390;488,290;464,206	155,214;228,323;126,102	1000	1436654447
106,64;466,431;23,193	313,278;317,97;461,347	1000	1436654460
175,154;304,335;403,39	73,256;309,16;318,116	1000	1436654467
430,321;167,177;252,84	28,285;195,31;394,204	1000	1436654475
208,399;371,118;215,40	48,276;251,99;273,432	1000	1436654482
189,121;280,193;273,219	370,67;394,134;430,51	1000	1436654489
431,191;206,303;333,343	327,488;97,469;396,85	1000	1436654498
35,425;89,233;175,236	148,179;26,271;370,483	1000	1436654505
55,458;458,132;432,24	382,441;276,133;36,144	1000	1436654512
278,223;14,348;367,271	296,350;383,15;223,156	1000	1436654520
237,152;242,200;252,74	466,332;477,377;18,488	1000	1436654526
306,23;165,490;189,173	226,489;440,88;380,246	1000	1436654533
469,440;338,244;159,183	401,79;479,152;425,161	994	1436654543
380,204;304,39;187,259	319,265;452,462;178,466	0	1436654555
328,478;105,100;94,196	219,153;450,392;428,349	1000	1436654561
261,409;350,267;163,82	203,106;124,336;386,413	0	1436654571
82,149;59,68;456,270	15,289;200,130;372,221	1000	1436654580
356,261;479,71;183,330	357,145;288,23;292,317	3	1436654591
475,147;145,246;348,155	390,29;146,392;471,459	1000	1436654599
444,229;78,300;362,51	232,209;73,73;93,135	1000	1436654605
162,321;22,192;29,45	145,286;26,103;104,112	1000	1436654616
304,411;123,482;248,227	319,428;467,50;439,431	1000	1436654624
441,44;465,197;141,463	280,449;473,250;156,201	1000	1436654633
76,358;489,417;96,438	220,280;459,37;441,371	3	1436654641
264,426;482,179;18,329	381,287;98,465;197,81	3	1436654649
217,369;224,465;358,28	234,428;327,246;383,66	1000	1436654658
123,287;102,463;124,184	304,453;158,467;84,337	1000	1436654665
432,435;21,51;26,305	438,477;305,29;86,385	1000	1436654671
281,293;134,442;28,68	127,43;220,323;459,25	0	1436654679
381,205;308,167;191,444	263,15;311,126;241,47	0	1436654685
83,486;84,230;32,399	108,74;74,435;54,374	1000	1436654691
347,119;193,213;98,56	436,290;127,227;312,164	1000	1436654699
102,281;46,283;323,422	390,414;355,134;405,298	1000	1436654706
472,215;100,255;419,377	360,49;468,314;154,388	0	1436654712
128,110;149,298;419,51	162,442;182,93;81,334	1000	1436654719
231,424;126,490;261,36	133,165;334,56;300,140	1000	1436654726
479,120;345,43;155,474	383,328;169,408;359,47	0	1436654736
411,41;59,322;112,267	139,165;385,304;441,473	1000	1436654742
475,14;216,211;203,146	103,13;401,455;420,440	1000	1436654749
348,115;438,274;26,142	253,227;346,104;358,454	0	1436654756
472,215;100,255;419,377	363,112;143,353;198,166	20	1436654769
428,58;228,125;188,159	417,333;136,225;337,318	1000	1436654775
167,362;278,382;477,271	100,413;181,157;188,93	1000	1436654782
259,12;379,60;30,391	259,12;379,60;30,391	0	1436654788
361,351;363,67;427,305	328,208;294,442;101,305	1000	1436654796
265,303;366,364;342,44	133,127;421,411;270,205	1000	1436654802
410,62;383,256;195,198	141,428;193,318;225,144	1000	1436654807
196,185;272,86;44,308	72,175;477,123;216,227	1000	1436654813
361,351;363,67;427,305	445,417;66,446;452,38	1000	1436654822
347,402;64,223;358,402	371,253;224,176;317,233	1000	1436654829
361,351;363,67;427,305	402,250;181,262;352,207	0	1436654835
393,113;214,80;96,118	466,29;28,90;32,117	994	1436654840
79,322;231,470;128,33	16,488;395,435;54,177	1000	1436654848
149,207;426,247;34,439	65,44;330,403;232,29	1000	1436654856
345,110;291,416;469,78	285,361;267,457;186,164	1000	1436654864
50,312;460,337;35,192	50,312;460,337;35,192	0	1436654870
56,423;154,113;147,154	69,364;445,234;19,218	1000	1436654878
429,123;490,62;290,127	330,109;186,348;247,187	1000	1436654884
486,420;466,135;48,26	297,19;406,469;218,187	0	1436654892
50,230;454,95;53,165	441,212;277,278;20,462	1000	1436654897
472,215;100,255;419,377	22,416;223,393;20,99	0	1436654904
391,352;18,240;342,81	374,226;258,466;244,106	1000	1436654911
66,247;269,299;337,256	214,40;384,415;430,125	1000	1436654917
115,72;67,147;76,253	128,27;398,237;363,246	1000	1436654923
182,372;476,438;302,165	145,435;381,350;410,231	1000	1436654929
302,153;253,50;22,320	353,237;461,139;59,323	1000	1436654936
266,481;284,70;235,307	97,408;105,245;454,49	1000	1436654940
23,28;369,459;24,30	308,67;300,94;261,179	22	1436654948
27,166;224,232;336,184	38,478;339,296;371,167	0	1436654954
215,192;480,472;474,272	335,490;29,469;423,56	1000	1436654959
436,397;257,297;167,38	217,132;336,191;419,213	1000	1436654965
289,275;124,139;404,132	64,350;300,209;209,225	1000	1436654971
215,192;480,472;474,272	233,312;158,298;239,63	1000	1436654976
302,153;253,50;22,320	484,338;110,397;236,177	1000	1436654982
149,202;405,197;237,458	338,458;143,92;81,435	0	1436654988
95,249;294,15;97,465	199,228;30,231;138,397	1000	1436654994
451,398;119,210;123,346	469,36;54,145;220,485	17	1436655014
370,377;348,57;414,185	92,488;378,186;311,399	10	1436655020
395,223;347,321;440,150	124,281;172,289;124,256	1000	1436655026
70,165;430,387;381,404	66,199;13,178;400,482	1000	1436655033
348,115;438,274;26,142	452,276;177,463;171,118	0	1436655039
350,323;362,239;303,269	72,447;334,414;85,246	0	1436655045
391,41;216,359;395,193	425,326;390,357;31,311	0	1436655052
434,46;256,333;263,59	311,71;418,298;48,144	0	1436655058
430,321;167,177;252,84	65,283;382,32;179,376	1000	1436655064
76,347;113,369;99,460	222,72;276,93;189,27	1000	1436655071
347,119;193,213;98,56	36,36;334,213;207,357	0	1436655078
95,424;213,481;367,250	107,485;469,93;210,462	1000	1436655086
347,119;193,213;98,56	450,330;191,207;377,214	1000	1436655092
175,203;277,140;251,452	223,340;420,30;153,317	0	1436655098
23,28;369,459;24,30	357,216;424,202;275,240	1000	1436655106
232,77;347,330;107,108	489,127;413,463;77,445	1000	1436655115
13,411;101,153;108,87	232,482;259,369;62,30	1000	1436655123
379,295;374,435;446,346	110,105;206,400;388,200	0	1436655129
27,166;224,232;336,184	68,107;341,394;213,107	1000	1436655135
344,174;14,233;227,177	362,388;314,98;241,76	0	1436655140
27,166;224,232;336,184	24,196;310,192;133,487	1000	1436655145
264,426;482,179;18,329	149,360;481,327;314,207	1000	1436655150
12,92;144,142;40,183	275,98;41,196;206,466	0	1436655156
17,46;151,56;365,187	384,395;52,357;209,389	1000	1436655162
342,186;255,417;289,88	28,385;164,313;410,342	1000	1436655169
281,293;134,442;28,68	84,129;395,300;307,43	0	1436655175
436,397;257,297;167,38	467,246;140,76;146,172	0	1436655182
288,255;363,115;201,424	101,285;64,310;319,15	1000	1436655187
4H6w9N763