136	R	0.0.0.0	1436646734
86,169;120,216;436,399	144,391;208,137;457,168	960	1436646936
86,78;211,107;147,483	300,72;222,477;113,110	61	1436646963
42,319;93,132;46,412	429,92;312,197;119,197	713	1436646977
321,361;415,193;224,237	321,361;415,193;224,237	0	1436646994
213,263;455,213;370,59	177,372;447,44;475,193	761	1436647010
280,308;219,21;355,351	311,180;66,426;446,166	55	1436647025
294,255;46,185;278,176	295,313;93,288;67,188	27	1436647039
214,348;103,241;313,155	237,432;137,280;472,87	455	1436647051
278,337;58,306;216,204	343,256;351,147;394,83	872	1436647064
345,271;35,466;332,304	62,117;405,304;117,132	13	1436647078
490,112;372,218;284,337	71,78;108,436;136,40	987	1436647089
365,159;43,490;215,122	471,333;185,415;194,74	587	1436647098
27,166;224,232;336,184	294,484;169,341;234,400	888	1436647109
165,353;21,269;375,230	81,352;373,489;319,285	408	1436647124
60,251;418,393;465,310	275,188;411,266;298,361	803	1436647143
451,398;119,210;123,346	469,36;54,145;220,485	295	1436647150
50,230;454,95;53,165	484,91;125,384;21,344	314	1436647166
89,154;125,240;275,406	138,250;35,437;289,18	386	1436647183
246,345;321,150;233,209	319,75;180,70;281,434	824	1436647193
191,112;115,70;327,413	199,256;332,329;53,105	409	1436647203
340,52;327,227;464,443	22,374;379,149;244,317	190	1436647214
142,260;289,357;483,200	89,238;43,180;236,221	137	1436647222
302,153;253,50;22,320	30,70;483,280;317,372	87	1436647229
254,421;291,307;450,150	84,358;417,247;53,405	161	1436647236
259,12;379,60;30,391	259,12;379,60;30,391	0	1436647252
327,34;370,122;297,198	145,121;263,60;411,79	115	1436647262
387,278;60,469;402,475	363,323;485,275;37,405	942	1436647277
77,378;218,284;101,337	354,389;427,447;191,85	115	1436647288
77,378;218,284;101,337	103,455;86,189;474,130	843	1436647302
43,236;379,412;248,230	411,125;192,91;309,416	336	1436647326
398,474;21,332;153,380	398,474;21,332;153,380	0	1436647515
394,137;456,46;118,364	475,307;444,311;110,141	57	1436647528
94,322;203,172;357,266	149,449;374,197;125,11	18	1436647542
410,294;414,147;241,23	226,74;436,118;266,28	219	1436647549
437,176;412,51;372,52	219,32;83,365;147,298	368	1436647557
115,407;173,452;259,205	286,168;377,162;458,324	306	1436647570
89,383;336,248;463,374	350,309;323,54;245,196	58	1436647577
50,312;460,337;35,192	50,312;460,337;35,192	0	1436647586
231,461;117,268;267,348	87,274;478,227;65,437	334	1436647595
321,317;146,171;312,218	307,325;104,412;338,281	537	1436647605
395,234;149,230;427,120	114,161;387,479;83,294	187	1436647611
214,461;452,229;11,436	41,383;185,25;293,12	841	1436647623
419,40;334,89;211,353	52,367;363,174;336,125	924	1436647637
270,294;104,251;304,394	102,327;285,199;153,118	529	1436647648
472,215;100,255;419,377	300,84;60,199;438,268	810	1436647656
64,169;487,249;229,374	387,473;336,261;44,199	821	1436647666
218,404;171,270;416,289	438,201;218,487;89,330	401	1436647674
480,204;401,305;451,38	435,270;94,74;279,63	457	1436647682
223,354;275,323;373,156	285,352;239,355;22,32	203	1436647695
17,46;151,56;365,187	184,51;303,273;137,41	335	1436647702
213,400;281,121;409,301	283,232;430,448;403,170	534	1436647710
391,344;151,416;294,374	269,233;475,416;460,456	965	1436647725
66,247;269,299;337,256	214,40;384,415;430,125	540	1436647733
447,232;88,373;441,389	395,299;301,98;309,73	939	1436647740
428,58;228,125;188,159	285,168;250,68;13,250	838	1436647747
179,30;138,322;132,275	280,345;450,190;446,114	244	1436647755
430,321;167,177;252,84	157,280;261,174;50,217	457	1436647761
321,369;13,409;17,19	449,248;273,65;308,342	81	1436647769
281,293;134,442;28,68	287,302;244,127;475,260	248	1436647778
257,356;335,18;354,345	55,59;58,90;405,177	191	1436647786
242,64;415,103;479,266	81,280;410,93;446,391	526	1436647795
118,376;303,484;454,445	134,461;449,483;296,321	724	1436647802
149,207;426,247;34,439	63,31;114,112;72,334	926	1436647808
211,347;475,203;109,470	388,441;359,80;277,409	965	1436647814
340,30;42,217;206,132	28,487;477,292;462,308	940	1436647822
361,351;363,67;427,305	424,169;58,354;43,396	947	1436647831
480,200;18,58;163,93	441,86;272,56;36,71	60	1436647840
156,450;165,402;437,423	378,260;308,149;308,114	955	1436647846
82,149;59,68;456,270	15,289;200,130;372,221	815	1436647853
76,347;113,369;99,460	394,377;403,18;414,345	387	1436647864
437,319;434,366;263,222	195,195;63,471;200,101	529	1436647873
436,397;257,297;167,38	277,124;421,444;62,304	906	1436647879
14,381;248,59;194,65	456,211;393,239;148,390	968	1436647887
63,441;208,274;278,164	216,200;335,399;158,29	961	1436647893
472,215;100,255;419,377	52,254;377,412;291,260	155	1436647902
328,478;105,100;94,196	108,333;438,95;190,428	805	1436647908
215,192;480,472;474,272	384,62;246,336;212,76	441	1436647917
266,477;226,132;337,272	440,363;17,476;344,443	331	1436647927
196,412;444,339;304,208	423,185;270,315;161,188	62	1436647942
302,153;253,50;22,320	158,178;361,425;473,157	642	1436647950
77,378;218,284;101,337	79,165;361,63;463,41	975	1436647959
333,414;105,206;131,489	488,282;29,281;320,353	534	1436647969
79,296;21,137;58,269	153,48;92,103;14,107	169	1436647978
483,288;358,370;376,107	74,280;331,249;162,485	95	1436647987
490,260;18,429;394,189	486,421;384,404;267,325	621	1436647998
417,137;308,231;475,150	239,318;368,294;124,127	81	1436648010
490,171;176,107;107,269	150,22;417,16;374,391	461	1436648023
215,192;480,472;474,272	36,85;452,267;348,397	166	1436648032
386,391;20,184;258,12	481,446;170,462;305,76	346	1436648042
67,215;473,407;217,122	26,58;79,270;230,130	610	1436648050
367,14;142,80;418,272	276,63;21,92;419,365	90	1436648057
426,423;260,418;118,450	93,281;116,272;151,123	935	1436648068
84,106;350,255;337,270	355,238;342,211;381,345	979	1436648076
451,398;119,210;123,346	119,145;176,311;426,243	426	1436648081
196,412;444,339;304,208	231,393;218,80;193,459	913	1436648087
237,152;242,200;252,74	96,331;447,95;152,292	781	1436648094
154,238;467,70;310,310	441,289;128,125;100,276	455	1436648102
32,329;81,158;291,269	416,443;382,201;247,314	276	1436648112
402,345;451,373;171,400	161,276;426,73;94,295	57	1436648122
47,391;148,373;38,126	304,34;450,424;89,302	631	1436648127
209,54;293,85;208,379	441,469;358,397;431,118	99	1436648135
486,420;466,135;48,26	344,275;342,88;135,357	371	1436648145
261,409;350,267;163,82	203,106;124,336;386,413	278	1436648151
215,192;480,472;474,272	414,234;223,431;78,190	546	1436648160
328,478;105,100;94,196	180,276;488,476;43,29	916	1436648165
455,460;200,267;348,322	212,490;364,191;448,193	881	1436648172
281,293;134,442;28,68	45,315;211,377;356,247	460	1436648189
117,234;296,410;462,435	22,179;13,319;15,166	970	1436648198
304,411;123,482;248,227	319,428;467,50;439,431	462	1436648206
215,173;72,323;147,336	359,456;489,42;310,466	949	1436648213
428,58;228,125;188,159	264,210;305,339;87,163	719	1436648220
75,214;33,260;449,416	369,17;404,392;481,289	959	1436648225
322,101;257,99;338,342	50,210;310,108;455,401	267	1436648232
115,28;181,381;250,267	204,143;453,242;337,65	915	1436648239
36,169;217,145;145,393	46,418;331,448;176,92	178	1436648244
361,351;363,67;427,305	232,36;244,314;208,45	145	1436648250
83,486;84,230;32,399	20,486;65,152;244,140	535	1436648257
106,64;466,431;23,193	329,218;402,235;373,188	778	1436648262
406,258;162,108;486,478	228,369;21,11;108,134	900	1436648273
354,83;333,117;385,421	371,55;85,223;256,227	851	1436648280
185,130;303,432;425,447	327,157;310,16;166,401	925	1436648285
47,391;148,373;38,126	354,311;306,25;134,88	798	1436648292
94,415;388,79;51,222	289,40;288,357;42,46	164	1436648296
149,207;426,247;34,439	69,384;460,447;148,277	443	1436648303
367,14;142,80;418,272	410,433;300,330;88,447	134	1436648309
310,384;218,266;250,393	316,120;226,65;37,362	108	1436648314
288,255;363,115;201,424	174,229;431,149;307,184	955	1436648320
158,71;477,84;21,80	69,317;14,310;484,183	218	1436648329
79,252;45,465;167,168	122,184;108,148;130,275	185	1436648334
67,215;473,407;217,122	360,196;335,421;84,286	599	1436648339
233,113;152,390;483,36	40,202;485,483;299,331	913	1436648346
334,455;189,415;255,165	440,175;477,202;40,74	689	1436648353
305,408;116,244;28,51	434,138;83,302;268,72	455	1436648359
486,420;466,135;48,26	414,257;126,184;344,133	36	1436648366
450,175;145,348;382,350	433,307;245,95;316,263	75	1436648376
1F7u8R765