137	L	0.0.0.0	1436646253
86,169;120,216;436,399	144,391;208,137;457,168	1	1436646338
86,78;211,107;147,483	300,72;222,477;113,110	636	1436646354
42,319;93,132;46,412	429,92;312,197;119,197	0	1436646367
321,361;415,193;224,237	321,361;415,193;224,237	975	1436646411
213,263;455,213;370,59	177,372;447,44;475,193	545	1436646427
280,308;219,21;355,351	311,180;66,426;446,166	984	1436646440
437,319;434,366;263,222	368,490;130,91;156,11	615	1436646452
211,347;475,203;109,470	388,441;359,80;277,409	161	1436646462
348,115;438,274;26,142	148,60;277,120;351,470	50	1436646472
76,358;489,417;96,438	77,423;427,239;98,356	614	1436646482
367,14;142,80;418,272	483,322;433,475;194,109	457	1436646492
50,230;454,95;53,165	254,476;446,66;482,67	0	1436646505
27,166;224,232;336,184	64,410;317,162;448,81	5	1436646513
404,224;383,110;172,484	471,46;434,11;79,370	318	1436646525
47,391;148,373;38,126	43,281;15,219;315,212	726	1436646535
84,88;198,105;252,79	191,468;253,237;232,110	346	1436646548
149,207;426,247;34,439	108,192;134,376;393,489	136	1436646560
271,458;99,443;140,490	418,107;367,300;437,332	987	1436646571
437,319;434,366;263,222	379,89;432,273;300,217	258	1436646582
352,411;192,202;84,269	299,117;198,84;286,370	854	1436646591
485,183;350,205;317,228	314,360;259,150;232,297	17	1436646599
14,381;248,59;194,65	428,16;25,366;392,271	42	1436646609
428,58;228,125;188,159	76,329;188,379;147,416	59	1436646617
56,378;11,174;461,430	117,196;476,489;418,138	927	1436646630
24,60;486,339;244,389	134,32;202,140;364,443	13	1436646640
361,351;363,67;427,305	322,264;174,295;169,61	383	1436646652
85,408;294,292;318,435	147,475;36,444;85,353	927	1436646661
472,215;100,255;419,377	41,190;181,113;311,263	832	1436646670
348,115;438,274;26,142	369,324;22,471;154,25	734	1436646681
76,347;113,369;99,460	76,401;54,469;159,421	3	1436646691
83,486;84,230;32,399	186,217;213,461;235,280	670	1436646698
165,353;21,269;375,230	295,60;228,396;215,306	0	1436646706
50,312;460,337;35,192	50,312;460,337;35,192	1000	1436646714
35,425;89,233;175,236	225,332;346,437;446,381	718	1436646723
430,321;167,177;252,84	24,364;344,176;17,110	157	1436646733
196,177;214,413;138,216	386,213;380,390;314,73	259	1436646740
237,486;262,211;20,408	411,451;19,271;95,418	307	1436646747
333,414;105,206;131,489	488,282;29,281;320,353	0	1436646757
348,115;438,274;26,142	427,389;309,159;246,262	0	1436646767
278,130;18,481;486,49	222,21;141,194;27,399	0	1436646775
170,282;19,150;172,192	443,459;144,338;326,91	953	1436646786
361,351;363,67;427,305	172,408;476,13;71,388	1000	1436646798
436,397;257,297;167,38	107,70;311,122;359,458	342	1436646805
106,64;466,431;23,193	50,418;208,291;143,379	0	1436646813
135,41;460,109;390,41	134,365;267,341;184,252	156	1436646820
149,207;426,247;34,439	186,20;268,211;287,67	719	1436646826
472,215;100,255;419,377	233,86;185,483;97,233	219	1436646837
14,381;248,59;194,65	391,116;112,331;325,21	184	1436646843
182,111;442,395;269,211	381,351;240,131;342,405	182	1436646849
258,394;226,462;316,354	386,234;448,302;376,183	1000	1436646860
109,351;367,293;437,210	131,222;173,57;490,412	271	1436646868
215,192;480,472;474,272	125,140;165,332;487,456	1000	1436646880
196,412;444,339;304,208	76,40;232,484;278,411	580	1436646889
25,405;103,152;313,202	113,367;326,294;187,445	648	1436646897
232,193;166,278;430,450	51,156;232,213;175,164	249	1436646905
259,12;379,60;30,391	259,12;379,60;30,391	875	1436646912
162,321;22,192;29,45	145,286;26,103;104,112	683	1436646920
207,86;344,115;103,413	148,436;327,24;445,107	811	1436646926
480,200;18,58;163,93	119,57;432,331;335,31	271	1436646933
67,215;473,407;217,122	216,21;359,360;490,121	872	1436646942
133,162;128,431;130,236	31,446;302,28;93,412	0	1436646949
75,214;33,260;449,416	369,17;404,392;481,289	319	1436646956
47,391;148,373;38,126	433,285;250,394;174,229	746	1436646962
381,321;487,486;49,203	29,452;352,49;79,278	213	1436646969
62,93;462,421;174,258	352,218;457,197;212,383	224	1436646979
231,387;25,178;159,249	258,391;22,392;160,210	116	1436646986
426,423;260,418;118,450	376,74;375,49;376,294	4	1436646995
86,457;384,351;368,244	171,345;106,52;319,134	9	1436647003
194,153;200,127;484,25	286,488;163,153;304,480	985	1436647012
215,192;480,472;474,272	36,85;452,267;348,397	38	1436647020
309,341;144,310;36,277	254,198;138,388;303,117	743	1436647028
398,474;21,332;153,380	398,474;21,332;153,380	121	1436647037
163,480;445,241;396,243	134,310;123,62;130,88	0	1436647045
47,391;148,373;38,126	67,348;248,327;285,192	767	1436647052
50,168;98,101;303,158	354,89;232,475;225,262	170	1436647061
399,284;233,305;41,450	210,476;32,167;237,287	230	1436647068
17,46;151,56;365,187	384,395;52,357;209,389	272	1436647076
281,293;134,442;28,68	232,360;125,310;279,86	976	1436647083
105,262;485,344;146,168	11,428;19,271;101,471	302	1436647091
386,391;20,184;258,12	481,446;170,462;305,76	1000	1436647097
456,105;124,355;363,90	488,57;31,435;114,411	142	1436647107
50,230;454,95;53,165	22,78;145,45;414,486	1000	1436647118
106,64;466,431;23,193	303,173;234,435;216,269	44	1436647125
37,199;83,217;133,28	135,488;348,464;161,15	976	1436647131
47,391;148,373;38,126	24,294;178,258;312,66	78	1436647139
402,117;287,244;402,124	241,89;225,14;192,25	304	1436647146
411,41;59,322;112,267	139,165;385,304;441,473	126	1436647154
264,426;482,179;18,329	486,450;408,32;52,374	895	1436647163
163,62;52,204;431,228	403,353;467,425;343,485	847	1436647170
237,152;242,200;252,74	96,331;447,95;152,292	132	1436647178
361,351;363,67;427,305	424,169;58,354;43,396	157	1436647183
27,166;224,232;336,184	300,241;299,287;88,91	341	1436647189
215,192;480,472;474,272	476,412;204,174;476,302	1000	1436647196
307,19;466,113;431,378	382,34;278,420;275,148	24	1436647202
163,62;52,204;431,228	168,292;452,98;483,201	789	1436647207
67,366;311,260;387,85	156,29;264,450;242,114	217	1436647214
20,183;330,410;103,216	312,144;477,294;381,171	0	1436647220
94,322;203,172;357,266	339,326;155,417;20,222	928	1436647226
44,216;18,283;221,415	21,67;476,432;146,409	218	1436647232
437,319;434,366;263,222	463,141;46,280;440,199	229	1436647240
50,230;454,95;53,165	68,101;283,61;213,378	826	1436647246
464,170;464,383;201,17	140,188;64,63;453,345	171	1436647253
152,232;337,385;356,369	103,149;66,68;42,33	224	1436647261
163,62;52,204;431,228	94,41;480,103;440,219	898	1436647267
309,341;144,310;36,277	311,110;331,136;374,82	271	1436647273
215,423;246,291;314,448	129,375;369,247;197,399	892	1436647282
309,178;298,163;167,362	416,424;175,204;75,131	229	1436647290
451,398;119,210;123,346	119,145;176,311;426,243	790	1436647302
450,175;145,348;382,350	433,307;245,95;316,263	277	1436647313
27,166;224,232;336,184	179,390;175,169;463,456	218	1436647320
165,353;21,269;375,230	414,274;13,386;58,470	744	1436647327
254,421;291,307;450,150	400,187;99,90;188,171	224	1436647336
264,426;482,179;18,329	142,455;452,149;490,134	132	1436647344
215,192;480,472;474,272	33,211;329,149;316,463	736	1436647352
106,64;466,431;23,193	246,413;284,121;170,473	695	1436647359
67,215;473,407;217,122	472,152;49,345;224,100	288	1436647365
106,64;466,431;23,193	210,241;300,108;298,460	103	1436647374
302,153;253,50;22,320	308,325;446,360;196,125	841	1436647380
150,440;434,194;117,390	225,26;135,153;200,168	244	1436647386
277,65;218,404;376,340	279,410;26,475;432,490	723	1436647391
17,46;151,56;365,187	301,28;243,373;172,162	361	1436647405
47,391;148,373;38,126	402,51;137,297;109,348	327	1436647410
44,216;18,283;221,415	154,487;81,77;468,315	877	1436647419
66,452;384,88;181,479	330,35;344,380;389,74	734	1436647425
254,421;291,307;450,150	450,370;129,122;480,363	683	1436647434
157,361;169,91;49,447	309,437;364,384;156,363	687	1436647441
17,46;151,56;365,187	348,104;106,417;225,166	697	1436647448
236,458;437,368;320,145	23,458;425,295;304,43	871	1436647454
300,136;376,129;337,435	413,424;381,450;72,123	680	1436647462
154,238;467,70;310,310	109,56;356,358;284,476	707	1436647468
340,30;42,217;206,132	356,240;396,297;349,336	698	1436647475
78,316;216,177;304,112	309,364;215,358;438,177	661	1436647482
315,296;108,325;378,323	192,437;85,347;330,54	671	1436647488
158,94;67,483;202,353	112,219;478,92;185,127	661	1436647494
340,379;107,473;117,374	81,69;32,341;267,388	717	1436647501
261,284;233,194;270,246	289,179;448,248;81,41	701	1436647507
5F7y7N430