136	R	0.0.0.0	1436646026
86,169;120,216;436,399	144,391;208,137;457,168	203	1436646107
86,78;211,107;147,483	300,72;222,477;113,110	348	1436646113
42,319;93,132;46,412	429,92;312,197;119,197	802	1436646120
321,361;415,193;224,237	321,361;415,193;224,237	527	1436646126
213,263;455,213;370,59	177,372;447,44;475,193	639	1436646132
280,308;219,21;355,351	311,180;66,426;446,166	394	1436646138
480,200;18,58;163,93	44,250;44,450;237,314	281	1436646143
130,399;227,341;111,275	230,26;76,313;325,229	367	1436646151
436,397;257,297;167,38	247,252;190,289;71,442	716	1436646158
348,115;438,274;26,142	429,13;382,483;159,18	383	1436646164
196,412;444,339;304,208	237,314;168,165;482,450	320	1436646172
14,381;248,59;194,65	209,430;401,399;469,204	162	1436646180
302,153;253,50;22,320	121,129;271,29;345,353	353	1436646198
134,19;328,214;253,384	257,356;112,231;227,350	770	1436646204
328,478;105,100;94,196	129,100;104,174;380,433	355	1436646208
14,381;248,59;194,65	480,241;415,138;404,198	357	1436646213
154,338;248,296;453,384	366,411;392,123;414,248	636	1436646217
409,97;164,30;421,26	69,86;191,148;342,362	304	1436646225
340,30;42,217;206,132	28,487;477,292;462,308	382	1436646231
179,16;147,327;112,363	190,17;390,296;26,408	414	1436646236
348,115;438,274;26,142	365,424;425,49;304,424	391	1436646242
36,339;189,422;52,125	215,211;354,473;474,203	624	1436646247
348,115;438,274;26,142	50,222;368,277;182,28	352	1436646252
263,179;237,450;150,92	422,84;51,321;483,264	613	1436646257
278,130;18,481;486,49	222,21;141,194;27,399	556	1436646262
464,132;401,378;411,298	275,435;180,413;460,149	573	1436646267
426,423;260,418;118,450	354,88;39,168;117,182	447	1436646274
106,64;466,431;23,193	117,336;100,35;87,161	446	1436646281
302,153;253,50;22,320	114,201;361,349;26,467	472	1436646287
451,398;119,210;123,346	30,435;291,390;364,314	604	1436646292
237,152;242,200;252,74	331,81;449,429;416,181	437	1436646296
259,12;379,60;30,391	259,12;379,60;30,391	398	1436646301
148,362;361,335;488,180	424,23;32,14;280,170	425	1436646306
14,381;248,59;194,65	70,352;274,237;420,185	591	1436646311
373,253;316,203;185,435	110,83;147,464;124,448	585	1436646316
218,404;171,270;416,289	438,201;218,487;89,330	392	1436646321
436,397;257,297;167,38	64,266;328,270;463,207	628	1436646326
391,41;216,359;395,193	189,480;206,42;188,183	340	1436646330
398,474;21,332;153,380	398,474;21,332;153,380	621	1436646336
331,145;364,272;379,451	223,296;156,315;485,79	428	1436646342
213,400;281,121;409,301	283,232;430,448;403,170	567	1436646347
50,312;460,337;35,192	50,312;460,337;35,192	448	1436646352
347,119;193,213;98,56	36,167;114,473;20,407	741	1436646358
50,230;454,95;53,165	150,197;186,396;475,442	482	1436646364
44,216;18,283;221,415	119,205;152,42;196,217	532	1436646370
20,183;330,410;103,216	312,144;477,294;381,171	443	1436646375
76,358;489,417;96,438	337,431;202,359;40,201	570	1436646380
21,264;421,164;334,488	426,74;157,126;225,390	239	1436646385
451,373;25,40;475,153	134,407;177,69;304,304	382	1436646390
160,405;214,119;331,69	293,324;261,351;356,143	729	1436646395
155,98;302,281;101,263	214,134;113,267;347,460	487	1436646401
115,72;67,147;76,253	363,150;175,370;297,483	717	1436646406
196,412;444,339;304,208	47,220;276,365;376,276	451	1436646411
264,426;482,179;18,329	364,332;79,364;347,155	432	1436646420
137,148;480,110;212,50	381,328;161,158;179,335	472	1436646425
118,74;160,342;370,12	264,65;32,209;273,412	429	1436646429
89,154;125,240;275,406	418,235;168,89;348,215	280	1436646435
165,353;21,269;375,230	295,60;228,396;215,306	800	1436646440
106,64;466,431;23,193	50,418;208,291;143,379	913	1436646445
17,46;151,56;365,187	184,51;303,273;137,41	588	1436646451
299,440;289,210;181,414	426,395;271,396;263,219	254	1436646456
332,172;130,329;190,199	291,358;359,65;84,489	665	1436646460
211,347;475,203;109,470	388,441;359,80;277,409	726	1436646465
288,255;363,115;201,424	317,159;360,82;324,291	877	1436646470
289,438;28,139;41,283	278,306;45,295;191,355	636	1436646476
44,216;18,283;221,415	476,244;440,227;278,275	637	1436646481
309,341;144,310;36,277	321,162;305,214;464,70	592	1436646485
234,177;91,104;345,327	265,103;347,235;447,369	704	1436646499
50,230;454,95;53,165	204,363;172,466;209,314	779	1436646509
391,41;216,359;395,193	178,256;190,464;316,57	624	1436646521
76,358;489,417;96,438	164,163;249,12;210,280	604	1436646527
281,293;134,442;28,68	284,206;145,385;360,278	604	1436646532
391,41;216,359;395,193	295,459;67,363;25,318	776	1436646536
67,215;473,407;217,122	464,311;452,37;149,224	204	1436646541
281,293;134,442;28,68	57,213;23,408;426,186	442	1436646547
265,372;156,399;97,287	76,140;119,257;314,411	911	1436646551
407,271;401,270;178,105	244,267;401,160;11,314	878	1436646556
490,112;372,218;284,337	71,78;108,436;136,40	819	1436646563
267,393;373,27;477,407	26,269;146,49;211,432	340	1436646573
480,200;18,58;163,93	111,412;27,70;174,228	862	1436646578
254,421;291,307;450,150	312,469;290,23;248,36	970	1436646583
254,421;291,307;450,150	476,62;445,308;26,323	674	1436646587
281,293;134,442;28,68	490,141;277,95;429,99	728	1436646592
13,471;24,230;322,125	81,149;316,115;120,403	321	1436646598
279,62;109,340;350,198	162,337;25,24;114,127	808	1436646604
437,319;434,366;263,222	179,239;150,221;228,187	588	1436646608
23,28;369,459;24,30	219,251;21,346;344,191	180	1436646613
215,74;161,202;355,181	234,272;48,228;83,76	288	1436646618
220,320;197,212;287,275	21,253;220,58;401,264	576	1436646623
106,433;402,82;218,138	70,460;101,95;191,305	785	1436646628
106,64;466,431;23,193	313,278;317,97;461,347	436	1436646632
281,214;418,373;400,139	93,476;363,460;361,132	396	1436646637
237,152;242,200;252,74	45,379;103,322;384,233	864	1436646641
94,322;203,172;357,266	250,364;173,485;448,285	755	1436646646
255,282;399,416;61,325	455,136;165,84;152,407	422	1436646650
17,46;151,56;365,187	301,28;243,373;172,162	401	1436646656
163,62;52,204;431,228	162,301;376,328;127,57	585	1436646664
165,353;21,269;375,230	384,115;189,477;80,480	627	1436646668
41,291;277,476;147,331	381,110;251,40;107,46	615	1436646673
343,207;119,23;470,327	19,22;315,384;140,161	759	1436646677
428,58;228,125;188,159	76,329;188,379;147,416	806	1436646683
76,358;489,417;96,438	77,423;427,239;98,356	705	1436646687
364,292;84,412;177,324	386,485;446,419;400,459	702	1436646691
451,398;119,210;123,346	453,350;411,73;282,398	429	1436646696
233,113;152,390;483,36	40,202;485,483;299,331	828	1436646700
452,73;249,298;142,362	253,211;133,155;11,109	716	1436646705
410,21;23,131;384,198	213,429;250,188;368,488	368	1436646710
472,215;100,255;419,377	363,112;143,353;198,166	423	1436646714
304,407;295,58;159,280	276,377;310,39;397,72	640	1436646720
204,39;272,205;439,280	282,203;476,453;104,54	662	1436646730
394,228;117,43;153,383	398,20;334,272;139,221	425	1436646736
67,215;473,407;217,122	486,48;125,262;248,468	423	1436646740
249,470;254,249;292,142	483,321;304,355;83,450	582	1436646745
76,314;471,20;263,186	395,41;46,381;61,415	538	1436646750
347,119;193,213;98,56	61,430;76,336;243,121	633	1436646754
472,215;100,255;419,377	158,145;323,176;350,285	433	1436646759
436,397;257,297;167,38	432,135;141,296;248,293	746	1436646764
245,273;292,210;136,25	182,43;126,437;21,401	637	1436646768
264,426;482,179;18,329	205,253;355,258;262,123	411	1436646773
348,115;438,274;26,142	145,470;26,372;420,236	564	1436646778
327,34;370,122;297,198	145,121;263,60;411,79	562	1436646782
193,103;105,35;311,337	478,363;121,139;245,171	546	1436646786
434,46;256,333;263,59	296,331;252,318;305,191	569	1436646791
133,325;443,196;463,109	290,442;190,164;311,376	597	1436646795
75,11;396,474;302,294	263,287;26,301;77,376	668	1436646800
196,412;444,339;304,208	104,202;134,48;346,172	394	1436646804
382,294;207,333;280,232	460,125;258,112;100,214	555	1436646809
320,97;288,294;469,456	209,123;355,46;263,475	456	1436646814
76,358;489,417;96,438	456,154;432,448;233,166	622	1436646818
106,64;466,431;23,193	379,130;153,194;219,326	430	1436646822
434,46;256,333;263,59	45,264;90,463;367,385	419	1436646826
347,119;193,213;98,56	394,210;69,311;232,110	440	1436646831
428,58;228,125;188,159	264,210;305,339;87,163	676	1436646835
415,162;135,449;331,60	183,291;66,456;432,283	549	1436646841
281,293;134,442;28,68	127,43;220,323;459,25	567	1436646845
5G3v6N155