136	R	0.0.0.0	1436646553
86,169;120,216;436,399	144,391;208,137;457,168	948	1436646674
86,78;211,107;147,483	300,72;222,477;113,110	712	1436646692
42,319;93,132;46,412	429,92;312,197;119,197	975	1436646701
321,361;415,193;224,237	321,361;415,193;224,237	0	1436646717
213,263;455,213;370,59	177,372;447,44;475,193	839	1436646728
280,308;219,21;355,351	311,180;66,426;446,166	613	1436646738
430,321;167,177;252,84	187,436;41,477;435,182	786	1436646749
197,303;405,437;384,36	119,399;113,49;300,263	615	1436646764
367,14;142,80;418,272	325,86;420,488;198,344	392	1436646775
358,306;179,414;263,292	187,234;468,306;382,72	742	1436646782
302,153;253,50;22,320	200,47;455,62;273,304	976	1436646790
51,78;78,214;266,179	361,389;374,241;119,138	855	1436646797
76,347;113,369;99,460	131,293;66,276;442,247	986	1436646803
35,425;89,233;175,236	199,360;179,12;141,298	928	1436646811
264,426;482,179;18,329	372,382;58,467;79,204	936	1436646819
175,17;177,346;408,78	291,468;302,75;30,168	830	1436646825
259,188;370,226;309,311	149,489;39,96;338,275	244	1436646835
163,62;52,204;431,228	361,458;88,313;233,47	694	1436646844
47,391;148,373;38,126	67,348;248,327;285,192	655	1436647289
163,62;52,204;431,228	447,122;379,433;164,89	755	1436647298
89,325;174,202;481,355	202,421;249,111;468,146	378	1436647309
27,166;224,232;336,184	432,170;290,98;197,247	842	1436647314
77,378;218,284;101,337	55,122;111,322;240,415	397	1436647323
472,215;100,255;419,377	395,450;252,102;71,26	757	1436647329
414,279;234,378;327,128	420,481;171,363;286,93	248	1436647337
458,57;56,330;118,107	484,424;164,277;341,47	853	1436647343
184,300;303,379;133,368	172,223;156,108;200,424	1000	1436647348
340,383;182,282;34,79	57,359;448,26;122,239	436	1436647356
94,322;203,172;357,266	432,177;142,406;134,51	387	1436647365
241,337;436,295;488,464	485,146;449,144;112,193	895	1436647370
14,440;458,64;361,20	343,488;156,207;238,222	223	1436647377
124,217;147,407;186,118	134,109;462,90;120,320	885	1436647383
163,62;52,204;431,228	136,412;288,476;286,31	369	1436647389
89,154;125,240;275,406	451,112;349,148;32,220	753	1436647395
348,115;438,274;26,142	392,424;92,443;211,269	914	1436647402
49,237;385,459;391,228	395,34;17,94;279,446	565	1436647409
373,324;291,141;337,474	273,366;342,231;285,43	576	1436647415
43,236;379,412;248,230	22,107;392,460;391,361	877	1436647420
268,398;482,170;216,312	397,199;487,312;470,115	860	1436647425
340,30;42,217;206,132	438,48;307,474;419,357	958	1436647443
343,382;307,38;171,63	433,69;190,327;77,422	984	1436647449
146,184;338,246;322,384	217,283;347,471;431,112	343	1436647463
121,490;261,396;139,123	203,331;188,476;425,239	703	1436647469
472,215;100,255;419,377	444,273;422,136;338,477	796	1436647474
198,161;13,242;92,45	350,151;476,27;363,390	902	1436647480
16,165;142,486;443,332	388,17;51,487;278,339	890	1436647486
343,207;119,23;470,327	19,22;315,384;140,161	601	1436647493
27,166;224,232;336,184	148,312;28,16;350,450	881	1436647498
44,216;18,283;221,415	46,37;23,444;247,267	885	1436647503
44,216;18,283;221,415	392,114;155,307;11,153	455	1436647511
76,358;489,417;96,438	178,339;126,127;368,361	721	1436647516
132,462;348,313;185,356	71,150;466,397;371,219	388	1436647522
110,311;412,270;173,22	56,367;227,180;434,331	455	1436647527
428,58;228,125;188,159	309,415;211,281;42,118	718	1436647532
330,69;370,92;286,390	259,26;186,298;158,365	665	1436647538
283,485;226,233;402,139	206,223;296,375;387,185	679	1436647543
111,38;364,327;344,278	168,140;60,485;310,483	921	1436647548
67,215;473,407;217,122	264,332;431,58;46,44	917	1436647553
109,330;82,457;356,328	369,244;122,373;294,112	235	1436647560
196,412;444,339;304,208	360,220;36,403;478,449	102	1436647566
328,478;105,100;94,196	195,291;177,323;439,28	926	1436647570
153,59;299,332;405,355	311,259;487,28;79,424	896	1436647576
361,351;363,67;427,305	154,149;177,317;172,325	364	1436647582
65,75;197,14;56,189	225,42;145,177;317,326	614	1436647589
259,12;379,60;30,391	259,12;379,60;30,391	26	1436647599
451,398;119,210;123,346	102,155;118,431;327,45	759	1436647607
309,341;144,310;36,277	90,422;220,481;439,146	952	1436647612
386,315;443,160;486,139	372,32;378,71;181,444	828	1436647619
385,432;457,78;305,178	158,93;186,300;395,39	668	1436647624
239,184;19,250;15,201	478,22;451,212;215,312	893	1436647629
251,365;443,328;291,105	35,415;307,445;348,134	330	1436647638
348,115;438,274;26,142	73,211;359,321;153,325	330	1436647643
189,426;195,70;377,212	66,13;288,354;487,31	820	1436647648
432,435;21,51;26,305	438,477;305,29;86,385	802	1436647653
237,152;242,200;252,74	344,463;344,100;43,296	955	1436647658
26,243;188,168;160,226	103,52;55,269;271,24	439	1436647663
55,14;304,357;283,57	467,295;429,21;134,200	701	1436647668
488,277;351,30;184,192	125,12;463,74;106,295	247	1436647672
425,365;119,36;45,208	454,310;84,182;484,437	687	1436647677
101,44;375,455;273,83	51,234;69,470;209,232	702	1436647682
289,168;87,464;57,220	172,31;395,82;24,404	645	1436647687
486,420;466,135;48,26	83,237;302,16;111,154	660	1436647693
70,165;430,387;381,404	66,199;13,178;400,482	760	1436647697
341,420;62,464;465,269	401,360;77,185;481,350	724	1436647702
196,412;444,339;304,208	181,22;410,167;248,382	411	1436647707
295,406;425,445;73,468	420,218;39,438;49,478	770	1436647713
281,293;134,442;28,68	127,43;220,323;459,25	652	1436647718
39,16;84,400;37,182	469,197;252,187;31,52	691	1436647723
196,412;444,339;304,208	384,41;60,111;326,397	178	1436647728
78,40;272,210;187,12	261,371;107,156;265,118	309	1436647733
76,358;489,417;96,438	175,416;453,32;35,227	340	1436647738
430,321;167,177;252,84	308,37;283,127;452,267	579	1436647743
106,254;351,176;31,216	419,483;185,324;74,199	679	1436647748
35,425;89,233;175,236	193,379;423,63;314,405	394	1436647753
285,76;399,27;79,194	51,147;464,280;363,373	876	1436647758
332,265;321,160;458,160	295,42;271,157;314,35	841	1436647764
134,64;131,247;225,178	428,399;271,25;408,68	721	1436647770
398,474;21,332;153,380	398,474;21,332;153,380	0	1436647776
437,319;434,366;263,222	349,345;98,380;236,161	947	1436647781
381,435;363,360;239,70	237,387;453,53;411,363	797	1436647786
386,280;34,158;298,448	82,443;359,14;194,246	877	1436647791
389,482;441,156;461,339	329,475;269,285;277,434	393	1436647809
35,425;89,233;175,236	384,74;193,49;345,268	781	1436647814
428,58;228,125;188,159	380,244;236,244;384,216	615	1436647819
196,412;444,339;304,208	24,282;236,128;118,312	622	1436647824
328,478;105,100;94,196	273,371;273,81;297,421	421	1436647829
354,100;139,176;44,88	166,187;220,339;173,148	613	1436647835
207,358;310,351;298,229	219,344;80,52;125,298	738	1436647841
306,329;229,119;143,223	82,170;235,99;268,461	355	1436647846
366,215;227,116;189,160	193,115;463,306;482,296	668	1436647851
115,72;67,147;76,253	50,99;91,407;77,85	919	1436647856
309,341;144,310;36,277	311,110;331,136;374,82	906	1436647861
427,55;168,381;374,397	240,321;197,156;404,106	435	1436647865
50,312;460,337;35,192	50,312;460,337;35,192	19	1436647874
375,229;57,169;334,138	129,104;69,488;224,359	562	1436647879
484,140;283,393;112,280	225,139;340,239;245,280	439	1436647884
149,207;426,247;34,439	366,119;403,248;378,490	897	1436647890
115,72;67,147;76,253	123,424;36,334;263,456	434	1436647895
450,433;56,32;266,193	206,342;67,56;206,356	986	1436647900
47,391;148,373;38,126	339,253;104,80;97,314	800	1436647905
430,321;167,177;252,84	39,429;318,147;365,117	981	1436647910
196,412;444,339;304,208	232,291;151,372;60,232	466	1436647916
302,153;253,50;22,320	158,178;361,425;473,157	894	1436647921
347,119;193,213;98,56	434,27;176,227;414,424	361	1436647927
339,235;184,364;211,25	446,128;357,226;35,193	620	1436647932
254,421;291,307;450,150	326,141;326,366;291,203	586	1436647945
106,64;466,431;23,193	143,310;193,274;212,142	857	1436647950
278,337;58,306;216,204	343,256;351,147;394,83	733	1436647955
319,282;233,136;160,191	191,31;39,169;90,144	938	1436647960
27,166;224,232;336,184	391,283;58,403;480,57	430	1436647966
254,421;291,307;450,150	84,358;417,247;53,405	457	1436647970
404,477;120,330;443,490	279,140;449,364;283,113	841	1436647975
254,421;291,307;450,150	256,285;202,395;15,420	712	1436647980
309,341;144,310;36,277	121,167;281,440;136,165	879	1436647985
228,423;164,419;14,164	323,113;483,436;235,57	438	1436647992
3D6w7N559