136	L	0.0.0.0	1436646221
86,169;120,216;436,399	144,391;208,137;457,168	1000	1436646428
86,78;211,107;147,483	300,72;222,477;113,110	664	1436646444
42,319;93,132;46,412	429,92;312,197;119,197	655	1436646508
321,361;415,193;224,237	321,361;415,193;224,237	0	1436646522
213,263;455,213;370,59	177,372;447,44;475,193	711	1436646553
280,308;219,21;355,351	311,180;66,426;446,166	609	1436646564
379,367;389,486;438,450	330,300;289,61;489,109	427	1436646576
144,396;282,321;391,81	282,413;74,380;331,315	568	1436646584
135,261;296,77;302,265	263,140;274,41;394,463	1000	1436646591
348,115;438,274;26,142	17,391;471,168;308,252	996	1436646603
149,207;426,247;34,439	446,344;196,57;360,144	800	1436646615
199,81;71,33;391,363	66,405;400,460;443,346	722	1436646624
215,192;480,472;474,272	484,161;486,416;79,25	0	1436646644
434,46;256,333;263,59	432,196;183,220;408,450	413	1436646658
447,83;485,459;160,469	145,292;204,47;480,245	382	1436646666
451,398;119,210;123,346	228,177;451,61;83,481	627	1436646673
97,271;239,382;190,210	86,190;365,274;135,365	62	1436646681
23,364;134,110;403,38	116,297;161,115;55,347	396	1436646687
434,46;256,333;263,59	201,31;114,427;426,341	331	1436646693
165,353;21,269;375,230	348,478;69,193;183,338	809	1436646699
50,230;454,95;53,165	83,309;377,287;170,47	1000	1436646713
480,200;18,58;163,93	20,475;302,57;284,144	106	1436646727
304,57;161,158;54,139	451,344;226,315;412,433	282	1436646738
73,416;413,487;260,342	74,353;453,83;358,60	629	1436646743
436,241;346,162;209,334	302,146;240,429;419,174	273	1436646750
163,62;52,204;431,228	345,79;422,369;26,221	416	1436646756
27,166;224,232;336,184	232,435;412,24;388,282	257	1436646761
163,62;52,204;431,228	13,327;424,174;60,92	297	1436646767
149,207;426,247;34,439	263,382;25,351;357,211	0	1436646775
451,245;138,447;483,356	248,75;226,409;152,411	186	1436646782
95,424;213,481;367,250	107,485;469,93;210,462	693	1436646791
481,56;312,344;239,412	204,50;471,139;29,408	1000	1436646799
347,119;193,213;98,56	20,263;173,69;415,427	413	1436646804
345,44;114,357;248,273	436,126;298,183;392,189	587	1436646813
298,423;414,472;26,249	34,233;336,474;90,440	967	1436646818
434,46;256,333;263,59	337,54;27,121;399,317	330	1436646828
355,328;11,267;416,106	224,356;478,467;280,332	752	1436646838
44,216;18,283;221,415	319,77;214,440;139,265	333	1436646843
181,424;87,380;207,148	180,433;291,178;276,241	810	1436646851
44,216;18,283;221,415	25,329;280,49;228,166	343	1436646857
148,244;350,105;386,184	146,337;390,410;223,322	614	1436646864
392,219;282,229;231,459	84,300;273,150;280,387	753	1436646881
264,426;482,179;18,329	251,124;295,348;58,204	313	1436646888
244,54;408,274;59,21	45,181;230,428;344,63	663	1436646894
105,141;402,394;353,201	270,460;12,459;476,110	251	1436646900
50,312;460,337;35,192	50,312;460,337;35,192	0	1436646907
486,420;466,135;48,26	484,303;349,486;198,396	666	1436646913
250,328;277,380;380,270	57,349;71,189;406,447	391	1436646919
417,485;453,281;169,404	326,378;393,174;435,406	682	1436646924
209,299;277,32;180,145	75,60;145,29;422,318	902	1436646931
264,426;482,179;18,329	386,407;448,165;120,424	372	1436646937
50,214;119,11;273,95	29,289;229,47;323,405	329	1436646944
259,12;379,60;30,391	259,12;379,60;30,391	40	1436646952
214,408;96,75;97,390	20,34;480,83;321,21	819	1436646958
107,77;32,329;418,19	147,402;388,153;18,179	401	1436646964
196,412;444,339;304,208	484,52;138,284;425,266	411	1436646971
50,230;454,95;53,165	383,361;348,154;436,443	905	1436646976
33,38;440,472;482,48	486,451;42,45;202,477	671	1436646982
76,358;489,417;96,438	175,416;453,32;35,227	360	1436646989
367,14;142,80;418,272	211,344;325,53;47,201	161	1436646995
107,285;152,322;92,204	196,24;209,109;373,380	599	1436647001
412,340;245,260;95,76	329,186;251,20;411,208	388	1436647007
486,420;466,135;48,26	362,353;269,84;202,249	348	1436647013
437,319;434,366;263,222	195,195;63,471;200,101	543	1436647018
270,124;168,394;223,81	366,401;288,341;224,44	715	1436647027
42,168;52,55;236,465	253,117;423,123;269,406	733	1436647034
17,46;151,56;365,187	184,51;303,273;137,41	626	1436647040
391,41;216,359;395,193	16,202;154,478;226,464	975	1436647045
402,345;451,373;171,400	161,276;426,73;94,295	263	1436647051
48,339;193,331;373,396	151,451;470,205;181,403	900	1436647057
472,215;100,255;419,377	329,180;355,399;421,462	745	1436647062
115,72;67,147;76,253	172,302;218,210;289,238	245	1436647068
94,322;203,172;357,266	149,449;374,197;125,11	325	1436647074
77,378;218,284;101,337	257,90;460,111;339,74	372	1436647084
43,236;379,412;248,230	146,134;221,450;316,258	122	1436647090
480,200;18,58;163,93	111,412;27,70;174,228	865	1436647095
231,424;126,490;261,36	133,165;334,56;300,140	703	1436647101
106,64;466,431;23,193	464,350;118,300;225,399	664	1436647107
426,423;260,418;118,450	73,489;90,427;49,226	64	1436647115
323,109;284,17;198,117	93,247;407,318;459,177	338	1436647121
418,431;120,100;122,418	272,51;154,276;288,11	884	1436647126
302,153;253,50;22,320	39,109;253,54;148,463	647	1436647131
405,51;42,418;477,224	477,149;392,328;23,238	648	1436647139
361,351;363,67;427,305	387,468;402,231;136,294	733	1436647145
149,207;426,247;34,439	310,443;316,285;437,300	258	1436647150
273,91;379,471;397,464	340,451;447,445;51,204	728	1436647156
27,166;224,232;336,184	361,109;490,288;319,142	772	1436647165
430,321;167,177;252,84	103,60;306,164;30,237	811	1436647170
315,349;239,69;118,324	273,296;197,156;270,450	900	1436647176
17,46;151,56;365,187	402,427;51,427;54,191	921	1436647181
43,236;379,412;248,230	145,83;318,250;97,342	437	1436647188
456,169;457,69;120,61	49,197;412,103;22,53	64	1436647194
154,238;467,70;310,310	395,118;129,111;101,388	403	1436647200
428,58;228,125;188,159	427,313;380,250;251,21	677	1436647206
254,421;291,307;450,150	111,358;401,137;199,435	968	1436647214
147,359;456,24;487,165	254,211;393,401;118,307	756	1436647219
391,41;216,359;395,193	210,445;315,449;206,15	868	1436647227
220,407;282,381;448,57	51,479;277,410;119,393	935	1436647232
44,216;18,283;221,415	363,67;93,87;71,353	784	1436647238
430,321;167,177;252,84	308,37;283,127;452,267	444	1436647243
101,190;130,38;397,73	321,433;28,298;358,147	221	1436647249
437,319;434,366;263,222	280,393;274,405;368,266	996	1436647256
157,447;334,279;341,447	387,57;72,34;12,408	272	1436647261
136,417;143,229;278,310	188,162;375,169;98,361	374	1436647267
451,398;119,210;123,346	451,86;463,384;148,195	603	1436647272
11,265;292,192;100,482	449,409;426,389;325,372	935	1436647279
50,230;454,95;53,165	37,75;20,83;438,395	992	1436647284
361,351;363,67;427,305	208,55;142,333;311,292	610	1436647289
436,397;257,297;167,38	466,411;136,45;233,46	983	1436647295
77,378;218,284;101,337	406,250;366,260;444,118	151	1436647301
165,353;21,269;375,230	348,390;367,79;324,80	998	1436647307
375,207;227,444;303,54	416,238;420,170;107,15	757	1436647313
55,368;85,403;371,269	325,86;208,348;234,16	942	1436647319
436,397;257,297;167,38	437,269;270,410;288,485	627	1436647328
327,170;177,387;424,302	246,421;135,12;161,420	956	1436647334
50,230;454,95;53,165	198,474;437,43;449,131	28	1436647341
451,163;104,355;284,455	447,299;428,96;219,304	752	1436647346
391,41;216,359;395,193	472,46;326,13;83,295	266	1436647352
348,115;438,274;26,142	452,276;177,463;171,118	697	1436647357
484,140;283,393;112,280	225,139;340,239;245,280	310	1436647363
76,347;113,369;99,460	107,360;310,258;434,249	403	1436647369
481,374;60,332;354,153	460,85;287,45;295,295	324	1436647376
328,478;105,100;94,196	23,311;125,208;346,26	587	1436647382
165,353;21,269;375,230	32,284;351,32;251,325	371	1436647388
374,184;200,351;177,331	22,71;457,146;418,69	462	1436647394
288,255;363,115;201,424	361,328;456,371;192,254	0	1436647400
426,423;260,418;118,450	424,126;211,242;434,92	457	1436647406
52,268;154,80;78,283	411,199;284,48;335,73	105	1436647417
27,166;224,232;336,184	110,70;361,405;341,289	638	1436647434
27,166;224,232;336,184	194,182;247,23;380,410	222	1436647439
446,473;425,334;419,348	279,288;294,240;205,361	994	1436647446
218,404;171,270;416,289	438,201;218,487;89,330	588	1436647451
398,474;21,332;153,380	398,474;21,332;153,380	0	1436647457
149,202;405,197;237,458	338,458;143,92;81,435	382	1436647463
228,327;256,477;269,351	143,219;277,325;480,60	470	1436647470
5D3u9L675