137	R	0.0.0.0	1436646794
86,169;120,216;436,399	144,391;208,137;457,168	1000	1436646870
86,78;211,107;147,483	300,72;222,477;113,110	725	1436646886
42,319;93,132;46,412	429,92;312,197;119,197	987	1436646892
321,361;415,193;224,237	321,361;415,193;224,237	28	1436646897
213,263;455,213;370,59	177,372;447,44;475,193	913	1436646902
280,308;219,21;355,351	311,180;66,426;446,166	2	1436646907
297,82;132,72;279,57	73,320;336,231;243,283	976	1436646914
78,266;16,264;145,269	412,169;296,133;362,152	122	1436646921
194,118;168,256;366,62	369,119;110,453;57,116	148	1436646928
451,398;119,210;123,346	285,80;418,18;21,405	991	1436646934
480,200;18,58;163,93	341,89;257,63;141,83	995	1436646939
20,183;330,410;103,216	312,144;477,294;381,171	879	1436646945
442,72;382,370;455,357	95,391;382,202;82,152	969	1436646949
328,478;105,100;94,196	129,100;104,174;380,433	49	1436646954
291,336;119,466;244,123	444,131;295,69;130,263	576	1436646960
348,115;438,274;26,142	120,490;423,171;112,339	169	1436646966
140,140;43,80;177,404	174,252;20,363;267,50	155	1436646971
379,378;451,158;199,127	366,101;95,153;154,489	949	1436646977
456,105;124,355;363,90	488,57;31,435;114,411	885	1436646981
101,322;357,102;364,92	297,436;139,126;156,184	418	1436646986
434,46;256,333;263,59	337,54;27,121;399,317	635	1436646992
340,383;182,282;34,79	57,359;448,26;122,239	204	1436646997
430,321;167,177;252,84	24,364;344,176;17,110	943	1436647038
328,478;105,100;94,196	324,322;27,442;337,57	876	1436647043
250,434;394,168;173,377	30,105;319,360;355,307	749	1436647049
27,166;224,232;336,184	119,314;108,269;367,390	430	1436647054
484,140;283,393;112,280	225,139;340,239;245,280	703	1436647059
50,230;454,95;53,165	131,441;70,123;418,219	999	1436647065
434,475;158,34;233,328	347,426;360,395;256,86	909	1436647071
409,309;346,134;12,156	474,210;83,46;129,384	946	1436647077
259,12;379,60;30,391	259,12;379,60;30,391	6	1436647082
83,486;84,230;32,399	447,412;364,335;145,85	972	1436647087
206,38;452,472;82,271	442,102;222,170;357,461	611	1436647092
422,54;117,412;222,261	394,327;306,244;357,310	986	1436647097
427,366;117,188;73,75	320,339;40,425;73,385	938	1436647103
14,381;248,59;194,65	195,456;27,77;192,376	0	1436647107
78,55;472,314;336,296	103,48;28,480;74,352	979	1436647112
480,200;18,58;163,93	451,351;183,315;101,190	795	1436647117
89,154;125,240;275,406	302,435;293,485;171,170	265	1436647123
339,445;166,419;314,454	384,214;452,111;427,186	745	1436647128
44,216;18,283;221,415	224,384;268,350;138,244	641	1436647134
84,88;198,105;252,79	191,468;253,237;232,110	731	1436647139
94,322;203,172;357,266	223,330;48,29;377,70	803	1436647154
131,485;147,168;29,201	216,467;165,365;390,81	593	1436647159
364,32;62,161;383,238	119,62;373,207;152,268	335	1436647164
115,72;67,147;76,253	50,99;91,407;77,85	819	1436647169
423,315;45,250;19,53	199,488;39,87;424,187	653	1436647174
14,381;248,59;194,65	70,352;274,237;420,185	705	1436647179
43,236;379,412;248,230	294,258;469,379;215,250	786	1436647184
51,207;342,471;103,232	142,486;260,262;414,95	648	1436647195
154,238;467,70;310,310	442,224;325,391;166,115	298	1436647201
178,99;11,313;378,48	468,200;186,433;485,423	778	1436647213
288,255;363,115;201,424	187,175;215,216;37,396	991	1436647218
37,97;198,440;305,16	92,261;428,95;368,442	588	1436647224
237,438;63,255;451,190	154,247;153,24;408,304	594	1436647259
451,398;119,210;123,346	453,350;411,73;282,398	475	1436647264
436,397;257,297;167,38	76,62;79,425;49,402	980	1436647268
243,67;134,101;413,344	454,165;116,489;458,159	999	1436647273
430,321;167,177;252,84	424,248;136,462;296,136	125	1436647278
451,398;119,210;123,346	403,127;411,488;473,20	595	1436647282
237,152;242,200;252,74	110,73;321,127;375,162	995	1436647287
89,154;125,240;275,406	359,481;294,306;285,34	866	1436647296
255,282;399,416;61,325	455,136;165,84;152,407	635	1436647300
13,484;125,87;389,447	144,104;215,333;427,308	996	1436647306
386,315;443,160;486,139	372,32;378,71;181,444	993	1436647312
163,62;52,204;431,228	472,357;100,166;434,405	990	1436647317
187,144;206,412;341,405	486,405;463,404;152,258	987	1436647322
124,345;201,455;325,98	418,284;454,42;176,179	783	1436647330
106,64;466,431;23,193	125,171;356,169;387,459	929	1436647335
92,280;287,461;482,97	366,224;301,229;398,157	917	1436647344
89,154;125,240;275,406	269,133;387,345;341,466	774	1436647353
374,483;409,302;388,151	360,145;131,305;343,74	785	1436647357
236,34;374,64;36,389	283,314;102,401;291,79	651	1436647366
391,41;216,359;395,193	416,15;285,412;322,481	640	1436647370
196,412;444,339;304,208	362,283;351,308;329,129	837	1436647375
149,207;426,247;34,439	364,50;115,408;395,314	453	1436647381
147,430;48,32;237,116	12,18;203,397;281,374	683	1436647387
50,312;460,337;35,192	50,312;460,337;35,192	1	1436647392
27,166;224,232;336,184	64,151;246,239;426,312	969	1436647398
349,180;55,212;387,436	167,454;16,239;470,109	818	1436647405
346,138;317,230;462,341	100,208;317,267;483,250	697	1436647409
76,358;489,417;96,438	192,462;415,144;228,367	787	1436647415
398,474;21,332;153,380	398,474;21,332;153,380	4	1436647420
89,154;125,240;275,406	148,64;330,84;163,259	302	1436647425
430,321;167,177;252,84	456,340;310,421;284,399	851	1436647429
436,397;257,297;167,38	195,216;187,173;113,361	885	1436647434
167,362;278,382;477,271	100,413;181,157;188,93	848	1436647439
486,420;466,135;48,26	483,320;179,60;51,470	766	1436647444
302,267;488,260;93,133	65,303;198,385;16,229	757	1436647448
436,397;257,297;167,38	392,309;156,415;90,152	775	1436647454
391,41;216,359;395,193	204,23;373,429;366,190	874	1436647458
149,207;426,247;34,439	416,110;246,196;124,25	606	1436647463
237,152;242,200;252,74	86,94;397,42;461,124	886	1436647468
254,421;291,307;450,150	397,188;262,403;452,446	963	1436647472
230,215;196,217;337,298	382,194;172,135;397,252	935	1436647477
47,391;148,373;38,126	487,109;308,427;478,292	956	1436647483
486,420;466,135;48,26	59,103;302,370;395,224	935	1436647488
374,59;242,356;173,349	459,388;378,413;290,230	793	1436647495
24,60;486,339;244,389	134,32;202,140;364,443	984	1436647499
436,301;49,25;186,84	418,118;213,403;255,55	952	1436647504
197,303;405,437;384,36	119,399;113,49;300,263	301	1436647510
480,200;18,58;163,93	463,383;229,231;173,103	889	1436647516
86,112;183,208;96,166	107,403;258,148;479,49	982	1436647553
456,223;140,201;442,74	439,308;311,84;190,258	755	1436647558
348,115;438,274;26,142	313,375;155,437;431,441	906	1436647567
50,230;454,95;53,165	160,342;198,294;109,399	962	1436647574
299,440;289,210;181,414	426,395;271,396;263,219	391	1436647580
166,53;129,52;467,331	213,169;69,300;362,12	452	1436647587
76,358;489,417;96,438	473,78;350,58;148,364	85	1436647593
486,420;466,135;48,26	346,315;34,470;51,91	782	1436647597
263,179;237,450;150,92	422,84;51,321;483,264	563	1436647601
445,310;299,222;290,245	262,173;187,107;82,335	995	1436647606
154,238;467,70;310,310	373,352;411,206;80,47	448	1436647610
430,321;167,177;252,84	120,208;486,204;65,482	716	1436647615
437,319;434,366;263,222	111,328;43,260;259,145	460	1436647621
44,216;18,283;221,415	154,487;81,77;468,315	997	1436647626
225,242;299,107;423,182	413,53;335,212;103,333	997	1436647633
453,248;406,252;487,119	289,24;388,170;265,103	385	1436647641
165,353;21,269;375,230	384,115;189,477;80,480	1000	1436647650
434,46;256,333;263,59	330,244;51,373;204,212	418	1436647655
472,215;100,255;419,377	292,85;298,332;400,34	911	1436647660
99,128;43,391;145,125	287,159;307,208;415,212	943	1436647665
321,302;40,75;448,313	283,231;177,28;352,442	995	1436647671
47,391;148,373;38,126	292,157;207,20;366,111	969	1436647680
480,200;18,58;163,93	29,188;14,85;141,76	998	1436647685
238,224;430,459;354,20	222,61;94,426;439,408	731	1436647692
347,119;193,213;98,56	12,136;325,324;17,423	692	1436647697
322,132;427,305;125,89	258,378;351,123;151,253	853	1436647702
35,425;89,233;175,236	315,317;240,425;215,376	790	1436647706
380,127;372,382;383,156	251,180;321,388;223,259	996	1436647712
309,341;144,310;36,277	311,110;331,136;374,82	972	1436647717
25,476;254,234;278,133	413,341;329,315;17,137	983	1436647722
345,327;88,338;326,415	91,165;473,125;118,387	990	1436647726
41,219;225,126;483,435	427,173;247,461;91,481	390	1436647731
456,169;457,69;120,61	49,197;412,103;22,53	360	1436647736
76,347;113,369;99,460	209,143;376,297;79,144	990	1436647740
2B6t5R478