136	L	0.0.0.0	1436647172
86,169;120,216;436,399	144,391;208,137;457,168	1000	1436647250
86,78;211,107;147,483	300,72;222,477;113,110	326	1436647260
42,319;93,132;46,412	429,92;312,197;119,197	873	1436647269
321,361;415,193;224,237	321,361;415,193;224,237	0	1436647281
213,263;455,213;370,59	177,372;447,44;475,193	786	1436647340
280,308;219,21;355,351	311,180;66,426;446,166	335	1436647350
215,192;480,472;474,272	38,131;115,358;248,480	780	1436647362
87,328;263,384;438,283	450,89;340,313;139,195	587	1436647371
340,30;42,217;206,132	242,112;79,248;66,69	996	1436647379
165,353;21,269;375,230	477,388;415,145;154,60	432	1436647396
428,119;291,286;166,215	401,320;209,307;370,145	345	1436647433
153,463;432,51;459,380	463,139;448,72;208,206	977	1436647445
301,422;223,445;424,87	299,359;279,487;149,433	1000	1436647453
215,192;480,472;474,272	33,211;329,149;316,463	157	1436647458
193,479;168,135;358,222	88,363;399,336;189,383	842	1436647466
198,161;13,242;92,45	350,151;476,27;363,390	720	1436647475
259,318;411,396;410,44	370,374;23,98;461,311	390	1436647514
208,91;333,381;338,127	94,375;247,323;240,259	968	1436647520
328,478;105,100;94,196	428,367;211,50;333,350	177	1436647526
33,38;440,472;482,48	486,451;42,45;202,477	316	1436647535
341,420;62,464;465,269	401,360;77,185;481,350	372	1436647578
149,207;426,247;34,439	161,285;404,363;448,288	646	1436647586
291,115;371,443;379,409	326,309;66,394;76,366	121	1436647592
439,365;425,63;231,182	215,151;445,373;184,459	120	1436647600
361,351;363,67;427,305	322,264;174,295;169,61	337	1436647605
47,391;148,373;38,126	461,480;53,384;60,153	931	1436647610
82,394;410,339;182,156	487,138;260,446;116,137	289	1436647615
91,170;14,221;231,152	230,85;248,69;101,91	124	1436647623
309,341;144,310;36,277	115,116;55,50;344,379	160	1436647630
115,72;67,147;76,253	362,101;43,361;426,71	1000	1436647637
94,322;203,172;357,266	102,484;319,464;434,190	416	1436647643
199,300;62,129;239,115	475,58;277,326;483,447	553	1436647649
451,398;119,210;123,346	66,152;314,58;373,347	711	1436647655
264,426;482,179;18,329	264,185;451,180;323,384	671	1436647661
50,230;454,95;53,165	57,278;473,476;298,355	721	1436647666
417,459;436,439;37,319	95,293;42,185;130,322	703	1436647676
149,390;100,177;399,387	224,452;77,225;420,63	340	1436647683
32,236;276,402;350,90	459,333;160,23;41,350	168	1436647688
76,358;489,417;96,438	164,163;249,12;210,280	716	1436647695
436,397;257,297;167,38	27,11;273,107;128,143	752	1436647701
391,41;216,359;395,193	295,459;67,363;25,318	675	1436647709
50,312;460,337;35,192	50,312;460,337;35,192	0	1436647723
426,423;260,418;118,450	174,107;256,175;422,161	301	1436647734
83,486;84,230;32,399	243,416;388,300;221,291	590	1436647740
83,486;84,230;32,399	20,486;65,152;244,140	673	1436647746
17,46;151,56;365,187	96,355;221,309;331,41	410	1436647752
106,64;466,431;23,193	379,130;153,194;219,326	598	1436647758
63,441;208,274;278,164	216,200;335,399;158,29	402	1436647766
49,112;364,31;448,309	303,413;340,202;440,458	585	1436647771
237,152;242,200;252,74	220,379;470,271;239,269	992	1436647781
16,165;142,486;443,332	388,17;51,487;278,339	617	1436647787
254,421;291,307;450,150	256,285;202,395;15,420	447	1436647793
35,425;89,233;175,236	14,432;440,77;406,273	968	1436647800
419,201;261,83;299,184	34,355;488,402;324,447	365	1436647808
17,46;151,56;365,187	285,208;341,357;321,400	418	1436647815
17,46;151,56;365,187	460,210;116,485;106,355	404	1436647821
248,104;421,75;73,460	429,50;349,288;408,300	996	1436647828
35,425;89,233;175,236	197,258;450,389;152,164	813	1436647834
47,391;148,373;38,126	352,293;409,91;364,371	918	1436647839
389,436;316,101;284,115	96,334;263,102;85,398	805	1436647845
302,153;253,50;22,320	39,109;253,54;148,463	382	1436647851
50,230;454,95;53,165	344,475;428,366;405,145	891	1436647856
36,169;217,145;145,393	46,418;331,448;176,92	173	1436647861
302,153;253,50;22,320	354,325;148,342;73,31	277	1436647868
467,195;355,150;391,413	470,189;147,249;314,160	346	1436647874
348,490;125,173;408,282	161,400;387,361;74,198	176	1436647880
482,474;66,126;358,173	303,182;130,226;425,352	206	1436647885
215,192;480,472;474,272	247,97;416,32;385,378	272	1436647895
391,41;216,359;395,193	317,302;332,108;251,94	843	1436647900
430,321;167,177;252,84	35,263;118,73;281,484	695	1436647906
194,153;200,127;484,25	286,488;163,153;304,480	238	1436647912
83,486;84,230;32,399	376,70;253,281;124,161	728	1436647917
106,469;369,199;423,248	12,155;372,479;236,67	447	1436647923
408,309;207,449;283,472	112,21;255,488;110,48	706	1436647931
352,411;192,202;84,269	299,117;198,84;286,370	611	1436647939
67,215;473,407;217,122	216,21;359,360;490,121	553	1436647945
456,187;250,94;44,448	284,372;56,123;190,36	433	1436647951
43,236;379,412;248,230	47,37;455,30;81,279	658	1436647957
50,230;454,95;53,165	64,167;256,319;236,146	686	1436647964
347,119;193,213;98,56	36,167;114,473;20,407	754	1436647970
348,115;438,274;26,142	369,324;22,471;154,25	462	1436647976
346,199;75,473;477,351	147,200;283,61;357,403	370	1436647984
236,458;437,368;320,145	23,458;425,295;304,43	578	1436647992
149,207;426,247;34,439	138,388;441,59;278,487	677	1436647997
83,486;84,230;32,399	392,17;388,69;476,61	820	1436648003
263,179;237,450;150,92	422,84;51,321;483,264	739	1436648008
118,71;352,404;451,404	461,431;182,15;372,97	901	1436648015
17,30;288,209;313,126	136,321;421,423;327,472	265	1436648020
215,216;217,203;132,97	115,257;351,47;173,111	982	1436648027
154,238;467,70;310,310	26,361;69,167;450,351	668	1436648035
472,215;100,255;419,377	300,84;60,199;438,268	621	1436648042
361,351;363,67;427,305	232,36;244,314;208,45	404	1436648050
292,426;474,86;284,39	81,362;332,486;182,221	540	1436648059
209,383;61,43;158,83	186,34;366,308;229,26	306	1436648079
35,425;89,233;175,236	59,333;181,319;369,380	720	1436648084
200,93;21,334;329,359	467,379;192,465;469,371	921	1436648089
322,132;427,305;125,89	258,378;351,123;151,253	710	1436648099
106,64;466,431;23,193	464,350;118,300;225,399	619	1436648173
111,13;164,335;300,481	166,107;471,123;396,343	741	1436648180
214,214;351,50;32,123	13,136;324,97;397,160	732	1436648186
259,12;379,60;30,391	259,12;379,60;30,391	81	1436648192
218,460;234,450;143,403	109,410;306,117;134,353	836	1436648201
347,119;193,213;98,56	399,355;86,219;89,417	191	1436648208
130,399;227,341;111,275	230,26;76,313;325,229	401	1436648214
142,260;289,357;483,200	89,238;43,180;236,221	657	1436648221
328,478;105,100;94,196	149,155;396,486;378,79	694	1436648227
27,166;224,232;336,184	489,414;127,480;143,123	716	1436648237
68,282;389,465;290,59	408,406;348,456;390,142	744	1436648244
22,234;410,399;65,307	258,114;81,46;341,182	697	1436648250
451,398;119,210;123,346	411,400;184,478;202,282	423	1436648260
367,14;142,80;418,272	354,423;124,432;71,95	602	1436648265
347,465;436,31;226,388	152,280;176,363;218,447	1000	1436648276
480,200;18,58;163,93	109,186;388,295;300,248	176	1436648291
148,362;361,335;488,180	424,23;32,14;280,170	627	1436648299
345,173;33,132;159,283	395,356;201,141;317,29	359	1436648305
398,474;21,332;153,380	398,474;21,332;153,380	12	1436648312
44,216;18,283;221,415	282,47;12,279;246,100	781	1436648319
361,351;363,67;427,305	212,463;398,369;179,317	711	1436648326
215,192;480,472;474,272	233,312;158,298;239,63	632	1436648331
430,321;167,177;252,84	82,381;231,84;221,198	699	1436648339
14,381;248,59;194,65	195,456;27,77;192,376	354	1436648346
27,166;224,232;336,184	36,112;363,144;421,289	419	1436648354
76,314;471,20;263,186	395,41;46,381;61,415	697	1436648362
451,398;119,210;123,346	59,467;443,372;347,132	363	1436648367
430,321;167,177;252,84	276,282;254,431;163,95	687	1436648373
106,137;323,65;435,312	46,39;463,80;363,233	321	1436648378
328,478;105,100;94,196	129,100;104,174;380,433	115	1436648384
163,62;52,204;431,228	162,301;376,328;127,57	317	1436648389
165,353;21,269;375,230	348,478;69,193;183,338	776	1436648396
452,198;239,54;313,426	165,240;464,34;376,184	770	1436648403
254,421;291,307;450,150	326,141;326,366;291,203	735	1436648408
434,46;256,333;263,59	262,480;400,425;242,140	329	1436648414
351,245;464,25;157,411	296,369;453,284;419,429	734	1436648450
307,31;59,122;60,281	85,255;11,75;185,248	326	1436648457
328,478;105,100;94,196	283,424;398,231;457,116	1000	1436648464
1H6x9Q991