136	R	0.0.0.0	1436646305
86,169;120,216;436,399	144,391;208,137;457,168	883	1436646406
86,78;211,107;147,483	300,72;222,477;113,110	539	1436646430
42,319;93,132;46,412	429,92;312,197;119,197	898	1436646435
321,361;415,193;224,237	321,361;415,193;224,237	0	1436646443
213,263;455,213;370,59	177,372;447,44;475,193	392	1436646449
280,308;219,21;355,351	311,180;66,426;446,166	588	1436646456
347,119;193,213;98,56	399,355;86,219;89,417	238	1436646461
196,412;444,339;304,208	484,406;48,243;201,62	740	1436646492
43,236;379,412;248,230	354,385;422,220;64,319	612	1436646498
348,115;438,274;26,142	394,297;413,70;110,179	584	1436646504
61,390;178,474;395,193	254,17;426,387;138,268	615	1436646510
395,223;347,321;440,150	124,281;172,289;124,256	882	1436646514
35,425;89,233;175,236	14,432;440,77;406,273	654	1436646522
437,319;434,366;263,222	463,141;46,280;440,199	567	1436646527
490,112;372,218;284,337	71,78;108,436;136,40	876	1436646536
347,119;193,213;98,56	70,245;489,285;126,489	415	1436646541
115,488;86,383;379,72	97,92;373,436;370,291	379	1436646547
471,40;408,28;258,76	476,202;244,421;118,445	782	1436646553
163,186;70,134;472,131	355,214;404,473;292,24	862	1436646559
348,115;438,274;26,142	145,470;26,372;420,236	650	1436646569
472,215;100,255;419,377	444,273;422,136;338,477	856	1436646574
67,215;473,407;217,122	134,144;301,475;373,116	263	1436646582
28,167;321,39;466,132	84,425;301,292;310,75	327	1436646587
480,200;18,58;163,93	341,89;257,63;141,83	728	1436646592
196,412;444,339;304,208	484,52;138,284;425,266	387	1436646598
434,46;256,333;263,59	32,329;478,128;94,134	393	1436646604
436,397;257,297;167,38	276,337;252,215;181,448	728	1436646611
153,188;274,288;483,162	385,212;337,396;128,352	333	1436646616
147,390;50,458;11,129	443,321;147,236;298,323	685	1436646622
50,312;460,337;35,192	50,312;460,337;35,192	1	1436646626
358,113;129,347;208,100	216,348;84,256;488,85	215	1436646632
149,207;426,247;34,439	162,414;445,136;19,34	360	1436646642
244,342;60,435;47,354	457,474;160,187;265,341	778	1436646648
486,420;466,135;48,26	87,352;117,109;350,353	708	1436646660
472,215;100,255;419,377	395,450;252,102;71,26	705	1436646665
136,235;56,45;62,32	375,456;45,418;11,279	876	1436646670
437,319;434,366;263,222	188,249;297,73;407,19	619	1436646677
322,101;257,99;338,342	50,210;310,108;455,401	746	1436646684
196,412;444,339;304,208	237,314;168,165;482,450	840	1436646689
193,103;105,35;311,337	478,363;121,139;245,171	794	1436646694
255,47;434,70;485,479	247,439;58,199;397,61	395	1436646706
448,49;220,205;334,182	305,49;136,395;225,305	633	1436646714
115,72;67,147;76,253	128,27;398,237;363,246	906	1436646719
304,434;392,286;255,168	479,112;134,192;84,326	660	1436646726
122,324;39,350;211,207	159,393;260,285;184,478	640	1436646732
255,259;442,368;388,356	344,67;373,293;393,324	189	1436646739
143,63;143,157;230,292	97,108;448,413;79,414	786	1436646744
259,12;379,60;30,391	259,12;379,60;30,391	0	1436646750
377,461;330,21;102,90	26,121;392,308;320,38	839	1436646755
52,26;29,219;430,354	260,254;424,125;76,137	880	1436646761
379,367;389,486;438,450	330,300;289,61;489,109	353	1436646767
115,72;67,147;76,253	76,399;192,295;140,354	224	1436646775
188,443;158,207;184,286	480,380;354,230;319,283	753	1436646780
398,474;21,332;153,380	398,474;21,332;153,380	0	1436646787
230,109;490,407;42,65	403,134;312,109;401,419	608	1436646795
77,407;380,64;173,271	304,416;319,428;137,327	758	1436646800
480,204;401,305;451,38	435,270;94,74;279,63	765	1436646805
301,422;223,445;424,87	299,359;279,487;149,433	809	1436646812
451,398;119,210;123,346	489,191;317,393;227,128	756	1436646819
265,372;156,399;97,287	76,140;119,257;314,411	842	1436646824
136,417;143,229;278,310	188,162;375,169;98,361	573	1436646833
163,62;52,204;431,228	281,331;241,489;389,137	795	1436646840
321,317;146,171;312,218	307,325;104,412;338,281	766	1436646845
264,426;482,179;18,329	149,117;367,288;23,246	319	1436646851
61,109;258,190;228,198	452,149;204,239;14,338	714	1436646856
254,421;291,307;450,150	96,120;101,314;286,285	838	1436646862
458,57;56,330;118,107	484,424;164,277;341,47	804	1436646867
17,46;151,56;365,187	37,117;95,440;38,338	176	1436646873
426,423;260,418;118,450	395,155;378,170;17,36	803	1436646879
264,426;482,179;18,329	142,455;452,149;490,134	829	1436646883
292,416;350,79;155,60	135,387;449,95;270,413	334	1436646891
145,40;448,381;312,31	402,84;89,451;307,229	561	1436646899
319,282;233,136;160,191	191,31;39,169;90,144	554	1436646925
406,27;188,110;98,197	382,374;129,430;270,490	548	1436646931
382,294;207,333;280,232	460,125;258,112;100,214	313	1436646936
237,152;242,200;252,74	287,446;430,487;237,462	268	1436646941
391,41;216,359;395,193	373,452;242,84;321,271	513	1436646946
350,323;362,239;303,269	72,447;334,414;85,246	190	1436646955
451,398;119,210;123,346	143,68;129,305;62,86	571	1436646963
281,293;134,442;28,68	127,43;220,323;459,25	588	1436646969
159,160;33,474;487,293	368,453;429,395;206,116	762	1436646975
322,368;283,266;403,161	264,218;145,276;429,171	791	1436646982
328,478;105,100;94,196	463,420;62,94;128,201	550	1436646988
62,289;23,41;282,340	470,117;350,108;418,357	365	1436646995
347,119;193,213;98,56	326,443;487,115;299,105	650	1436647001
325,433;441,67;78,111	427,403;470,218;317,436	754	1436647005
50,230;454,95;53,165	368,254;76,181;451,213	412	1436647011
94,322;203,172;357,266	58,219;257,93;165,336	528	1436647020
168,198;60,342;459,39	128,368;36,103;14,422	746	1436647026
249,470;254,249;292,142	483,321;304,355;83,450	127	1436647033
302,153;253,50;22,320	121,129;271,29;345,353	299	1436647041
14,193;405,407;189,95	159,164;244,308;336,296	581	1436647046
361,351;363,67;427,305	232,36;244,314;208,45	365	1436647053
480,200;18,58;163,93	119,57;432,331;335,31	764	1436647059
392,219;282,229;231,459	84,300;273,150;280,387	533	1436647064
38,239;100,347;184,173	330,368;424,476;23,430	324	1436647070
473,418;475,388;112,379	455,367;28,321;449,453	350	1436647087
237,152;242,200;252,74	197,231;244,242;460,415	606	1436647093
407,271;401,270;178,105	244,267;401,160;11,314	799	1436647099
272,460;57,373;26,405	228,32;254,60;76,488	630	1436647104
215,192;480,472;474,272	247,97;416,32;385,378	710	1436647109
106,137;323,65;435,312	46,39;463,80;363,233	747	1436647119
164,450;452,69;467,174	120,50;173,43;155,372	704	1436647133
357,48;366,331;359,287	217,378;35,163;334,198	964	1436647138
286,435;204,342;106,472	373,36;49,462;158,383	804	1436647144
328,478;105,100;94,196	23,311;125,208;346,26	622	1436647152
403,398;260,464;121,125	412,400;85,401;402,33	469	1436647157
391,41;216,359;395,193	490,398;304,118;414,354	427	1436647163
14,381;248,59;194,65	195,456;27,77;192,376	614	1436647170
165,353;21,269;375,230	477,388;415,145;154,60	767	1436647175
89,154;125,240;275,406	382,268;464,29;226,430	722	1436647183
43,236;379,412;248,230	408,428;284,66;130,453	607	1436647189
418,212;397,247;228,452	265,375;440,86;250,393	355	1436647194
367,14;142,80;418,272	321,312;62,209;309,375	666	1436647199
328,478;105,100;94,196	452,458;390,421;230,269	438	1436647204
381,205;308,167;191,444	263,15;311,126;241,47	613	1436647215
27,166;224,232;336,184	396,105;463,302;203,340	609	1436647221
437,93;387,370;47,32	82,96;144,152;331,15	453	1436647226
89,154;125,240;275,406	138,250;35,437;289,18	660	1436647231
89,154;125,240;275,406	359,481;294,306;285,34	619	1436647235
44,216;18,283;221,415	46,37;23,444;247,267	727	1436647240
102,118;102,245;165,280	389,309;281,369;315,414	527	1436647248
54,357;250,374;174,378	417,450;446,472;95,69	736	1436647254
27,166;224,232;336,184	187,201;153,448;195,155	798	1436647259
200,381;163,110;469,441	229,437;442,306;20,144	119	1436647265
62,93;462,421;174,258	352,218;457,197;212,383	565	1436647270
179,16;147,327;112,363	190,17;390,296;26,408	782	1436647275
130,163;253,239;399,287	421,419;133,478;398,242	741	1436647280
176,219;377,204;173,426	349,63;108,457;421,212	695	1436647286
63,306;109,408;252,381	258,197;124,95;53,171	587	1436647291
189,426;195,70;377,212	66,13;288,354;487,31	462	1436647297
430,321;167,177;252,84	264,124;481,333;96,306	522	1436647302
469,55;136,66;89,152	156,312;160,18;331,274	452	1436647307
23,28;369,459;24,30	219,251;21,346;344,191	727	1436647314
285,164;399,462;488,120	475,26;478,459;129,81	30	1436647321
5G3u5Q564