136	L	0.0.0.0	1436654546
86,169;120,216;436,399	144,391;208,137;457,168	740	1436654619
86,78;211,107;147,483	300,72;222,477;113,110	366	1436654642
42,319;93,132;46,412	429,92;312,197;119,197	594	1436654656
321,361;415,193;224,237	321,361;415,193;224,237	0	1436654672
213,263;455,213;370,59	177,372;447,44;475,193	458	1436654696
280,308;219,21;355,351	311,180;66,426;446,166	154	1436654708
43,236;379,412;248,230	210,276;449,362;260,408	607	1436654718
430,321;167,177;252,84	29,170;11,345;247,32	640	1436654736
391,41;216,359;395,193	216,193;463,114;282,437	656	1436654748
35,425;89,233;175,236	192,206;160,224;345,388	585	1436654759
428,58;228,125;188,159	389,313;399,101;423,455	409	1436654771
194,289;268,331;157,102	66,242;278,13;146,15	568	1436654787
486,420;466,135;48,26	87,352;117,109;350,353	911	1436654799
83,486;84,230;32,399	392,17;388,69;476,61	781	1436654811
320,418;228,280;13,41	153,373;477,330;289,71	927	1436654822
476,294;303,467;230,176	285,361;450,336;468,131	440	1436654831
106,64;466,431;23,193	329,218;402,235;373,188	962	1436654842
474,386;89,147;461,238	141,350;451,34;203,354	583	1436654851
77,378;218,284;101,337	248,310;217,325;107,404	463	1436654860
43,236;379,412;248,230	227,161;93,409;487,89	356	1436654872
140,90;287,464;97,151	328,240;212,129;176,154	466	1436654882
331,145;364,272;379,451	223,296;156,315;485,79	467	1436654892
148,272;164,108;103,201	173,13;140,13;25,100	575	1436654901
117,234;296,410;462,435	22,179;13,319;15,166	822	1436654914
361,351;363,67;427,305	389,238;269,191;223,355	619	1436654923
398,474;21,332;153,380	398,474;21,332;153,380	56	1436654935
237,152;242,200;252,74	239,120;250,173;311,35	428	1436654946
23,28;369,459;24,30	337,358;396,296;200,456	966	1436654958
321,369;13,409;17,19	449,248;273,65;308,342	453	1436654968
451,398;119,210;123,346	411,400;184,478;202,282	565	1436654978
14,381;248,59;194,65	312,291;24,179;457,250	678	1436654988
264,426;482,179;18,329	251,124;295,348;58,204	669	1436654999
23,28;369,459;24,30	26,394;14,141;176,167	974	1436655009
391,41;216,359;395,193	16,202;154,478;226,464	829	1436655019
44,216;18,283;221,415	95,242;56,373;386,82	664	1436655028
179,436;248,158;105,351	438,160;268,395;129,254	635	1436655037
334,455;189,415;255,165	440,175;477,202;40,74	909	1436655047
288,255;228,130;251,399	386,23;152,469;350,455	966	1436655056
83,486;84,230;32,399	447,412;364,335;145,85	985	1436655068
328,478;105,100;94,196	294,65;231,404;341,38	353	1436655077
214,214;351,50;32,123	13,136;324,97;397,160	637	1436655086
430,321;167,177;252,84	389,487;144,440;294,248	696	1436655096
321,139;227,30;395,84	164,360;335,110;202,338	761	1436655106
24,60;486,339;244,389	134,32;202,140;364,443	650	1436655114
370,85;465,143;135,386	32,359;35,336;358,206	708	1436655120
89,154;125,240;275,406	94,208;237,460;136,227	127	1436655129
77,378;218,284;101,337	257,90;460,111;339,74	147	1436655138
480,200;18,58;163,93	441,86;272,56;36,71	599	1436655145
430,321;167,177;252,84	209,252;147,279;486,355	583	1436655153
156,450;165,402;437,423	378,260;308,149;308,114	571	1436655161
405,436;101,292;58,122	118,176;199,142;413,211	725	1436655171
367,14;142,80;418,272	63,106;103,235;393,177	627	1436655180
76,347;113,369;99,460	203,343;248,145;399,225	870	1436655190
348,490;125,173;408,282	161,400;387,361;74,198	363	1436655198
271,458;99,443;140,490	418,107;367,300;437,332	435	1436655206
289,484;416,456;380,350	467,323;62,234;348,192	903	1436655214
472,215;100,255;419,377	22,161;373,378;224,327	865	1436655223
257,435;197,77;148,186	111,239;177,162;386,54	653	1436655233
154,238;467,70;310,310	439,30;69,384;272,209	949	1436655240
328,478;105,100;94,196	93,446;420,42;263,168	438	1436655247
35,425;89,233;175,236	197,258;450,389;152,164	768	1436655254
109,13;349,298;369,22	170,455;275,40;240,365	944	1436655263
79,252;45,465;167,168	122,184;108,148;130,275	635	1436655271
35,425;89,233;175,236	225,332;346,437;446,381	370	1436655278
188,443;158,207;184,286	480,380;354,230;319,283	434	1436655286
280,440;110,117;183,407	475,26;78,332;299,218	619	1436655294
128,117;70,485;43,73	126,298;448,190;395,353	861	1436655303
78,266;16,264;145,269	412,169;296,133;362,152	84	1436655312
436,397;257,297;167,38	256,191;268,278;260,158	976	1436655320
436,397;257,297;167,38	467,246;140,76;146,172	631	1436655329
437,319;434,366;263,222	19,269;217,103;403,416	878	1436655338
354,83;333,117;385,421	371,55;85,223;256,227	742	1436655347
144,277;199,257;323,247	16,362;453,26;140,407	1000	1436655354
140,440;401,193;204,362	489,52;141,443;396,232	822	1436655360
99,276;44,352;63,461	124,230;180,247;47,449	651	1436655367
302,153;253,50;22,320	230,22;151,179;454,204	601	1436655378
271,397;134,362;370,247	118,345;23,480;148,406	654	1436655385
243,191;373,142;16,199	191,377;337,179;475,241	598	1436655393
43,236;379,412;248,230	356,466;387,109;404,232	773	1436655401
149,390;100,177;399,387	224,452;77,225;420,63	371	1436655411
53,87;271,443;320,346	410,38;170,183;447,119	354	1436655419
446,23;121,226;429,38	140,113;222,321;223,324	378	1436655427
19,24;54,122;446,484	329,108;99,182;215,100	959	1436655434
154,238;467,70;310,310	130,230;295,35;189,143	835	1436655442
35,425;89,233;175,236	183,118;426,241;229,416	697	1436655452
187,192;263,30;40,425	71,279;49,278;302,173	398	1436655460
309,127;425,438;292,458	449,40;382,489;318,321	602	1436655468
347,486;436,94;124,465	65,109;444,99;440,235	375	1436655477
82,394;410,339;182,156	487,138;260,446;116,137	232	1436655486
50,312;460,337;35,192	50,312;460,337;35,192	1	1436655496
288,255;363,115;201,424	389,285;367,194;439,431	252	1436655506
35,425;89,233;175,236	254,83;91,429;211,19	663	1436655517
165,353;21,269;375,230	353,486;174,307;246,11	604	1436655526
163,62;52,204;431,228	175,338;482,137;258,88	335	1436655536
429,123;490,62;290,127	330,109;186,348;247,187	745	1436655544
394,445;377,375;129,121	103,230;454,108;236,191	351	1436655553
94,322;203,172;357,266	327,483;179,181;451,294	402	1436655562
165,353;21,269;375,230	477,72;287,276;379,381	605	1436655571
231,143;446,21;348,467	250,416;470,89;198,206	585	1436655581
12,378;139,383;89,376	331,164;342,51;46,258	943	1436655592
243,67;134,101;413,344	454,165;116,489;458,159	940	1436655601
50,230;454,95;53,165	39,39;147,408;156,364	883	1436655610
121,381;321,89;390,224	94,245;303,334;143,100	400	1436655618
430,321;167,177;252,84	29,368;283,297;275,435	400	1436655625
406,27;188,110;98,197	382,374;129,430;270,490	813	1436655631
76,347;113,369;99,460	273,104;214,87;122,290	654	1436655639
76,358;489,417;96,438	456,154;432,448;233,166	865	1436655648
53,120;250,58;258,141	78,200;389,38;129,336	657	1436655656
391,41;216,359;395,193	295,459;67,363;25,318	642	1436655665
259,12;379,60;30,391	259,12;379,60;30,391	0	1436655674
45,270;333,304;180,445	15,163;34,28;264,76	37	1436655683
434,46;256,333;263,59	167,112;483,175;97,247	617	1436655691
14,381;248,59;194,65	137,370;384,18;242,292	355	1436655697
76,358;489,417;96,438	439,449;11,357;202,11	845	1436655704
446,65;265,475;471,56	318,48;140,293;180,264	934	1436655712
486,420;466,135;48,26	484,303;349,486;198,396	733	1436655720
196,412;444,339;304,208	484,406;48,243;201,62	732	1436655727
76,347;113,369;99,460	55,165;46,94;362,485	755	1436655735
267,411;246,224;350,129	234,84;303,160;102,402	622	1436655743
478,482;338,100;470,53	352,439;41,281;237,412	899	1436655751
302,153;253,50;22,320	484,338;110,397;236,177	703	1436655760
67,215;473,407;217,122	433,348;26,355;356,298	367	1436655769
254,421;291,307;450,150	164,319;459,294;484,371	349	1436655777
50,230;454,95;53,165	366,182;96,281;203,37	846	1436655786
436,301;49,25;186,84	418,118;213,403;255,55	953	1436655796
27,166;224,232;336,184	119,314;108,269;367,390	431	1436655803
436,397;257,297;167,38	330,278;51,489;377,154	643	1436655810
21,405;209,205;68,213	171,346;112,327;449,130	810	1436655818
17,46;151,56;365,187	243,79;240,420;103,299	711	1436655826
446,108;328,461;337,257	227,445;269,383;347,379	910	1436655835
302,344;82,161;228,294	65,103;381,422;256,225	724	1436655846
414,158;66,162;278,11	171,390;147,214;227,310	805	1436655855
425,441;460,413;381,487	195,160;315,390;342,145	956	1436655863
69,152;201,28;484,436	395,222;488,16;67,120	665	1436655870
391,41;216,359;395,193	39,288;150,443;150,125	624	1436655878
5C5u8K886