136	R	0.0.0.0	1436646099
86,169;120,216;436,399	144,391;208,137;457,168	1000	1436646184
86,78;211,107;147,483	300,72;222,477;113,110	9	1436646191
42,319;93,132;46,412	429,92;312,197;119,197	567	1436646200
321,361;415,193;224,237	321,361;415,193;224,237	0	1436646204
213,263;455,213;370,59	177,372;447,44;475,193	407	1436646210
280,308;219,21;355,351	311,180;66,426;446,166	61	1436646216
42,192;149,245;254,417	477,38;268,438;205,341	665	1436646224
188,136;193,269;318,447	408,462;69,52;460,446	899	1436646230
438,131;341,374;85,227	193,458;331,324;406,447	18	1436646235
196,412;444,339;304,208	118,228;254,121;358,419	810	1436646240
248,165;38,456;63,106	42,24;479,66;394,186	59	1436646246
309,341;144,310;36,277	311,110;331,136;374,82	891	1436646251
441,332;428,46;346,180	102,263;31,302;447,192	1000	1436646256
433,212;264,194;294,451	369,84;170,290;375,143	852	1436646261
291,387;433,421;485,71	403,302;361,256;128,419	349	1436646267
169,456;296,212;52,115	70,385;458,396;287,14	184	1436646273
430,321;167,177;252,84	188,406;260,434;66,267	955	1436646279
302,153;253,50;22,320	308,325;446,360;196,125	691	1436646285
27,166;224,232;336,184	36,112;363,144;421,289	144	1436646290
486,420;466,135;48,26	483,320;179,60;51,470	667	1436646296
133,325;443,196;463,109	290,442;190,164;311,376	33	1436646300
198,348;409,23;386,440	416,40;185,147;281,313	169	1436646306
165,353;21,269;375,230	295,60;228,396;215,306	904	1436646322
77,378;218,284;101,337	425,81;82,123;70,144	910	1436646329
419,197;116,277;249,57	326,456;336,393;46,105	987	1436646333
17,30;288,209;313,126	136,321;421,423;327,472	732	1436646339
169,488;480,342;209,212	353,425;465,429;248,125	958	1436646344
347,119;193,213;98,56	20,263;173,69;415,427	677	1436646349
255,480;44,39;335,314	320,453;55,45;140,224	918	1436646353
254,421;291,307;450,150	427,181;25,207;13,122	969	1436646360
174,348;132,205;398,270	47,209;392,209;480,385	601	1436646369
440,171;64,240;344,248	14,34;340,94;266,93	840	1436646379
14,193;405,407;189,95	159,164;244,308;336,296	70	1436646386
107,285;152,322;92,204	196,24;209,109;373,380	797	1436646391
149,207;426,247;34,439	194,385;415,389;28,37	685	1436646396
464,104;203,129;99,433	489,32;412,294;375,484	1000	1436646401
86,112;183,208;96,166	107,403;258,148;479,49	115	1436646408
481,440;192,366;278,309	154,420;343,225;238,361	987	1436646413
398,474;21,332;153,380	398,474;21,332;153,380	0	1436646423
196,412;444,339;304,208	179,322;301,110;54,53	57	1436646428
230,215;196,217;337,298	382,194;172,135;397,252	322	1436646433
83,486;84,230;32,399	375,179;124,485;333,186	919	1436646438
304,57;161,158;54,139	451,344;226,315;412,433	697	1436646443
430,321;167,177;252,84	264,124;481,333;96,306	857	1436646448
47,391;148,373;38,126	101,373;133,338;336,417	316	1436646453
302,153;253,50;22,320	312,96;67,311;453,89	286	1436646458
126,31;483,122;431,175	39,11;337,456;419,326	23	1436646464
76,358;489,417;96,438	398,253;159,432;179,394	913	1436646473
106,433;402,82;218,138	70,460;101,95;191,305	524	1436646478
149,207;426,247;34,439	162,414;445,136;19,34	134	1436646484
29,336;149,288;145,476	460,177;225,101;103,411	33	1436646489
117,234;296,410;462,435	22,179;13,319;15,166	999	1436646494
218,460;234,450;143,403	109,410;306,117;134,353	998	1436646500
23,469;147,102;123,481	150,240;370,96;210,324	121	1436646505
486,420;466,135;48,26	346,315;34,470;51,91	712	1436646509
331,145;364,272;379,451	223,296;156,315;485,79	933	1436646515
134,194;106,178;445,461	481,322;53,53;38,15	859	1436646519
394,468;235,307;343,48	209,471;173,400;112,286	1000	1436646523
253,301;267,14;389,273	140,25;324,394;274,42	450	1436646529
83,486;84,230;32,399	107,460;397,79;209,402	460	1436646534
309,341;144,310;36,277	115,116;55,50;344,379	997	1436646538
157,481;116,104;155,77	86,272;107,216;439,198	569	1436646544
237,152;242,200;252,74	205,207;357,71;115,244	724	1436646549
440,223;88,407;289,158	181,414;232,130;325,282	548	1436646553
328,478;105,100;94,196	23,311;125,208;346,26	887	1436646559
340,30;42,217;206,132	44,233;250,145;227,38	937	1436646564
215,27;219,183;455,63	357,374;24,11;389,151	254	1436646569
457,19;206,405;63,247	56,481;275,293;451,355	543	1436646575
76,358;489,417;96,438	75,348;128,448;124,306	646	1436646580
68,282;389,465;290,59	408,406;348,456;390,142	739	1436646586
25,128;204,20;96,353	219,175;303,139;370,372	642	1436646591
336,289;102,247;285,196	316,79;326,481;199,283	160	1436646596
47,391;148,373;38,126	402,51;137,297;109,348	1000	1436646601
451,163;104,355;284,455	447,299;428,96;219,304	575	1436646662
47,391;148,373;38,126	407,177;178,338;428,339	536	1436646667
348,115;438,274;26,142	335,398;408,247;11,251	697	1436646672
348,115;438,274;26,142	369,324;22,471;154,25	433	1436646677
237,152;242,200;252,74	101,179;63,172;361,111	963	1436646681
83,486;84,230;32,399	251,47;44,52;85,256	620	1436646688
182,201;220,231;377,65	384,56;249,423;242,462	1000	1436646693
456,169;457,69;120,61	49,197;412,103;22,53	59	1436646712
163,62;52,204;431,228	120,356;322,149;219,24	229	1436646716
50,312;460,337;35,192	50,312;460,337;35,192	0	1436646723
209,383;61,43;158,83	186,34;366,308;229,26	463	1436646729
196,412;444,339;304,208	484,406;48,243;201,62	576	1436646735
428,58;228,125;188,159	389,313;399,101;423,455	965	1436646739
472,215;100,255;419,377	22,416;223,393;20,99	92	1436646744
237,152;242,200;252,74	320,447;228,74;330,414	963	1436646748
407,271;401,270;178,105	244,267;401,160;11,314	1000	1436646753
288,255;363,115;201,424	174,229;431,149;307,184	398	1436646760
165,353;21,269;375,230	477,388;415,145;154,60	223	1436646764
339,445;166,419;314,454	384,214;452,111;427,186	810	1436646772
76,347;113,369;99,460	472,283;366,228;75,431	260	1436646776
451,398;119,210;123,346	307,436;176,323;490,306	578	1436646781
73,428;373,473;471,190	238,256;399,87;388,75	866	1436646786
160,481;240,242;229,445	105,441;271,109;56,434	819	1436646791
327,417;356,454;374,349	82,106;100,302;151,424	718	1436646796
309,341;144,310;36,277	233,195;252,213;368,373	838	1436646800
21,405;209,205;68,213	171,346;112,327;449,130	845	1436646811
94,322;203,172;357,266	188,24;233,424;85,475	716	1436646817
472,215;100,255;419,377	444,273;422,136;338,477	676	1436646825
340,30;42,217;206,132	139,215;37,189;241,415	891	1436646829
456,105;124,355;363,90	488,57;31,435;114,411	581	1436646834
152,114;170,63;338,52	74,54;143,339;50,467	189	1436646840
86,365;76,439;104,273	48,237;484,281;111,210	1000	1436646845
216,14;470,443;286,332	204,22;294,369;36,54	891	1436646850
412,45;99,170;244,189	296,287;61,333;451,327	609	1436646857
426,309;167,290;292,151	146,440;361,444;26,436	1000	1436646877
277,263;170,246;177,390	277,410;424,472;225,190	297	1436646882
437,319;434,366;263,222	286,432;267,339;136,110	757	1436646889
127,351;154,223;338,151	148,85;165,467;139,265	521	1436646896
148,213;106,478;487,172	240,438;302,199;452,437	165	1436646900
328,313;30,477;434,463	313,304;247,343;94,474	520	1436646906
436,397;257,297;167,38	25,174;34,303;393,225	541	1436646911
325,433;441,67;78,111	427,403;470,218;317,436	603	1436646916
307,197;221,285;139,343	307,235;248,373;296,131	801	1436646922
434,46;256,333;263,59	432,196;183,220;408,450	629	1436646926
254,421;291,307;450,150	111,358;401,137;199,435	736	1436646931
154,238;467,70;310,310	230,41;246,29;257,355	992	1436646937
145,40;448,381;312,31	402,84;89,451;307,229	912	1436646942
451,398;119,210;123,346	238,436;85,456;111,61	385	1436646948
83,486;84,230;32,399	281,197;48,409;281,240	983	1436646952
142,418;126,219;48,213	450,394;443,448;425,262	997	1436646957
281,293;134,442;28,68	83,329;45,28;87,130	982	1436646962
165,353;21,269;375,230	426,34;181,163;371,106	588	1436646966
482,474;66,126;358,173	303,182;130,226;425,352	248	1436646971
283,480;469,358;261,39	440,113;455,380;126,273	336	1436646975
259,12;379,60;30,391	259,12;379,60;30,391	0	1436646980
17,46;151,56;365,187	96,355;221,309;331,41	226	1436646985
328,478;105,100;94,196	294,65;231,404;341,38	52	1436646990
302,153;253,50;22,320	424,44;270,476;50,99	691	1436646998
34,238;481,41;459,54	447,77;471,46;343,195	503	1436647009
149,207;426,247;34,439	206,36;85,398;486,88	301	1436647013
428,58;228,125;188,159	76,329;188,379;147,416	995	1436647018
302,153;253,50;22,320	121,129;271,29;345,353	593	1436647024
2F4z6L555