136	R	0.0.0.0	1436646549
86,169;120,216;436,399	144,391;208,137;457,168	765	1436646632
86,78;211,107;147,483	300,72;222,477;113,110	280	1436646656
42,319;93,132;46,412	429,92;312,197;119,197	699	1436646664
321,361;415,193;224,237	321,361;415,193;224,237	0	1436646670
213,263;455,213;370,59	177,372;447,44;475,193	362	1436646678
280,308;219,21;355,351	311,180;66,426;446,166	713	1436646685
215,192;480,472;474,272	149,489;64,375;35,420	750	1436646692
50,230;454,95;53,165	383,361;348,154;436,443	752	1436646700
94,322;203,172;357,266	464,88;411,455;303,61	693	1436646705
331,363;167,84;478,185	290,437;88,191;427,114	280	1436646711
101,226;150,446;190,33	13,308;75,352;361,395	718	1436646717
196,412;444,339;304,208	60,215;244,102;329,370	344	1436646722
348,115;438,274;26,142	429,13;382,483;159,18	650	1436646726
83,486;84,230;32,399	338,133;351,304;67,159	796	1436646731
43,236;379,412;248,230	464,89;155,282;86,389	696	1436646736
279,177;37,482;90,282	24,308;190,296;469,471	439	1436646741
106,428;236,364;244,331	118,33;253,299;389,40	929	1436646746
93,472;400,307;159,178	13,297;379,213;188,378	384	1436646752
339,393;429,169;235,235	490,350;197,247;173,472	365	1436646757
167,341;294,371;343,173	109,447;482,471;392,361	397	1436646762
385,469;45,140;415,440	300,452;484,236;224,304	934	1436646767
115,72;67,147;76,253	436,320;52,474;238,323	682	1436646772
154,238;467,70;310,310	70,446;199,181;30,135	447	1436646780
33,209;12,45;453,237	180,364;27,47;409,62	883	1436646784
410,21;23,131;384,198	213,429;250,188;368,488	286	1436646788
94,322;203,172;357,266	424,385;364,404;472,334	940	1436646793
346,138;317,230;462,341	100,208;317,267;483,250	698	1436646798
25,128;204,20;96,353	219,175;303,139;370,372	758	1436646803
332,172;130,329;190,199	291,358;359,65;84,489	739	1436646808
456,105;124,355;363,90	488,57;31,435;114,411	971	1436646813
288,255;363,115;201,424	116,453;397,30;456,414	1000	1436646818
434,46;256,333;263,59	315,340;23,406;88,256	291	1436646822
234,181;321,434;385,464	72,144;257,453;34,144	677	1436646832
451,363;160,306;379,308	489,302;292,124;182,411	952	1436646836
211,46;114,86;343,332	301,218;469,450;231,20	903	1436646841
47,391;148,373;38,126	168,96;60,246;398,283	770	1436646846
154,238;467,70;310,310	83,275;124,326;314,114	808	1436646850
14,191;415,145;186,367	436,448;402,59;470,338	793	1436646855
428,449;56,262;217,474	158,479;263,219;299,315	776	1436646859
360,65;163,274;48,300	440,402;456,38;402,286	331	1436646864
94,322;203,172;357,266	426,230;53,87;347,258	845	1436646868
281,293;134,442;28,68	284,206;145,385;360,278	730	1436646873
79,296;21,137;58,269	153,48;92,103;14,107	821	1436646877
451,398;119,210;123,346	403,127;411,488;473,20	827	1436646882
106,64;466,431;23,193	245,249;91,374;418,418	761	1436646887
359,81;349,355;285,283	484,344;445,488;331,270	701	1436646901
149,207;426,247;34,439	138,388;441,59;278,487	715	1436646906
327,417;356,454;374,349	82,106;100,302;151,424	1000	1436646910
82,149;59,68;456,270	15,289;200,130;372,221	760	1436646915
106,64;466,431;23,193	130,184;375,147;423,368	793	1436646919
264,291;43,117;98,407	227,268;449,309;97,478	407	1436646925
149,207;426,247;34,439	161,285;404,363;448,288	787	1436646930
17,46;151,56;365,187	451,124;337,117;257,193	739	1436646934
44,216;18,283;221,415	357,142;452,122;401,340	310	1436646940
44,216;18,283;221,415	25,329;280,49;228,166	704	1436646944
102,118;102,245;165,280	389,309;281,369;315,414	188	1436646949
259,12;379,60;30,391	259,12;379,60;30,391	0	1436646954
439,365;425,63;231,182	215,151;445,373;184,459	191	1436646959
436,397;257,297;167,38	277,124;421,444;62,304	690	1436646963
47,391;148,373;38,126	43,281;15,219;315,212	274	1436646968
242,113;191,118;265,35	368,482;347,61;398,24	1000	1436646973
103,177;332,205;397,68	322,440;218,321;284,298	834	1436646978
196,177;214,413;138,216	386,213;380,390;314,73	809	1436646983
215,192;480,472;474,272	461,262;40,11;223,417	829	1436646987
287,439;74,262;126,204	20,333;89,156;214,194	712	1436646992
74,248;95,41;316,390	21,358;398,387;206,210	359	1436646997
465,260;93,438;52,464	288,467;349,305;316,116	1000	1436647001
136,235;56,45;62,32	375,456;45,418;11,279	909	1436647007
428,58;228,125;188,159	239,53;232,25;135,411	898	1436647011
347,119;193,213;98,56	50,326;66,32;358,431	776	1436647016
472,215;100,255;419,377	158,145;323,176;350,285	724	1436647022
44,179;314,88;380,211	217,96;46,429;288,333	723	1436647026
281,293;134,442;28,68	232,360;125,310;279,86	769	1436647031
415,162;135,449;331,60	183,291;66,456;432,283	726	1436647036
295,183;487,411;182,258	193,284;165,278;189,126	721	1436647041
35,425;89,233;175,236	233,91;119,246;44,356	1000	1436647046
340,30;42,217;206,132	73,480;193,216;212,306	902	1436647050
281,293;134,442;28,68	404,353;236,48;31,179	210	1436647055
333,414;105,206;131,489	488,282;29,281;320,353	711	1436647059
115,72;67,147;76,253	422,26;262,234;232,490	812	1436647064
76,358;489,417;96,438	193,105;157,486;60,349	228	1436647069
326,263;82,340;352,362	342,421;60,488;182,292	381	1436647073
43,236;379,412;248,230	354,58;272,446;252,186	317	1436647077
35,425;89,233;175,236	459,140;35,391;283,175	812	1436647082
165,353;21,269;375,230	98,442;490,217;38,336	715	1436647086
50,312;460,337;35,192	50,312;460,337;35,192	0	1436647091
17,46;151,56;365,187	398,321;480,469;36,146	730	1436647095
154,238;467,70;310,310	395,118;129,111;101,388	784	1436647100
194,153;200,127;484,25	286,488;163,153;304,480	453	1436647106
17,46;151,56;365,187	384,395;52,357;209,389	845	1436647110
215,192;480,472;474,272	335,490;29,469;423,56	673	1436647115
328,478;105,100;94,196	325,411;121,52;246,217	667	1436647120
302,153;253,50;22,320	476,417;228,133;242,261	0	1436647124
165,353;21,269;375,230	197,198;242,156;389,285	794	1436647128
436,397;257,297;167,38	236,52;253,110;232,85	905	1436647133
27,166;224,232;336,184	64,410;317,162;448,81	805	1436647137
328,478;105,100;94,196	172,177;127,450;218,303	756	1436647142
348,115;438,274;26,142	121,288;237,434;356,435	665	1436647146
138,309;464,283;381,12	191,101;348,229;76,161	744	1436647150
280,387;159,457;316,121	179,469;58,70;428,120	718	1436647155
322,368;283,266;403,161	264,218;145,276;429,171	773	1436647159
215,192;480,472;474,272	476,379;317,83;278,292	103	1436647164
413,85;428,348;467,294	255,339;312,312;283,490	730	1436647169
27,166;224,232;336,184	141,298;458,262;286,168	629	1436647174
237,152;242,200;252,74	110,73;321,127;375,162	705	1436647187
332,313;148,100;450,224	375,480;151,241;89,319	381	1436647193
23,28;369,459;24,30	371,104;13,271;48,285	1000	1436647198
100,341;330,312;357,345	215,317;85,336;73,299	409	1436647202
35,425;89,233;175,236	315,317;240,425;215,376	651	1436647207
348,115;438,274;26,142	26,248;398,121;155,302	427	1436647211
167,362;278,382;477,271	100,413;181,157;188,93	769	1436647215
27,166;224,232;336,184	64,151;246,239;426,312	871	1436647220
264,426;482,179;18,329	130,86;440,186;292,319	383	1436647224
207,86;344,115;103,413	148,436;327,24;445,107	431	1436647229
487,415;417,440;94,396	436,26;171,412;30,481	704	1436647233
264,426;482,179;18,329	205,253;355,258;262,123	695	1436647238
309,341;144,310;36,277	93,123;435,70;454,237	644	1436647243
90,423;62,361;169,336	443,345;272,229;181,265	756	1436647249
148,213;106,478;487,172	240,438;302,199;452,437	641	1436647254
434,46;256,333;263,59	331,12;74,90;147,290	393	1436647260
451,163;104,355;284,455	447,299;428,96;219,304	415	1436647265
451,398;119,210;123,346	94,52;344,367;297,234	695	1436647272
434,46;256,333;263,59	262,480;400,425;242,140	250	1436647278
486,420;466,135;48,26	483,320;179,60;51,470	641	1436647283
50,230;454,95;53,165	150,197;186,396;475,442	635	1436647288
468,41;217,339;270,345	269,205;117,169;482,321	635	1436647295
398,474;21,332;153,380	398,474;21,332;153,380	0	1436647302
454,150;330,203;41,29	177,53;321,240;159,198	634	1436647307
431,305;150,332;312,23	472,185;235,118;68,453	682	1436647314
368,392;103,436;140,162	71,347;259,259;376,24	674	1436647319
196,185;272,86;44,308	72,175;477,123;216,227	700	1436647324
62,220;14,175;192,33	282,207;397,234;117,312	675	1436647330
260,215;464,485;209,59	417,288;465,445;162,198	718	1436647335
396,142;141,438;50,294	102,372;461,237;154,452	689	1436647340
480,204;401,305;451,38	435,270;94,74;279,63	667	1436647347
5B6y9R334