136	L	0.0.0.0	1436646087
86,169;120,216;436,399	144,391;208,137;457,168	1000	1436646177
86,78;211,107;147,483	300,72;222,477;113,110	804	1436646198
42,319;93,132;46,412	429,92;312,197;119,197	809	1436646215
321,361;415,193;224,237	321,361;415,193;224,237	0	1436646224
213,263;455,213;370,59	177,372;447,44;475,193	922	1436646231
280,308;219,21;355,351	311,180;66,426;446,166	372	1436646241
436,397;257,297;167,38	330,278;51,489;377,154	420	1436646249
275,65;445,195;450,364	346,203;475,472;84,252	589	1436646259
67,215;473,407;217,122	379,152;280,326;83,17	623	1436646271
348,115;438,274;26,142	50,222;368,277;182,28	591	1436646278
202,377;108,149;59,131	421,113;473,101;488,30	1000	1436646283
437,319;434,366;263,222	339,223;246,71;442,181	684	1436646288
165,353;21,269;375,230	15,393;166,332;280,446	416	1436646292
115,72;67,147;76,253	489,291;481,239;465,239	1000	1436646297
451,398;119,210;123,346	362,130;117,451;404,210	697	1436646303
83,486;84,230;32,399	177,319;379,214;244,226	328	1436646314
486,420;466,135;48,26	297,19;406,469;218,187	627	1436646319
205,299;145,450;414,192	51,30;156,168;33,103	738	1436646324
302,344;82,161;228,294	65,103;381,422;256,225	1000	1436646328
106,64;466,431;23,193	343,108;282,371;387,181	687	1436646333
347,119;193,213;98,56	78,351;55,381;205,266	669	1436646338
472,215;100,255;419,377	252,259;480,265;396,82	770	1436646343
378,237;33,110;77,62	212,228;215,282;336,236	748	1436646348
101,190;130,38;397,73	321,433;28,298;358,147	220	1436646357
76,347;113,369;99,460	209,143;376,297;79,144	663	1436646363
106,64;466,431;23,193	391,131;207,25;293,282	693	1436646370
472,215;100,255;419,377	447,156;318,193;194,122	735	1436646376
483,212;133,59;270,165	109,391;396,333;417,67	105	1436646383
333,414;105,206;131,489	488,282;29,281;320,353	897	1436646388
27,166;224,232;336,184	110,70;361,405;341,289	877	1436646394
90,71;365,199;160,258	51,266;15,105;170,182	35	1436646400
131,227;89,67;338,141	265,472;23,173;449,102	225	1436646405
76,347;113,369;99,460	107,360;310,258;434,249	780	1436646410
89,154;125,240;275,406	154,319;486,66;20,406	995	1436646417
197,292;450,382;143,244	450,407;274,467;344,418	801	1436646421
214,348;103,241;313,155	237,432;137,280;472,87	685	1436646427
486,420;466,135;48,26	382,358;379,254;381,438	1000	1436646431
76,358;489,417;96,438	125,213;356,409;484,58	833	1436646436
76,358;489,417;96,438	57,53;344,307;414,106	829	1436646441
232,450;479,56;58,230	477,184;305,142;463,309	738	1436646446
272,218;197,336;235,213	410,55;464,68;489,423	354	1436646453
373,253;316,203;185,435	110,83;147,464;124,448	721	1436646458
348,115;438,274;26,142	294,261;414,466;84,395	341	1436646463
281,293;134,442;28,68	92,120;240,335;345,231	264	1436646470
281,293;134,442;28,68	57,213;23,408;426,186	788	1436646474
118,71;352,404;451,404	461,431;182,15;372,97	903	1436646478
95,473;396,76;98,68	141,87;489,421;219,437	53	1436646489
472,215;100,255;419,377	461,214;477,318;221,146	362	1436646494
138,108;436,99;326,436	171,450;125,371;275,74	918	1436646500
49,112;364,31;448,309	303,413;340,202;440,458	584	1436646508
332,172;130,329;190,199	291,358;359,65;84,489	237	1436646518
451,398;119,210;123,346	27,465;459,342;68,109	715	1436646523
14,381;248,59;194,65	70,352;274,237;420,185	1000	1436646527
351,277;16,62;172,298	432,89;54,67;213,459	953	1436646533
155,176;250,220;156,394	472,350;99,84;101,402	767	1436646540
17,46;151,56;365,187	18,46;129,319;186,322	725	1436646545
389,482;441,156;461,339	329,475;269,285;277,434	606	1436646551
61,390;178,474;395,193	254,17;426,387;138,268	617	1436646556
375,229;57,169;334,138	129,104;69,488;224,359	619	1436646560
39,16;84,400;37,182	469,197;252,187;31,52	609	1436646569
480,200;18,58;163,93	109,186;388,295;300,248	309	1436646574
50,230;454,95;53,165	204,363;172,466;209,314	1000	1436646578
434,46;256,333;263,59	108,74;124,461;411,286	692	1436646582
17,46;151,56;365,187	52,395;28,416;346,304	614	1436646586
259,12;379,60;30,391	259,12;379,60;30,391	0	1436646592
200,326;272,200;19,224	127,55;199,312;398,393	687	1436646599
36,339;189,422;52,125	215,211;354,473;474,203	395	1436646604
189,121;280,193;273,219	370,67;394,134;430,51	639	1436646608
281,293;134,442;28,68	465,65;460,417;54,188	716	1436646613
200,381;163,110;469,441	229,437;442,306;20,144	413	1436646618
348,115;438,274;26,142	446,368;224,354;350,89	624	1436646623
236,139;206,63;253,319	293,271;293,222;286,198	475	1436646632
180,478;334,205;398,30	205,192;159,318;222,174	451	1436646639
386,315;443,160;486,139	372,32;378,71;181,444	666	1436646644
50,230;454,95;53,165	366,182;96,281;203,37	875	1436646648
374,108;448,344;303,130	277,149;173,168;244,300	681	1436646652
123,16;245,433;427,46	202,483;15,268;44,271	656	1436646671
428,58;228,125;188,159	394,444;260,383;184,211	664	1436646676
237,152;242,200;252,74	366,271;477,180;246,285	407	1436646681
240,238;360,178;247,456	230,412;304,361;396,325	627	1436646686
367,14;142,80;418,272	432,332;86,278;351,146	295	1436646694
124,345;201,455;325,98	418,284;454,42;176,179	611	1436646698
149,207;426,247;34,439	263,382;25,351;357,211	205	1436646707
76,358;489,417;96,438	12,484;455,250;349,195	326	1436646722
11,265;292,192;100,482	449,409;426,389;325,372	1000	1436646726
340,30;42,217;206,132	412,387;229,412;455,122	1000	1436646731
314,132;212,22;131,37	94,349;370,31;188,394	429	1436646736
323,49;351,327;93,154	447,297;290,60;33,292	418	1436646740
328,478;105,100;94,196	463,420;62,94;128,201	608	1436646744
76,347;113,369;99,460	268,45;71,91;72,255	287	1436646749
370,85;465,143;135,386	32,359;35,336;358,206	710	1436646755
309,341;144,310;36,277	118,126;82,174;416,334	1000	1436646760
391,41;216,359;395,193	28,89;377,167;33,212	701	1436646765
91,170;14,221;231,152	230,85;248,69;101,91	602	1436646770
212,445;179,174;380,30	139,431;441,407;404,100	378	1436646774
398,474;21,332;153,380	398,474;21,332;153,380	0	1436646779
412,340;245,260;95,76	329,186;251,20;411,208	612	1436646784
215,173;72,323;147,336	359,456;489,42;310,466	848	1436646788
17,46;151,56;365,187	398,321;480,469;36,146	334	1436646795
347,119;193,213;98,56	46,411;113,321;13,310	187	1436646800
89,191;219,293;370,291	250,118;438,274;101,261	330	1436646805
25,405;103,152;313,202	113,367;326,294;187,445	220	1436646810
451,398;119,210;123,346	140,209;48,369;404,207	705	1436646814
165,353;21,269;375,230	252,388;271,50;333,490	670	1436646819
94,322;203,172;357,266	250,364;173,485;448,285	692	1436646823
165,353;21,269;375,230	111,428;196,53;385,419	660	1436646828
69,196;136,162;276,240	122,216;143,226;403,171	1000	1436646833
348,392;211,473;351,51	134,327;221,114;241,340	642	1436646837
430,321;167,177;252,84	29,368;283,297;275,435	331	1436646842
439,479;314,286;38,166	209,334;455,191;136,226	893	1436646846
289,447;355,334;405,444	23,385;140,63;483,150	954	1436646853
254,421;291,307;450,150	240,251;225,405;473,202	733	1436646857
437,319;434,366;263,222	450,159;169,324;451,128	772	1436646862
315,296;108,325;378,323	192,437;85,347;330,54	713	1436646867
76,347;113,369;99,460	387,255;356,110;348,35	1000	1436646872
207,358;310,351;298,229	219,344;80,52;125,298	698	1436646877
348,115;438,274;26,142	73,211;359,321;153,325	131	1436646882
356,293;239,408;147,213	197,41;346,299;56,260	120	1436646887
327,385;313,480;350,440	102,338;178,411;167,375	577	1436646894
165,353;21,269;375,230	265,315;324,55;449,345	416	1436646901
393,276;163,455;137,333	156,157;338,406;287,244	654	1436646906
153,188;274,288;483,162	385,212;337,396;128,352	435	1436646911
235,310;109,428;57,128	151,198;91,194;143,204	1000	1436646915
106,64;466,431;23,193	130,184;375,147;423,368	1000	1436646920
89,154;125,240;275,406	249,388;397,141;267,361	978	1436646924
44,216;18,283;221,415	384,133;421,403;61,150	795	1436646929
50,312;460,337;35,192	50,312;460,337;35,192	0	1436646937
27,166;224,232;336,184	455,116;346,477;213,471	839	1436646941
254,421;291,307;450,150	450,370;129,122;480,363	1000	1436646946
355,390;43,45;232,436	362,266;231,46;414,215	124	1436646951
490,171;176,107;107,269	150,22;417,16;374,391	360	1436646960
115,72;67,147;76,253	203,208;201,245;27,309	872	1436646964
472,215;100,255;419,377	292,85;298,332;400,34	727	1436646970
106,64;466,431;23,193	78,463;33,465;429,236	1000	1436646974
181,424;87,380;207,148	180,433;291,178;276,241	1000	1436646979
2B7z6N693