136	L	0.0.0.0	1436646646
86,169;120,216;436,399	144,391;208,137;457,168	873	1436646741
86,78;211,107;147,483	300,72;222,477;113,110	330	1436646759
42,319;93,132;46,412	429,92;312,197;119,197	752	1436646771
321,361;415,193;224,237	321,361;415,193;224,237	0	1436646779
213,263;455,213;370,59	177,372;447,44;475,193	706	1436646791
280,308;219,21;355,351	311,180;66,426;446,166	179	1436646809
325,433;441,67;78,111	427,403;470,218;317,436	788	1436646823
301,153;223,216;252,303	454,239;188,239;242,376	458	1436646841
374,277;427,307;249,208	156,358;138,342;326,134	892	1436646873
263,179;237,450;150,92	422,84;51,321;483,264	583	1436646883
437,319;434,366;263,222	379,89;432,273;300,217	640	1436646889
165,475;252,378;450,119	213,297;281,56;223,352	364	1436646898
50,312;460,337;35,192	50,312;460,337;35,192	0	1436646911
12,378;139,383;89,376	331,164;342,51;46,258	907	1436646919
472,215;100,255;419,377	41,190;181,113;311,263	108	1436646933
124,217;147,407;186,118	134,109;462,90;120,320	586	1436646943
457,165;192,326;265,107	472,348;412,161;90,91	585	1436646951
437,319;434,366;263,222	349,345;98,380;236,161	681	1436646958
437,319;434,366;263,222	280,393;274,405;368,266	1000	1436646964
77,378;218,284;101,337	62,51;159,440;384,489	351	1436646974
434,46;256,333;263,59	179,51;166,202;171,61	1000	1436646981
196,412;444,339;304,208	181,22;410,167;248,382	564	1436646994
27,166;224,232;336,184	432,170;290,98;197,247	576	1436647000
445,310;299,222;290,245	262,173;187,107;82,335	400	1436647011
374,108;448,344;303,130	277,149;173,168;244,300	475	1436647020
239,29;273,395;53,470	135,388;176,420;412,363	448	1436647032
483,288;358,370;376,107	74,280;331,249;162,485	432	1436647040
302,153;253,50;22,320	476,417;228,133;242,261	622	1436647049
471,416;458,427;20,198	299,141;390,362;353,298	907	1436647058
391,41;216,359;395,193	76,242;318,236;21,323	225	1436647072
34,452;349,466;330,246	248,95;361,371;484,24	188	1436647083
328,478;105,100;94,196	428,367;211,50;333,350	92	1436647096
264,426;482,179;18,329	174,329;253,295;478,368	121	1436647104
50,230;454,95;53,165	26,389;360,73;43,289	315	1436647110
109,351;367,293;437,210	131,222;173,57;490,412	530	1436647121
142,418;126,219;48,213	450,394;443,448;425,262	752	1436647130
451,398;119,210;123,346	332,432;408,313;98,42	407	1436647136
264,426;482,179;18,329	142,455;452,149;490,134	940	1436647143
373,324;291,141;337,474	273,366;342,231;285,43	61	1436647151
340,379;107,473;117,374	81,69;32,341;267,388	88	1436647158
75,116;182,268;414,353	456,140;38,177;301,423	701	1436647170
451,373;25,40;475,153	134,407;177,69;304,304	270	1436647180
149,207;426,247;34,439	24,229;429,31;372,486	34	1436647196
436,397;257,297;167,38	76,62;79,425;49,402	994	1436647202
196,412;444,339;304,208	231,393;218,80;193,459	995	1436647214
308,141;121,362;28,113	487,81;108,461;153,281	1000	1436647224
76,358;489,417;96,438	304,349;452,146;392,378	127	1436647234
182,201;220,231;377,65	384,56;249,423;242,462	1000	1436647247
50,230;454,95;53,165	368,254;76,181;451,213	998	1436647255
119,484;412,308;426,104	60,184;124,51;442,382	1000	1436647262
83,486;84,230;32,399	177,319;379,214;244,226	0	1436647272
215,192;480,472;474,272	488,404;123,48;53,440	870	1436647286
259,12;379,60;30,391	259,12;379,60;30,391	0	1436647293
83,486;84,230;32,399	484,40;131,211;378,226	144	1436647301
356,215;425,276;115,264	438,235;293,291;374,19	801	1436647315
78,40;272,210;187,12	261,371;107,156;265,118	991	1436647323
379,378;451,158;199,127	366,101;95,153;154,489	847	1436647331
67,215;473,407;217,122	264,332;431,58;46,44	997	1436647338
76,347;113,369;99,460	61,455;327,50;352,346	0	1436647346
106,64;466,431;23,193	246,413;284,121;170,473	1000	1436647356
137,148;480,110;212,50	381,328;161,158;179,335	895	1436647366
165,353;21,269;375,230	82,297;449,33;314,396	370	1436647381
398,474;21,332;153,380	398,474;21,332;153,380	0	1436647389
422,54;117,412;222,261	394,327;306,244;357,310	100	1436647402
141,43;184,327;109,322	110,184;24,47;368,482	1000	1436647407
127,486;489,120;405,433	270,400;32,197;49,330	96	1436647417
471,490;469,484;328,267	186,377;77,417;436,262	459	1436647428
328,478;105,100;94,196	451,484;166,297;113,269	962	1436647434
302,153;253,50;22,320	14,26;39,391;360,370	123	1436647442
338,231;61,51;240,147	13,109;29,200;272,337	903	1436647454
378,237;33,110;77,62	212,228;215,282;336,236	79	1436647465
361,351;363,67;427,305	331,427;436,88;261,88	974	1436647473
135,41;460,109;390,41	134,365;267,341;184,252	1000	1436647480
47,391;148,373;38,126	55,15;118,82;72,396	734	1436647488
426,423;260,418;118,450	337,391;157,208;447,377	843	1436647494
426,423;260,418;118,450	93,281;116,272;151,123	631	1436647502
44,216;18,283;221,415	384,133;421,403;61,150	610	1436647515
154,238;467,70;310,310	38,109;69,304;222,32	684	1436647526
35,425;89,233;175,236	76,438;258,66;200,446	52	1436647536
175,156;251,360;400,188	59,366;416,477;72,88	569	1436647554
283,480;469,358;261,39	440,113;455,380;126,273	749	1436647562
205,299;145,450;414,192	51,30;156,168;33,103	564	1436647581
215,74;161,202;355,181	234,272;48,228;83,76	761	1436647587
366,435;449,416;346,59	443,70;394,40;204,429	34	1436647595
328,478;105,100;94,196	172,177;127,450;218,303	771	1436647604
154,238;467,70;310,310	113,235;377,127;105,73	431	1436647614
77,407;380,64;173,271	304,416;319,428;137,327	467	1436647633
386,314;64,242;41,146	472,434;111,396;27,416	210	1436647643
451,163;104,355;284,455	447,299;428,96;219,304	475	1436647669
430,321;167,177;252,84	443,92;277,481;345,165	945	1436647678
43,236;379,412;248,230	103,45;170,129;199,138	954	1436647687
16,394;451,86;303,220	232,325;114,469;337,42	279	1436647697
165,353;21,269;375,230	21,15;347,50;209,320	431	1436647706
215,192;480,472;474,272	414,234;223,431;78,190	479	1436647715
83,486;84,230;32,399	290,252;110,137;309,476	41	1436647721
24,184;317,127;169,197	348,383;266,331;84,85	618	1436647734
76,358;489,417;96,438	175,416;453,32;35,227	182	1436647740
149,207;426,247;34,439	63,31;114,112;72,334	816	1436647748
218,109;361,185;123,379	409,197;16,355;259,390	451	1436647763
130,127;169,85;358,74	274,377;302,216;253,391	126	1436647786
389,89;204,150;200,290	341,210;116,20;28,439	233	1436647792
163,186;70,134;472,131	355,214;404,473;292,24	843	1436647800
233,113;152,390;483,36	40,202;485,483;299,331	922	1436647814
451,398;119,210;123,346	489,191;317,393;227,128	999	1436647831
367,14;142,80;418,272	55,453;158,116;312,279	211	1436647843
33,38;440,472;482,48	486,451;42,45;202,477	755	1436647857
281,293;134,442;28,68	232,360;125,310;279,86	93	1436647864
342,279;99,116;100,391	147,399;22,33;255,121	75	1436647872
302,153;253,50;22,320	163,419;335,419;181,394	124	1436647883
365,159;43,490;215,122	471,333;185,415;194,74	568	1436647892
134,64;131,247;225,178	428,399;271,25;408,68	748	1436647900
132,116;262,116;242,277	460,123;377,38;62,181	695	1436647909
43,236;379,412;248,230	354,58;272,446;252,186	144	1436647917
35,425;89,233;175,236	221,250;461,218;60,395	710	1436647924
354,83;333,117;385,421	371,55;85,223;256,227	833	1436647929
361,351;363,67;427,305	232,36;244,314;208,45	223	1436647944
451,398;119,210;123,346	102,155;118,431;327,45	769	1436647951
436,397;257,297;167,38	358,298;336,202;181,427	645	1436647958
115,72;67,147;76,253	376,396;94,259;471,330	710	1436647967
196,412;444,339;304,208	148,372;136,244;367,245	621	1436647978
328,478;105,100;94,196	129,100;104,174;380,433	13	1436647993
476,439;339,103;226,177	46,302;33,484;74,341	958	1436647999
207,439;238,130;436,487	330,128;335,230;382,144	443	1436648011
344,101;301,81;121,206	411,165;356,360;387,324	460	1436648032
428,58;228,125;188,159	431,73;404,87;227,51	10	1436648044
297,51;196,220;245,320	429,456;388,26;318,49	870	1436648054
78,49;51,344;355,483	260,445;30,382;299,372	415	1436648072
106,64;466,431;23,193	125,171;356,169;387,459	585	1436648080
67,215;473,407;217,122	441,355;430,431;234,213	397	1436648104
142,260;289,357;483,200	89,238;43,180;236,221	44	1436648118
131,57;314,372;358,369	246,237;107,156;337,404	952	1436648126
281,293;134,442;28,68	287,302;244,127;475,260	703	1436648157
89,154;125,240;275,406	418,235;168,89;348,215	5	1436648171
309,341;144,310;36,277	438,437;117,53;479,425	982	1436648186
44,216;18,283;221,415	282,47;12,279;246,100	748	1436648192
3F3t6R788