136	L	0.0.0.0	1436646520
86,169;120,216;436,399	144,391;208,137;457,168	197	1436646594
86,78;211,107;147,483	300,72;222,477;113,110	211	1436646603
42,319;93,132;46,412	429,92;312,197;119,197	441	1436646633
321,361;415,193;224,237	321,361;415,193;224,237	0	1436646639
213,263;455,213;370,59	177,372;447,44;475,193	343	1436646645
280,308;219,21;355,351	311,180;66,426;446,166	37	1436646653
343,437;278,351;412,243	218,121;48,337;331,345	632	1436646660
328,478;105,100;94,196	324,322;27,442;337,57	630	1436646668
358,113;129,347;208,100	216,348;84,256;488,85	316	1436646673
471,490;469,484;328,267	186,377;77,417;436,262	439	1436646678
165,353;21,269;375,230	477,72;287,276;379,381	606	1436646682
215,192;480,472;474,272	384,62;246,336;212,76	392	1436646687
28,167;321,39;466,132	84,425;301,292;310,75	429	1436646692
27,166;224,232;336,184	489,414;127,480;143,123	732	1436646698
436,397;257,297;167,38	76,62;79,425;49,402	634	1436646708
77,378;218,284;101,337	354,389;427,447;191,85	438	1436646717
404,466;432,110;168,45	211,430;364,38;78,164	238	1436646721
89,154;125,240;275,406	322,413;106,154;433,441	635	1436646727
145,40;448,381;312,31	402,84;89,451;307,229	706	1436646731
45,207;271,107;137,108	361,442;316,336;126,252	305	1436646736
486,420;466,135;48,26	328,162;306,433;195,280	448	1436646741
407,271;401,270;178,105	244,267;401,160;11,314	854	1436646745
436,397;257,297;167,38	256,191;268,278;260,158	924	1436646750
44,216;18,283;221,415	223,460;309,487;244,409	708	1436646755
27,166;224,232;336,184	276,129;262,35;89,393	754	1436646760
153,188;274,288;483,162	385,212;337,396;128,352	358	1436646764
149,207;426,247;34,439	364,50;115,408;395,314	354	1436646769
94,485;32,200;406,243	332,381;269,125;217,368	728	1436646774
309,341;144,310;36,277	313,14;197,173;37,460	658	1436646779
437,319;434,366;263,222	286,432;267,339;136,110	641	1436646783
89,191;219,293;370,291	250,118;438,274;101,261	634	1436646788
165,353;21,269;375,230	365,141;163,185;37,95	196	1436646793
310,384;218,266;250,393	316,120;226,65;37,362	627	1436646798
27,166;224,232;336,184	238,51;297,431;479,228	622	1436646802
50,312;460,337;35,192	50,312;460,337;35,192	0	1436646807
144,409;41,15;104,154	24,392;267,148;307,112	660	1436646812
309,23;360,111;406,300	203,442;477,266;433,344	318	1436646818
362,41;51,173;393,50	166,431;401,81;407,16	660	1436646822
455,460;200,267;348,322	212,490;364,191;448,193	600	1436646827
288,255;363,115;201,424	191,30;485,236;191,31	231	1436646832
341,420;62,464;465,269	401,360;77,185;481,350	436	1436646836
114,92;60,216;67,43	105,186;212,181;123,204	321	1436646841
366,76;283,33;99,25	117,80;116,330;24,229	321	1436646845
304,434;392,286;255,168	479,112;134,192;84,326	448	1436646849
76,358;489,417;96,438	58,296;415,308;120,364	171	1436646854
434,261;375,306;396,198	28,364;457,209;472,231	1000	1436646859
89,154;125,240;275,406	159,130;324,455;152,185	272	1436646864
237,152;242,200;252,74	242,308;28,427;15,422	834	1436646869
391,201;219,313;460,382	58,431;268,280;39,148	307	1436646873
136,478;413,73;314,465	173,367;81,341;39,87	277	1436646878
141,246;247,257;220,364	198,48;62,188;311,116	237	1436646882
441,44;465,197;141,463	280,449;473,250;156,201	781	1436646887
373,324;291,141;337,474	273,366;342,231;285,43	233	1436646891
204,489;143,109;260,195	327,433;110,426;43,282	400	1436646896
281,293;134,442;28,68	32,387;319,211;70,17	280	1436646901
275,65;445,195;450,364	346,203;475,472;84,252	683	1436646905
486,420;466,135;48,26	488,359;175,165;352,438	597	1436646910
367,14;142,80;418,272	55,453;158,116;312,279	359	1436646914
215,27;219,183;455,63	357,374;24,11;389,151	692	1436646919
291,448;280,297;413,324	341,98;74,309;140,241	813	1436646923
471,40;408,28;258,76	476,202;244,421;118,445	741	1436646927
436,397;257,297;167,38	188,179;126,406;37,85	721	1436646932
55,76;362,79;238,213	153,295;92,202;475,318	686	1436646936
44,216;18,283;221,415	95,242;56,373;386,82	396	1436646943
242,64;415,103;479,266	81,280;410,93;446,391	695	1436646948
382,422;281,301;153,344	481,403;48,127;273,244	683	1436646954
115,72;67,147;76,253	38,396;93,270;303,33	716	1436646958
35,425;89,233;175,236	148,179;26,271;370,483	389	1436646963
472,215;100,255;419,377	394,61;291,230;96,221	290	1436646967
348,115;438,274;26,142	394,297;413,70;110,179	328	1436646972
111,123;469,66;446,343	403,129;334,417;81,281	236	1436646976
35,425;89,233;175,236	183,118;426,241;229,416	718	1436646985
353,41;139,130;431,269	156,352;390,158;44,116	185	1436646989
89,154;125,240;275,406	148,64;330,84;163,259	753	1436646994
450,358;17,232;64,311	341,286;309,367;153,153	421	1436647000
196,412;444,339;304,208	237,314;168,165;482,450	600	1436647005
137,148;480,110;212,50	381,328;161,158;179,335	328	1436647010
200,56;252,93;105,169	47,119;408,238;285,176	723	1436647016
334,455;189,415;255,165	440,175;477,202;40,74	732	1436647020
351,157;47,103;256,88	315,436;452,290;419,203	228	1436647025
167,362;278,382;477,271	100,413;181,157;188,93	845	1436647030
370,434;188,334;212,161	247,441;133,135;77,446	267	1436647034
481,440;192,366;278,309	154,420;343,225;238,361	699	1436647039
115,72;67,147;76,253	15,393;87,394;237,116	802	1436647044
302,153;253,50;22,320	121,129;271,29;345,353	156	1436647048
67,215;473,407;217,122	26,58;79,270;230,130	316	1436647053
309,341;144,310;36,277	92,419;277,129;315,93	266	1436647058
56,486;275,94;235,264	441,359;244,113;247,23	126	1436647063
259,12;379,60;30,391	259,12;379,60;30,391	0	1436647067
67,215;473,407;217,122	360,196;335,421;84,286	404	1436647072
79,322;231,470;128,33	16,488;395,435;54,177	360	1436647077
215,192;480,472;474,272	53,481;373,486;18,327	226	1436647081
106,64;466,431;23,193	229,134;213,370;60,17	224	1436647086
260,455;222,472;446,44	488,263;341,366;107,33	731	1436647091
430,321;167,177;252,84	209,252;147,279;486,355	375	1436647096
410,235;398,381;253,180	177,219;72,100;489,183	607	1436647100
47,391;148,373;38,126	142,172;312,26;359,426	339	1436647105
146,28;27,198;133,475	465,407;135,93;452,463	302	1436647109
302,153;253,50;22,320	390,461;428,400;22,382	311	1436647114
198,348;409,23;386,440	416,40;185,147;281,313	286	1436647119
395,234;149,230;427,120	114,161;387,479;83,294	431	1436647123
115,72;67,147;76,253	186,212;54,48;355,365	712	1436647127
149,207;426,247;34,439	328,113;153,223;123,99	354	1436647132
56,410;235,188;70,347	194,167;152,168;472,479	175	1436647137
367,14;142,80;418,272	346,169;182,115;20,330	168	1436647142
472,215;100,255;419,377	200,68;149,406;80,234	203	1436647146
49,237;385,459;391,228	395,34;17,94;279,446	181	1436647151
486,420;466,135;48,26	346,315;34,470;51,91	88	1436647155
77,378;218,284;101,337	335,137;172,104;289,285	458	1436647161
367,14;142,80;418,272	269,143;443,456;373,160	314	1436647166
130,163;253,239;399,287	421,419;133,478;398,242	818	1436647170
154,238;467,70;310,310	463,347;145,424;38,135	272	1436647175
246,461;276,13;198,279	220,126;279,449;443,355	612	1436647179
229,300;342,199;166,104	251,113;50,453;135,125	365	1436647183
392,275;82,167;259,63	266,135;198,301;406,109	320	1436647188
446,202;317,202;490,290	307,365;347,374;46,128	740	1436647195
351,298;131,140;441,48	54,172;13,192;460,421	759	1436647201
380,430;29,24;137,12	259,163;169,53;468,314	680	1436647206
184,300;303,379;133,368	172,223;156,108;200,424	902	1436647211
398,474;21,332;153,380	398,474;21,332;153,380	0	1436647216
50,230;454,95;53,165	255,475;77,181;85,46	280	1436647220
191,112;115,70;327,413	199,256;332,329;53,105	596	1436647226
83,486;84,230;32,399	108,74;74,435;54,374	610	1436647231
288,255;363,115;201,424	187,175;215,216;37,396	945	1436647236
225,81;142,400;235,414	107,68;197,427;103,131	715	1436647241
100,341;330,312;357,345	215,317;85,336;73,299	370	1436647246
385,89;204,309;181,192	367,86;386,415;300,253	366	1436647280
35,425;89,233;175,236	348,377;199,334;14,41	372	1436647293
256,106;12,297;440,357	243,313;212,138;46,256	229	1436647298
361,351;363,67;427,305	217,346;367,361;22,441	331	1436647303
369,11;470,267;204,71	248,161;392,315;65,307	133	1436647307
23,28;369,459;24,30	479,97;465,95;79,92	189	1436647314
50,230;454,95;53,165	484,91;125,384;21,344	383	1436647319
451,398;119,210;123,346	102,155;118,431;327,45	638	1436647324
95,325;79,140;96,285	450,56;364,412;394,374	430	1436647330
1F3t9L990