136	R	0.0.0.0	1436646612
86,169;120,216;436,399	144,391;208,137;457,168	211	1436646775
86,78;211,107;147,483	300,72;222,477;113,110	163	1436646794
42,319;93,132;46,412	429,92;312,197;119,197	887	1436646812
321,361;415,193;224,237	321,361;415,193;224,237	0	1436646852
213,263;455,213;370,59	177,372;447,44;475,193	1000	1436646859
280,308;219,21;355,351	311,180;66,426;446,166	613	1436646873
45,207;271,107;137,108	361,442;316,336;126,252	572	1436646889
148,362;361,335;488,180	424,23;32,14;280,170	1000	1436646902
17,46;151,56;365,187	227,326;352,223;171,87	1000	1436646913
336,289;102,247;285,196	316,79;326,481;199,283	1000	1436646931
106,64;466,431;23,193	296,233;366,53;34,59	682	1436646936
215,192;480,472;474,272	270,411;148,110;448,265	743	1436646943
78,49;51,344;355,483	260,445;30,382;299,372	1000	1436646951
154,238;467,70;310,310	113,235;377,127;105,73	799	1436646961
163,62;52,204;431,228	480,287;134,112;67,348	398	1436646973
237,152;242,200;252,74	242,308;28,427;15,422	1000	1436646981
149,207;426,247;34,439	69,384;460,447;148,277	1000	1436646986
480,34;163,141;419,170	421,355;242,45;403,276	1000	1436646992
326,225;237,380;469,194	247,289;276,295;423,400	1000	1436647001
44,216;18,283;221,415	168,269;218,280;160,455	398	1436647010
369,11;470,267;204,71	248,161;392,315;65,307	775	1436647017
302,153;253,50;22,320	203,86;63,40;125,404	352	1436647027
434,46;256,333;263,59	328,78;358,397;455,363	670	1436647044
200,324;143,436;428,343	89,200;461,354;33,224	769	1436647050
59,318;48,182;190,407	164,447;206,321;173,38	729	1436647059
89,154;125,240;275,406	447,302;78,387;441,374	334	1436647078
255,480;44,39;335,314	320,453;55,45;140,224	214	1436647111
59,402;160,133;234,302	378,396;446,222;482,369	0	1436647124
35,425;89,233;175,236	378,327;244,378;31,189	168	1436647131
395,167;482,252;486,99	226,373;460,484;305,465	153	1436647142
27,166;224,232;336,184	179,390;175,169;463,456	0	1436647151
89,154;125,240;275,406	269,133;387,345;341,466	201	1436647164
193,103;105,35;311,337	478,363;121,139;245,171	0	1436647176
246,242;158,43;404,373	139,72;107,428;459,196	0	1436647186
436,397;257,297;167,38	276,337;252,215;181,448	0	1436647199
17,46;151,56;365,187	301,28;243,373;172,162	1000	1436647214
27,166;224,232;336,184	288,490;271,159;235,163	1000	1436647220
50,312;460,337;35,192	50,312;460,337;35,192	0	1436647230
165,353;21,269;375,230	81,352;373,489;319,285	0	1436647234
94,79;274,230;124,87	408,221;160,457;472,173	1000	1436647242
27,166;224,232;336,184	396,105;463,302;203,340	287	1436647253
67,215;473,407;217,122	486,48;125,262;248,468	0	1436647258
288,255;363,115;201,424	400,409;395,486;324,68	1000	1436647282
281,293;134,442;28,68	221,385;181,111;101,155	81	1436647288
142,464;402,211;168,411	450,334;273,76;102,33	147	1436647294
426,423;260,418;118,450	93,281;116,272;151,123	800	1436647303
437,319;434,366;263,222	286,432;267,339;136,110	260	1436647309
17,46;151,56;365,187	184,51;303,273;137,41	215	1436647320
434,46;256,333;263,59	456,387;439,242;353,396	0	1436647328
394,19;269,372;231,245	487,155;328,128;208,459	0	1436647333
193,479;168,135;358,222	88,363;399,336;189,383	0	1436647341
165,353;21,269;375,230	430,392;348,364;388,411	169	1436647351
426,423;260,418;118,450	174,107;256,175;422,161	211	1436647359
79,322;231,470;128,33	16,488;395,435;54,177	113	1436647365
483,288;358,370;376,107	74,280;331,249;162,485	177	1436647373
404,224;383,110;172,484	471,46;434,11;79,370	1000	1436647382
465,388;124,203;421,65	155,32;149,225;434,166	180	1436647390
54,77;346,89;206,271	432,146;249,355;208,73	669	1436647400
259,12;379,60;30,391	259,12;379,60;30,391	0	1436647410
302,153;253,50;22,320	459,487;131,423;29,380	1000	1436647431
94,322;203,172;357,266	102,484;319,464;434,190	729	1436647439
451,398;119,210;123,346	129,73;265,290;35,401	1000	1436647447
391,41;216,359;395,193	213,65;57,140;314,424	237	1436647458
480,200;18,58;163,93	96,42;259,252;245,189	1000	1436647466
426,423;260,418;118,450	289,164;416,251;183,103	209	1436647483
291,391;115,291;366,15	421,11;424,314;321,359	245	1436647491
319,130;223,482;312,429	377,296;367,159;362,459	733	1436647497
47,391;148,373;38,126	407,177;178,338;428,339	388	1436647503
386,391;20,184;258,12	481,446;170,462;305,76	252	1436647510
281,293;134,442;28,68	180,234;321,47;358,419	320	1436647519
480,200;18,58;163,93	44,250;44,450;237,314	839	1436647525
76,358;489,417;96,438	137,121;292,471;432,252	640	1436647532
381,387;378,305;42,74	200,350;129,323;91,97	751	1436647539
163,62;52,204;431,228	162,466;252,98;17,105	874	1436647552
149,207;426,247;34,439	173,417;172,254;480,287	1000	1436647558
437,319;434,366;263,222	58,181;80,388;16,266	1000	1436647566
87,469;401,54;86,263	83,79;465,215;327,300	1000	1436647575
347,119;193,213;98,56	450,330;191,207;377,214	142	1436647594
240,292;79,112;138,295	362,298;437,394;227,431	198	1436647599
428,58;228,125;188,159	285,168;250,68;13,250	783	1436647608
95,473;396,76;98,68	141,87;489,421;219,437	91	1436647615
89,154;125,240;275,406	392,49;15,78;466,120	226	1436647628
287,410;266,468;285,258	467,40;405,91;144,434	869	1436647636
218,404;171,270;416,289	438,201;218,487;89,330	666	1436647644
152,382;108,173;343,487	376,139;108,70;64,292	196	1436647653
204,332;456,409;52,169	156,235;308,133;309,447	0	1436647661
437,319;434,366;263,222	20,64;245,316;117,305	682	1436647672
451,398;119,210;123,346	362,130;117,451;404,210	722	1436647679
439,479;314,286;38,166	209,334;455,191;136,226	864	1436647684
395,234;149,230;427,120	114,161;387,479;83,294	725	1436647693
286,231;110,81;295,60	243,23;164,228;258,314	345	1436647700
76,358;489,417;96,438	192,371;74,137;449,325	829	1436647708
35,425;89,233;175,236	14,432;440,77;406,273	217	1436647717
426,423;260,418;118,450	71,255;379,50;468,430	0	1436647728
251,481;380,487;314,153	281,409;98,311;423,378	238	1436647736
302,153;253,50;22,320	456,56;137,49;417,264	689	1436647745
145,40;448,381;312,31	402,84;89,451;307,229	254	1436647754
149,207;426,247;34,439	310,443;316,285;437,300	882	1436647761
159,160;33,474;487,293	368,453;429,395;206,116	833	1436647768
130,127;169,85;358,74	274,377;302,216;253,391	311	1436647786
391,41;216,359;395,193	416,15;285,412;322,481	869	1436647793
215,192;480,472;474,272	34,408;473,25;72,14	779	1436647802
128,132;337,389;332,33	317,130;344,475;80,287	0	1436647809
410,62;383,256;195,198	141,428;193,318;225,144	628	1436647821
302,153;253,50;22,320	308,325;446,360;196,125	320	1436647826
89,154;125,240;275,406	302,435;293,485;171,170	749	1436647835
471,490;469,484;328,267	186,377;77,417;436,262	1000	1436647848
50,230;454,95;53,165	64,129;124,455;258,232	1000	1436647858
89,154;125,240;275,406	159,130;324,455;152,185	231	1436647866
480,200;18,58;163,93	187,418;239,313;225,338	1000	1436647874
14,351;59,413;239,433	321,278;333,461;380,30	889	1436647880
166,33;342,113;400,441	477,424;146,319;314,473	233	1436647889
236,231;229,482;319,77	26,316;365,269;125,263	709	1436647897
83,486;84,230;32,399	343,334;272,300;326,248	667	1436647908
486,420;466,135;48,26	382,358;379,254;381,438	902	1436647918
451,398;119,210;123,346	233,281;156,313;198,222	752	1436647925
196,412;444,339;304,208	139,79;275,251;113,397	97	1436647933
391,41;216,359;395,193	416,280;441,46;108,452	0	1436647947
428,58;228,125;188,159	76,329;188,379;147,416	282	1436647956
398,474;21,332;153,380	398,474;21,332;153,380	0	1436647963
149,207;426,247;34,439	485,409;304,208;147,195	1000	1436647969
283,480;469,358;261,39	440,113;455,380;126,273	749	1436647980
77,378;218,284;101,337	425,81;82,123;70,144	1000	1436647986
214,461;452,229;11,436	41,383;185,25;293,12	813	1436647993
76,358;489,417;96,438	77,423;427,239;98,356	408	1436648007
301,422;223,445;424,87	299,359;279,487;149,433	1000	1436648013
391,41;216,359;395,193	281,232;373,41;291,193	793	1436648018
370,377;348,57;414,185	92,488;378,186;311,399	0	1436648028
436,397;257,297;167,38	338,107;374,277;449,383	0	1436648037
361,351;363,67;427,305	445,417;66,446;452,38	699	1436648048
44,216;18,283;221,415	224,384;268,350;138,244	0	1436648056
154,238;467,70;310,310	399,150;288,289;27,353	275	1436648065
288,255;363,115;201,424	218,147;238,86;159,281	1000	1436648077
231,387;25,178;159,249	258,391;22,392;160,210	138	1436648087
292,416;350,79;155,60	135,387;449,95;270,413	798	1436648097
1D6x7P908