137	R	0.0.0.0	1436646842
86,169;120,216;436,399	144,391;208,137;457,168	938	1436646926
86,78;211,107;147,483	300,72;222,477;113,110	123	1436646936
42,319;93,132;46,412	429,92;312,197;119,197	823	1436646943
321,361;415,193;224,237	321,361;415,193;224,237	0	1436646948
213,263;455,213;370,59	177,372;447,44;475,193	221	1436646954
280,308;219,21;355,351	311,180;66,426;446,166	81	1436646961
292,426;474,86;284,39	81,362;332,486;182,221	627	1436646971
264,426;482,179;18,329	486,450;408,32;52,374	572	1436646978
486,420;466,135;48,26	147,299;171,70;204,277	795	1436646986
281,293;134,442;28,68	32,387;319,211;70,17	592	1436646992
69,270;129,267;106,441	101,395;42,82;104,57	572	1436646997
472,215;100,255;419,377	457,474;33,378;488,411	745	1436647002
391,41;216,359;395,193	425,326;390,357;31,311	835	1436647006
296,184;155,486;241,445	35,415;324,258;429,159	966	1436647013
16,165;142,486;443,332	388,17;51,487;278,339	746	1436647018
143,253;192,483;17,377	205,466;392,63;67,64	685	1436647023
378,237;33,110;77,62	212,228;215,282;336,236	1000	1436647029
121,489;429,239;65,380	146,167;97,388;482,190	728	1436647034
163,480;445,241;396,243	134,310;123,62;130,88	310	1436647041
476,294;303,467;230,176	285,361;450,336;468,131	635	1436647049
17,46;151,56;365,187	285,208;341,357;321,400	458	1436647057
288,255;228,130;251,399	386,23;152,469;350,455	836	1436647062
182,111;442,395;269,211	381,351;240,131;342,405	905	1436647068
249,205;288,147;189,365	262,224;346,225;421,13	835	1436647072
486,420;466,135;48,26	83,237;302,16;111,154	405	1436647079
481,374;60,332;354,153	460,85;287,45;295,295	182	1436647088
347,402;64,223;358,402	371,253;224,176;317,233	182	1436647095
35,425;89,233;175,236	197,258;450,389;152,164	771	1436647100
279,177;37,482;90,282	24,308;190,296;469,471	389	1436647106
308,141;121,362;28,113	487,81;108,461;153,281	623	1436647118
430,321;167,177;252,84	343,208;195,386;308,101	625	1436647123
246,242;158,43;404,373	139,72;107,428;459,196	621	1436647131
77,378;218,284;101,337	257,90;460,111;339,74	156	1436647136
83,486;84,230;32,399	475,280;459,119;276,172	465	1436647142
24,85;404,22;13,124	288,311;185,186;362,360	407	1436647150
196,412;444,339;304,208	232,291;151,372;60,232	441	1436647154
394,122;428,303;486,266	343,451;368,423;96,382	755	1436647158
67,215;473,407;217,122	441,355;430,431;234,213	707	1436647165
106,64;466,431;23,193	343,108;282,371;387,181	601	1436647171
259,12;379,60;30,391	259,12;379,60;30,391	0	1436647176
331,443;299,377;464,75	292,64;449,174;44,268	719	1436647181
434,46;256,333;263,59	49,175;305,94;420,471	346	1436647185
77,378;218,284;101,337	335,137;172,104;289,285	761	1436647190
375,447;154,123;206,146	50,102;408,154;468,124	0	1436647195
281,293;134,442;28,68	287,230;50,313;55,138	640	1436647200
483,251;389,374;334,233	324,473;33,443;102,193	679	1436647204
398,474;21,332;153,380	398,474;21,332;153,380	0	1436647208
286,435;204,342;106,472	373,36;49,462;158,383	912	1436647213
165,353;21,269;375,230	414,274;13,386;58,470	683	1436647217
80,114;109,236;381,48	444,479;302,135;112,484	771	1436647222
430,321;167,177;252,84	144,420;194,311;223,357	670	1436647228
473,418;475,388;112,379	455,367;28,321;449,453	417	1436647235
144,396;282,321;391,81	282,413;74,380;331,315	695	1436647239
239,184;19,250;15,201	478,22;451,212;215,312	713	1436647244
411,385;75,466;242,191	202,344;106,95;13,283	414	1436647250
39,16;84,400;37,182	469,197;252,187;31,52	417	1436647254
196,412;444,339;304,208	208,28;464,305;73,257	554	1436647258
467,276;90,249;181,133	426,328;343,389;400,210	754	1436647263
149,207;426,247;34,439	300,158;440,440;375,229	805	1436647267
76,347;113,369;99,460	281,118;220,234;13,423	701	1436647272
409,97;164,30;421,26	69,86;191,148;342,362	821	1436647276
76,62;359,401;46,439	297,126;166,409;233,194	870	1436647281
47,391;148,373;38,126	352,293;409,91;364,371	837	1436647285
282,28;485,294;58,277	181,303;226,54;67,287	784	1436647290
440,171;64,240;344,248	14,34;340,94;266,93	614	1436647295
76,347;113,369;99,460	203,343;248,145;399,225	699	1436647299
115,72;67,147;76,253	313,42;395,107;187,189	688	1436647303
270,124;168,394;223,81	366,401;288,341;224,44	694	1436647311
76,358;489,417;96,438	172,99;287,173;225,36	727	1436647315
302,153;253,50;22,320	308,325;446,360;196,125	722	1436647319
426,423;260,418;118,450	233,108;445,400;311,184	344	1436647323
472,215;100,255;419,377	297,373;272,252;444,209	474	1436647329
306,23;165,490;189,173	226,489;440,88;380,246	449	1436647333
250,328;277,380;380,270	57,349;71,189;406,447	415	1436647338
116,103;110,84;119,313	179,346;15,244;20,332	975	1436647342
12,282;451,375;298,438	61,101;145,161;289,429	623	1436647350
361,351;363,67;427,305	217,346;367,361;22,441	764	1436647355
328,478;105,100;94,196	93,446;420,42;263,168	689	1436647360
122,324;39,350;211,207	159,393;260,285;184,478	81	1436647366
489,201;44,197;228,422	26,40;264,79;203,287	137	1436647371
451,398;119,210;123,346	102,155;118,431;327,45	805	1436647375
67,215;473,407;217,122	85,258;201,100;351,375	795	1436647380
330,69;370,92;286,390	259,26;186,298;158,365	815	1436647385
75,380;453,231;433,382	124,253;331,217;208,402	818	1436647389
77,378;218,284;101,337	215,241;326,234;38,256	899	1436647393
328,478;105,100;94,196	226,482;25,341;159,90	663	1436647398
342,151;262,261;293,125	472,153;460,294;427,32	775	1436647404
391,41;216,359;395,193	16,202;154,478;226,464	731	1436647408
215,192;480,472;474,272	247,97;416,32;385,378	748	1436647412
348,436;44,123;313,151	128,169;430,380;475,197	758	1436647417
332,313;148,100;450,224	375,480;151,241;89,319	784	1436647421
259,346;414,205;135,277	296,215;62,334;84,130	764	1436647425
76,358;489,417;96,438	439,449;11,357;202,11	936	1436647429
199,300;62,129;239,115	475,58;277,326;483,447	620	1436647435
472,215;100,255;419,377	447,156;318,193;194,122	794	1436647439
18,137;86,382;213,302	33,260;170,421;436,61	324	1436647447
56,423;154,113;147,154	69,364;445,234;19,218	979	1436647451
335,299;416,204;213,295	286,211;72,227;360,419	441	1436647456
154,238;467,70;310,310	54,20;312,481;275,70	317	1436647460
419,201;261,83;299,184	34,355;488,402;324,447	480	1436647464
367,14;142,80;418,272	63,106;103,235;393,177	765	1436647469
486,420;466,135;48,26	328,162;306,433;195,280	628	1436647476
62,93;462,421;174,258	352,218;457,197;212,383	377	1436647481
67,215;473,407;217,122	103,474;381,28;290,366	603	1436647485
67,215;473,407;217,122	486,48;125,262;248,468	456	1436647490
480,200;18,58;163,93	96,42;259,252;245,189	667	1436647494
76,347;113,369;99,460	103,345;320,32;196,346	455	1436647502
348,115;438,274;26,142	427,389;309,159;246,262	441	1436647509
45,270;333,304;180,445	15,163;34,28;264,76	234	1436647514
265,372;156,399;97,287	76,140;119,257;314,411	619	1436647521
281,293;134,442;28,68	284,206;145,385;360,278	415	1436647525
154,238;467,70;310,310	286,408;191,189;32,177	253	1436647530
417,485;453,281;169,404	326,378;393,174;435,406	315	1436647535
451,373;25,40;475,153	134,407;177,69;304,304	345	1436647539
50,312;460,337;35,192	50,312;460,337;35,192	0	1436647544
426,423;260,418;118,450	28,194;110,340;284,188	702	1436647549
348,101;67,161;463,403	317,487;71,165;334,274	592	1436647553
163,186;70,134;472,131	355,214;404,473;292,24	654	1436647560
347,119;193,213;98,56	46,411;113,321;13,310	758	1436647565
437,319;434,366;263,222	463,141;46,280;440,199	608	1436647570
236,141;360,287;97,263	180,440;464,397;23,395	783	1436647574
309,341;144,310;36,277	121,167;281,440;136,165	365	1436647580
404,224;383,110;172,484	471,46;434,11;79,370	745	1436647584
215,192;480,472;474,272	461,262;40,11;223,417	756	1436647589
302,153;253,50;22,320	426,312;254,290;354,16	669	1436647594
16,394;451,86;303,220	232,325;114,469;337,42	416	1436647600
481,375;321,301;145,217	366,211;100,186;180,204	232	1436647605
49,112;364,31;448,309	303,413;340,202;440,458	740	1436647609
106,64;466,431;23,193	117,336;100,35;87,161	813	1436647613
327,417;356,454;374,349	82,106;100,302;151,424	936	1436647618
249,470;254,249;292,142	483,321;304,355;83,450	179	1436647622
67,215;473,407;217,122	15,395;157,371;305,487	391	1436647626
241,182;365,56;218,205	409,151;20,371;107,125	1000	1436647631
35,425;89,233;175,236	193,379;423,63;314,405	385	1436647638
106,433;402,82;218,138	70,460;101,95;191,305	360	1436647642
367,14;142,80;418,272	142,140;431,86;253,344	51	1436647649
3H5w7M136