137	L	0.0.0.0	1436646383
86,169;120,216;436,399	144,391;208,137;457,168	715	1436646492
86,78;211,107;147,483	300,72;222,477;113,110	179	1436646506
42,319;93,132;46,412	429,92;312,197;119,197	432	1436646524
321,361;415,193;224,237	321,361;415,193;224,237	1	1436646532
213,263;455,213;370,59	177,372;447,44;475,193	451	1436646549
280,308;219,21;355,351	311,180;66,426;446,166	51	1436646559
351,157;47,103;256,88	315,436;452,290;419,203	97	1436646565
43,236;379,412;248,230	145,83;318,250;97,342	479	1436646581
327,34;370,122;297,198	145,121;263,60;411,79	451	1436646588
264,426;482,179;18,329	130,86;440,186;292,319	615	1436646599
98,26;446,333;364,178	243,149;79,437;122,86	651	1436646608
89,154;125,240;275,406	382,268;464,29;226,430	376	1436646619
488,277;351,30;184,192	125,12;463,74;106,295	308	1436646626
216,14;470,443;286,332	204,22;294,369;36,54	393	1436646632
428,256;275,257;477,381	361,268;361,373;418,209	299	1436646638
367,14;142,80;418,272	346,169;182,115;20,330	374	1436646643
67,120;165,428;37,437	460,113;441,277;282,490	675	1436646652
43,236;379,412;248,230	253,90;463,220;124,450	640	1436646660
94,322;203,172;357,266	432,462;375,58;140,429	519	1436646675
367,14;142,80;418,272	211,344;325,53;47,201	417	1436646683
451,398;119,210;123,346	94,52;344,367;297,234	436	1436646694
50,230;454,95;53,165	255,475;77,181;85,46	610	1436646721
12,282;451,375;298,438	61,101;145,161;289,429	458	1436646729
74,248;95,41;316,390	21,358;398,387;206,210	238	1436646736
76,347;113,369;99,460	248,42;40,352;192,482	848	1436646743
44,216;18,283;221,415	21,67;476,432;146,409	619	1436646748
418,107;13,124;193,105	391,186;427,403;412,124	470	1436646760
24,60;486,339;244,389	134,32;202,140;364,443	975	1436646771
437,184;178,47;327,275	465,38;272,65;289,38	643	1436646781
353,41;139,130;431,269	156,352;390,158;44,116	89	1436646787
106,254;351,176;31,216	419,483;185,324;74,199	476	1436646801
430,321;167,177;252,84	209,252;147,279;486,355	523	1436646806
369,11;470,267;204,71	248,161;392,315;65,307	158	1436646811
398,474;21,332;153,380	398,474;21,332;153,380	15	1436646816
361,351;363,67;427,305	296,62;186,281;168,438	288	1436646826
288,255;363,115;201,424	299,20;461,169;234,38	926	1436646833
76,358;489,417;96,438	199,120;467,107;428,16	399	1436646839
84,106;350,255;337,270	355,238;342,211;381,345	638	1436646849
361,351;363,67;427,305	212,463;398,369;179,317	565	1436646855
328,478;105,100;94,196	219,153;450,392;428,349	354	1436646860
76,358;489,417;96,438	473,78;350,58;148,364	19	1436646866
474,322;242,110;51,279	403,346;159,17;422,328	924	1436646873
83,486;84,230;32,399	185,93;78,178;241,75	476	1436646882
141,43;184,327;109,322	110,184;24,47;368,482	627	1436646887
356,215;425,276;115,264	438,235;293,291;374,19	487	1436646894
472,215;100,255;419,377	93,220;445,36;21,396	585	1436646900
285,76;399,27;79,194	51,147;464,280;363,373	684	1436646906
428,58;228,125;188,159	174,402;85,465;258,325	446	1436646911
17,46;151,56;365,187	120,465;247,323;490,300	261	1436646923
65,301;454,395;167,284	296,71;96,98;170,80	465	1436646930
50,230;454,95;53,165	266,395;327,45;421,460	481	1436646944
369,71;75,28;27,254	12,285;209,101;71,444	327	1436646950
436,397;257,297;167,38	247,252;190,289;71,442	630	1436646958
76,347;113,369;99,460	131,293;66,276;442,247	557	1436646963
375,207;227,444;303,54	416,238;420,170;107,15	422	1436646969
165,353;21,269;375,230	265,315;324,55;449,345	335	1436646975
478,450;271,114;331,218	394,480;316,350;290,290	131	1436646980
50,312;460,337;35,192	50,312;460,337;35,192	5	1436646987
434,46;256,333;263,59	179,51;166,202;171,61	940	1436646993
189,121;280,193;273,219	370,67;394,134;430,51	580	1436646999
69,415;314,259;136,252	488,58;345,285;360,414	475	1436647004
35,425;89,233;175,236	257,382;66,426;23,48	542	1436647014
27,166;224,232;336,184	110,70;361,405;341,289	447	1436647019
47,391;148,373;38,126	395,238;316,48;165,402	446	1436647024
211,46;114,86;343,332	301,218;469,450;231,20	762	1436647030
402,117;287,244;402,124	241,89;225,14;192,25	732	1436647037
46,386;200,316;17,387	41,298;315,281;162,277	378	1436647044
32,329;81,158;291,269	416,443;382,201;247,314	136	1436647069
259,224;47,487;283,155	306,353;284,315;155,223	328	1436647075
367,14;142,80;418,272	335,20;184,106;127,358	557	1436647081
312,344;478,390;191,459	163,268;212,449;221,251	535	1436647087
102,441;228,451;13,443	360,429;341,341;281,440	822	1436647093
228,473;475,127;325,461	65,125;173,469;474,103	682	1436647107
43,236;379,412;248,230	174,57;99,482;428,257	466	1436647114
250,434;394,168;173,377	30,105;319,360;355,307	132	1436647120
302,153;253,50;22,320	291,330;184,251;449,209	238	1436647126
24,85;404,22;13,124	288,311;185,186;362,360	568	1436647133
345,110;291,416;469,78	285,361;267,457;186,164	447	1436647141
14,295;274,190;417,65	64,18;430,190;162,216	460	1436647148
391,41;216,359;395,193	213,65;57,140;314,424	464	1436647154
418,431;120,100;122,418	272,51;154,276;288,11	975	1436647162
419,40;334,89;211,353	52,367;363,174;336,125	590	1436647169
14,381;248,59;194,65	176,78;128,334;79,452	444	1436647179
245,398;18,455;113,341	291,124;230,301;26,290	287	1436647185
126,368;285,161;160,117	315,158;325,280;43,454	269	1436647191
215,192;480,472;474,272	149,489;64,375;35,420	578	1436647195
367,14;142,80;418,272	432,332;86,278;351,146	38	1436647201
259,12;379,60;30,391	259,12;379,60;30,391	27	1436647210
17,46;151,56;365,187	385,420;88,55;100,140	271	1436647215
50,262;192,249;101,402	450,470;73,51;116,17	893	1436647223
76,347;113,369;99,460	52,382;209,479;389,355	521	1436647231
298,423;414,472;26,249	34,233;336,474;90,440	546	1436647238
73,111;125,418;127,101	120,334;61,441;435,69	546	1436647244
89,154;125,240;275,406	138,250;35,437;289,18	379	1436647249
380,127;372,382;383,156	251,180;321,388;223,259	704	1436647256
437,319;434,366;263,222	106,88;69,114;473,194	431	1436647263
288,255;363,115;201,424	384,290;136,414;17,440	538	1436647274
304,57;161,158;54,139	451,344;226,315;412,433	377	1436647280
182,201;220,231;377,65	384,56;249,423;242,462	613	1436647289
348,115;438,274;26,142	120,490;423,171;112,339	255	1436647294
149,207;426,247;34,439	328,113;153,223;123,99	409	1436647300
121,489;429,239;65,380	146,167;97,388;482,190	524	1436647307
35,425;89,233;175,236	157,55;285,20;335,469	470	1436647313
95,473;396,76;98,68	141,87;489,421;219,437	242	1436647332
446,202;317,202;490,290	307,365;347,374;46,128	632	1436647338
83,486;84,230;32,399	20,486;65,152;244,140	571	1436647343
406,311;374,41;238,490	189,110;241,462;140,147	647	1436647349
347,402;64,223;358,402	371,253;224,176;317,233	341	1436647357
428,58;228,125;188,159	309,415;211,281;42,118	185	1436647363
237,152;242,200;252,74	157,315;43,116;82,80	541	1436647370
90,423;62,361;169,336	443,345;272,229;181,265	368	1436647376
436,397;257,297;167,38	262,481;25,111;379,470	438	1436647384
381,205;308,167;191,444	263,15;311,126;241,47	465	1436647393
486,315;321,423;129,435	230,92;273,114;63,215	563	1436647400
254,421;291,307;450,150	426,276;161,251;326,173	386	1436647407
391,41;216,359;395,193	169,450;360,356;133,284	336	1436647413
115,72;67,147;76,253	310,341;310,251;256,425	88	1436647421
232,77;347,330;107,108	489,127;413,463;77,445	387	1436647431
154,238;467,70;310,310	164,230;396,390;146,112	245	1436647437
430,321;167,177;252,84	443,92;277,481;345,165	521	1436647445
472,215;100,255;419,377	138,278;265,22;469,390	311	1436647453
428,58;228,125;188,159	239,53;232,25;135,411	191	1436647458
428,425;425,339;146,102	27,401;150,220;396,472	567	1436647464
276,47;212,373;185,261	472,192;213,388;413,106	370	1436647471
94,322;203,172;357,266	13,109;316,54;369,352	210	1436647476
205,124;356,162;420,45	312,76;88,179;464,229	215	1436647484
47,391;148,373;38,126	93,189;397,138;299,324	445	1436647492
299,87;198,274;274,328	414,261;391,172;183,337	65	1436647497
196,412;444,339;304,208	408,164;431,473;260,161	245	1436647502
348,101;67,161;463,403	317,487;71,165;334,274	82	1436647509
361,351;363,67;427,305	389,238;269,191;223,355	525	1436647516
94,322;203,172;357,266	101,404;202,394;101,250	443	1436647522
237,152;242,200;252,74	242,321;49,203;85,259	276	1436647529
328,478;105,100;94,196	398,431;365,487;295,163	132	1436647537
44,216;18,283;221,415	168,269;218,280;160,455	103	1436647544
366,104;72,458;150,440	377,339;355,20;432,461	416	1436647549
5C7x6R650