136	L	0.0.0.0	1436647053
86,169;120,216;436,399	144,391;208,137;457,168	925	1436647129
86,78;211,107;147,483	300,72;222,477;113,110	433	1436647138
42,319;93,132;46,412	429,92;312,197;119,197	454	1436647145
321,361;415,193;224,237	321,361;415,193;224,237	0	1436647163
213,263;455,213;370,59	177,372;447,44;475,193	554	1436647171
280,308;219,21;355,351	311,180;66,426;446,166	348	1436647179
451,398;119,210;123,346	411,400;184,478;202,282	593	1436647189
50,230;454,95;53,165	190,353;360,159;461,146	458	1436647196
426,423;260,418;118,450	424,126;211,242;434,92	662	1436647201
14,381;248,59;194,65	176,78;128,334;79,452	546	1436647206
478,489;308,238;358,217	263,122;280,462;266,317	997	1436647212
421,166;418,470;354,366	27,469;483,409;435,342	626	1436647216
449,258;17,126;408,307	97,53;147,25;468,335	65	1436647223
106,64;466,431;23,193	440,100;394,318;65,271	604	1436647230
58,402;213,400;381,146	149,288;325,327;25,398	761	1436647234
136,235;56,45;62,32	375,456;45,418;11,279	1000	1436647239
300,360;312,457;170,365	195,367;27,160;268,238	622	1436647243
347,119;193,213;98,56	333,345;143,109;212,31	688	1436647249
348,115;438,274;26,142	418,242;125,30;449,37	528	1436647254
234,181;321,434;385,464	72,144;257,453;34,144	440	1436647259
130,163;253,239;399,287	421,419;133,478;398,242	1000	1436647264
106,64;466,431;23,193	50,418;208,291;143,379	1000	1436647269
50,312;460,337;35,192	50,312;460,337;35,192	0	1436647273
391,308;130,24;20,61	444,11;390,460;309,49	278	1436647278
361,351;363,67;427,305	331,427;436,88;261,88	533	1436647282
76,358;489,417;96,438	349,427;244,120;20,52	626	1436647287
200,324;143,436;428,343	89,200;461,354;33,224	1000	1436647292
120,474;143,446;38,203	411,69;124,298;244,424	849	1436647297
391,41;216,359;395,193	270,279;137,78;15,288	1000	1436647301
437,319;434,366;263,222	369,433;450,47;441,334	220	1436647307
47,391;148,373;38,126	487,109;308,427;478,292	638	1436647312
144,277;199,257;323,247	16,362;453,26;140,407	653	1436647335
302,153;253,50;22,320	30,70;483,280;317,372	295	1436647340
302,153;253,50;22,320	353,237;461,139;59,323	685	1436647354
402,31;67,441;155,458	330,435;183,148;363,206	994	1436647360
143,63;143,157;230,292	97,108;448,413;79,414	846	1436647365
340,30;42,217;206,132	164,189;387,473;180,169	936	1436647370
305,408;116,244;28,51	434,138;83,302;268,72	1000	1436647374
51,406;294,62;250,133	96,29;73,103;196,153	1000	1436647379
76,358;489,417;96,438	459,64;52,287;43,298	1000	1436647384
308,141;121,362;28,113	487,81;108,461;153,281	1000	1436647389
165,353;21,269;375,230	22,437;67,61;457,447	570	1436647394
94,415;388,79;51,222	289,40;288,357;42,46	256	1436647400
486,315;321,423;129,435	230,92;273,114;63,215	661	1436647405
348,115;438,274;26,142	276,44;319,188;421,324	1000	1436647410
240,238;360,178;247,456	230,412;304,361;396,325	1000	1436647415
50,230;454,95;53,165	368,254;76,181;451,213	531	1436647422
481,262;121,394;319,431	146,449;143,374;443,238	834	1436647435
47,391;148,373;38,126	423,21;317,412;186,336	85	1436647441
240,292;79,112;138,295	362,298;437,394;227,431	528	1436647446
264,426;482,179;18,329	149,360;481,327;314,207	57	1436647452
301,422;223,445;424,87	299,359;279,487;149,433	1000	1436647458
196,412;444,339;304,208	76,40;232,484;278,411	1000	1436647464
67,215;473,407;217,122	379,152;280,326;83,17	263	1436647469
254,421;291,307;450,150	133,332;183,468;179,477	1000	1436647474
149,207;426,247;34,439	116,324;291,439;137,460	27	1436647480
17,46;151,56;365,187	18,46;129,319;186,322	915	1436647485
344,366;91,297;178,387	408,391;313,388;188,23	951	1436647490
136,478;413,73;314,465	173,367;81,341;39,87	0	1436647500
361,216;132,47;50,403	418,223;370,220;254,393	1000	1436647505
213,68;66,331;300,78	467,140;332,112;18,302	637	1436647511
420,155;335,411;113,334	154,386;186,212;221,427	581	1436647515
221,111;162,59;392,422	428,367;234,298;328,366	1000	1436647520
128,117;70,485;43,73	126,298;448,190;395,353	1000	1436647525
94,322;203,172;357,266	464,88;411,455;303,61	447	1436647530
44,216;18,283;221,415	154,487;81,77;468,315	762	1436647535
483,212;133,59;270,165	109,391;396,333;417,67	1000	1436647540
26,243;188,168;160,226	103,52;55,269;271,24	32	1436647545
154,238;467,70;310,310	38,109;69,304;222,32	418	1436647550
27,166;224,232;336,184	316,178;310,226;381,240	516	1436647555
271,397;134,362;370,247	118,345;23,480;148,406	508	1436647561
259,12;379,60;30,391	259,12;379,60;30,391	0	1436647566
76,358;489,417;96,438	193,105;157,486;60,349	76	1436647572
405,51;42,418;477,224	477,149;392,328;23,238	295	1436647577
72,54;338,355;38,138	149,88;330,153;426,207	1000	1436647582
394,228;117,43;153,383	398,20;334,272;139,221	29	1436647587
35,425;89,233;175,236	199,360;179,12;141,298	462	1436647592
437,176;412,51;372,52	219,32;83,365;147,298	957	1436647597
289,447;355,334;405,444	23,385;140,63;483,150	455	1436647602
309,341;144,310;36,277	463,348;35,446;369,434	1000	1436647607
348,115;438,274;26,142	392,424;92,443;211,269	594	1436647612
384,427;77,88;75,287	489,297;411,369;108,206	326	1436647620
358,176;450,27;11,430	181,171;484,489;31,125	33	1436647625
257,435;197,77;148,186	111,239;177,162;386,54	525	1436647630
215,192;480,472;474,272	390,132;488,269;128,343	424	1436647636
149,448;192,326;127,303	79,470;106,336;137,444	51	1436647643
55,368;85,403;371,269	325,86;208,348;234,16	476	1436647648
75,116;182,268;414,353	456,140;38,177;301,423	1000	1436647654
95,424;213,481;367,250	107,485;469,93;210,462	680	1436647659
348,115;438,274;26,142	30,383;409,131;142,124	74	1436647663
437,319;434,366;263,222	463,141;46,280;440,199	660	1436647668
223,354;275,323;373,156	285,352;239,355;22,32	695	1436647675
25,128;204,20;96,353	219,175;303,139;370,372	532	1436647680
347,119;193,213;98,56	420,258;59,405;234,482	462	1436647685
167,341;294,371;343,173	109,447;482,471;392,361	68	1436647691
320,214;302,129;101,275	68,72;475,448;330,378	1000	1436647696
43,236;379,412;248,230	133,441;76,201;444,105	407	1436647701
288,255;363,115;201,424	187,175;215,216;37,396	1000	1436647706
173,283;236,207;210,236	439,379;428,442;470,378	1000	1436647711
451,398;119,210;123,346	469,36;54,145;220,485	660	1436647716
275,171;196,254;427,390	275,45;322,438;309,179	1000	1436647721
163,62;52,204;431,228	18,370;463,22;474,179	602	1436647726
479,460;140,415;277,378	206,162;393,462;15,73	402	1436647730
382,382;399,396;73,159	380,179;365,416;413,335	1000	1436647735
330,69;370,92;286,390	259,26;186,298;158,365	1000	1436647740
426,309;167,290;292,151	146,440;361,444;26,436	1000	1436647745
142,418;126,219;48,213	450,394;443,448;425,262	977	1436647750
437,319;434,366;263,222	372,444;430,380;301,346	629	1436647755
50,230;454,95;53,165	383,361;348,154;436,443	758	1436647760
163,480;445,241;396,243	134,310;123,62;130,88	447	1436647765
83,486;84,230;32,399	290,252;110,137;309,476	145	1436647771
119,484;412,308;426,104	60,184;124,51;442,382	460	1436647775
447,159;305,227;306,129	187,289;56,376;15,266	21	1436647782
73,416;413,487;260,342	74,353;453,83;358,60	749	1436647786
115,72;67,147;76,253	186,212;54,48;355,365	949	1436647791
431,191;206,303;333,343	327,488;97,469;396,85	183	1436647796
334,175;30,443;201,65	126,444;176,284;71,16	529	1436647801
99,241;469,487;242,456	298,61;237,189;337,364	36	1436647806
475,14;216,211;203,146	103,13;401,455;420,440	850	1436647811
288,255;363,115;201,424	218,147;238,86;159,281	425	1436647817
94,322;203,172;357,266	149,449;374,197;125,11	0	1436647823
446,202;317,202;490,290	307,365;347,374;46,128	1000	1436647831
136,417;143,229;278,310	188,162;375,169;98,361	458	1436647836
398,474;21,332;153,380	398,474;21,332;153,380	0	1436647842
181,181;466,80;52,328	61,124;63,350;150,88	400	1436647846
35,425;89,233;175,236	484,395;14,138;127,421	486	1436647851
426,423;260,418;118,450	289,164;416,251;183,103	518	1436647856
273,91;379,471;397,464	340,451;447,445;51,204	960	1436647861
458,57;56,330;118,107	484,424;164,277;341,47	513	1436647866
67,215;473,407;217,122	433,348;26,355;356,298	342	1436647870
428,58;228,125;188,159	380,244;236,244;384,216	985	1436647876
77,378;218,284;101,337	406,250;366,260;444,118	554	1436647881
437,319;434,366;263,222	38,265;63,229;168,153	651	1436647886
434,46;256,333;263,59	337,54;27,121;399,317	513	1436647893
215,192;480,472;474,272	233,312;158,298;239,63	481	1436647898
3E3w7M951