136	R	0.0.0.0	1436653696
86,169;120,216;436,399	144,391;208,137;457,168	911	1436653790
86,78;211,107;147,483	300,72;222,477;113,110	404	1436653801
42,319;93,132;46,412	429,92;312,197;119,197	692	1436653809
321,361;415,193;224,237	321,361;415,193;224,237	0	1436653816
213,263;455,213;370,59	177,372;447,44;475,193	628	1436653826
280,308;219,21;355,351	311,180;66,426;446,166	51	1436653835
451,398;119,210;123,346	119,145;176,311;426,243	635	1436653841
257,426;47,462;113,341	13,313;468,335;284,357	999	1436653848
480,200;18,58;163,93	111,412;27,70;174,228	989	1436653854
69,233;114,276;185,426	413,94;434,368;148,336	977	1436653860
76,358;489,417;96,438	454,436;119,456;124,95	921	1436653866
83,486;84,230;32,399	432,433;398,158;489,471	551	1436653873
237,152;242,200;252,74	157,315;43,116;82,80	890	1436653879
27,166;224,232;336,184	103,108;93,436;143,25	783	1436653886
76,358;489,417;96,438	175,416;453,32;35,227	858	1436653894
215,192;480,472;474,272	34,408;473,25;72,14	951	1436653905
47,391;148,373;38,126	37,28;397,369;73,203	773	1436653910
347,119;193,213;98,56	26,118;486,317;246,474	878	1436653917
347,119;193,213;98,56	61,430;76,336;243,121	789	1436653922
132,173;72,359;17,327	359,401;198,198;149,341	658	1436653930
35,425;89,233;175,236	424,404;439,345;252,64	656	1436653937
106,254;351,176;31,216	419,483;185,324;74,199	690	1436653943
166,53;129,52;467,331	213,169;69,300;362,12	580	1436653948
76,314;471,20;263,186	395,41;46,381;61,415	570	1436653955
76,358;489,417;96,438	57,53;344,307;414,106	624	1436653961
89,191;219,293;370,291	250,118;438,274;101,261	751	1436653965
472,215;100,255;419,377	360,49;468,314;154,388	556	1436653972
167,362;278,382;477,271	100,413;181,157;188,93	520	1436653984
43,370;94,390;461,448	370,198;312,235;389,158	815	1436653991
236,128;384,60;407,204	54,381;14,102;440,432	531	1436653996
361,351;363,67;427,305	232,36;244,314;208,45	479	1436654001
340,30;42,217;206,132	352,122;21,69;397,176	523	1436654006
154,338;248,296;453,384	366,411;392,123;414,248	429	1436654011
209,299;277,32;180,145	75,60;145,29;422,318	567	1436654017
146,379;281,87;205,70	69,427;221,106;262,26	921	1436654022
47,391;148,373;38,126	55,15;118,82;72,396	536	1436654028
394,137;456,46;118,364	475,307;444,311;110,141	472	1436654032
149,207;426,247;34,439	485,409;304,208;147,195	653	1436654037
347,119;193,213;98,56	410,238;125,257;327,105	123	1436654043
94,79;274,230;124,87	408,221;160,457;472,173	923	1436654049
465,384;275,345;281,246	35,320;468,130;344,288	713	1436654055
436,241;346,162;209,334	302,146;240,429;419,174	608	1436654060
214,461;452,229;11,436	41,383;185,25;293,12	596	1436654065
347,119;193,213;98,56	461,340;138,448;457,222	567	1436654094
437,92;119,438;398,282	228,303;339,291;346,67	657	1436654100
404,224;383,110;172,484	471,46;434,11;79,370	462	1436654128
83,486;84,230;32,399	338,133;351,304;67,159	555	1436654135
50,312;460,337;35,192	50,312;460,337;35,192	0	1436654142
359,81;349,355;285,283	484,344;445,488;331,270	490	1436654146
17,46;151,56;365,187	184,51;303,273;137,41	530	1436654152
73,428;373,473;471,190	238,256;399,87;388,75	1000	1436654159
476,479;133,144;446,439	109,168;190,228;45,399	991	1436654163
307,55;409,378;384,271	173,189;59,85;453,415	473	1436654170
434,46;256,333;263,59	117,94;365,315;237,13	154	1436654176
174,283;179,124;480,242	250,355;19,312;379,21	549	1436654182
83,486;84,230;32,399	392,17;388,69;476,61	844	1436654187
455,460;200,267;348,322	212,490;364,191;448,193	665	1436654193
196,412;444,339;304,208	208,28;464,305;73,257	609	1436654197
237,152;242,200;252,74	45,379;103,322;384,233	953	1436654203
434,46;256,333;263,59	108,74;124,461;411,286	730	1436654207
347,119;193,213;98,56	47,340;77,390;236,302	842	1436654215
61,109;258,190;228,198	452,149;204,239;14,338	758	1436654221
453,248;406,252;487,119	289,24;388,170;265,103	451	1436654227
288,255;363,115;201,424	481,420;12,38;240,400	1000	1436654232
160,320;402,90;38,34	300,144;195,62;320,326	810	1436654237
40,325;29,222;83,120	162,325;429,416;132,419	558	1436654242
436,397;257,297;167,38	466,411;136,45;233,46	557	1436654247
302,153;253,50;22,320	456,56;137,49;417,264	549	1436654252
361,351;363,67;427,305	212,463;398,369;179,317	590	1436654257
241,182;365,56;218,205	409,151;20,371;107,125	1000	1436654262
462,258;433,279;482,319	181,355;135,378;96,443	434	1436654267
348,115;438,274;26,142	335,398;408,247;11,251	221	1436654272
258,394;226,462;316,354	386,234;448,302;376,183	96	1436654278
62,93;462,421;174,258	352,218;457,197;212,383	707	1436654282
472,215;100,255;419,377	329,180;355,399;421,462	743	1436654287
322,132;427,305;125,89	258,378;351,123;151,253	775	1436654294
89,154;125,240;275,406	322,413;106,154;433,441	573	1436654298
309,341;144,310;36,277	268,87;231,304;298,401	868	1436654303
405,247;176,348;249,396	208,187;183,258;284,200	674	1436654309
76,347;113,369;99,460	166,305;392,212;317,95	880	1436654314
106,64;466,431;23,193	464,350;118,300;225,399	677	1436654318
319,282;233,136;160,191	191,31;39,169;90,144	743	1436654323
264,426;482,179;18,329	381,287;98,465;197,81	335	1436654328
115,72;67,147;76,253	76,399;192,295;140,354	837	1436654333
33,38;440,472;482,48	486,451;42,45;202,477	445	1436654339
22,234;410,399;65,307	258,114;81,46;341,182	713	1436654345
431,122;418,223;145,27	276,284;174,424;417,249	679	1436654350
374,184;200,351;177,331	22,71;457,146;418,69	822	1436654354
27,166;224,232;336,184	361,109;490,288;319,142	359	1436654359
398,474;21,332;153,380	398,474;21,332;153,380	0	1436654364
35,425;89,233;175,236	370,357;236,281;354,392	676	1436654368
47,391;148,373;38,126	43,281;15,219;315,212	295	1436654373
83,486;84,230;32,399	41,169;129,186;376,108	626	1436654378
403,418;355,175;441,422	52,292;130,78;120,64	363	1436654383
436,397;257,297;167,38	195,216;187,173;113,361	875	1436654387
340,30;42,217;206,132	152,110;270,403;454,172	906	1436654392
328,478;105,100;94,196	108,333;438,95;190,428	549	1436654399
165,353;21,269;375,230	287,81;243,411;390,445	550	1436654404
265,303;366,364;342,44	133,127;421,411;270,205	540	1436654410
295,183;487,411;182,258	193,284;165,278;189,126	874	1436654415
215,192;480,472;474,272	149,489;64,375;35,420	948	1436654419
480,200;18,58;163,93	109,186;388,295;300,248	693	1436654426
215,192;480,472;474,272	335,490;29,469;423,56	453	1436654431
351,298;131,140;441,48	54,172;13,192;460,421	861	1436654436
47,391;148,373;38,126	292,157;207,20;366,111	463	1436654441
391,41;216,359;395,193	317,302;332,108;251,94	556	1436654445
480,200;18,58;163,93	19,172;275,173;245,143	878	1436654450
352,130;236,484;85,263	332,304;182,55;284,85	871	1436654454
237,152;242,200;252,74	331,81;449,429;416,181	994	1436654459
474,322;242,110;51,279	403,346;159,17;422,328	879	1436654464
259,12;379,60;30,391	259,12;379,60;30,391	0	1436654468
75,380;453,231;433,382	124,253;331,217;208,402	872	1436654473
94,322;203,172;357,266	327,483;179,181;451,294	447	1436654478
288,255;363,115;201,424	38,438;474,40;150,427	1000	1436654483
379,295;374,435;446,346	110,105;206,400;388,200	784	1436654487
220,362;198,118;62,429	54,51;150,412;271,335	737	1436654492
35,425;89,233;175,236	286,143;24,265;232,72	451	1436654496
14,381;248,59;194,65	456,211;393,239;148,390	626	1436654505
340,30;42,217;206,132	44,233;250,145;227,38	862	1436654512
51,59;484,306;144,45	241,114;45,398;281,17	555	1436654516
347,402;64,223;358,402	371,253;224,176;317,233	480	1436654521
76,358;489,417;96,438	309,385;380,246;380,489	725	1436654526
314,132;212,22;131,37	94,349;370,31;188,394	674	1436654531
125,224;51,109;21,173	135,212;86,475;225,365	564	1436654536
267,411;246,224;350,129	234,84;303,160;102,402	456	1436654541
348,115;438,274;26,142	452,276;177,463;171,118	467	1436654548
23,28;369,459;24,30	243,388;138,349;487,478	564	1436654558
65,75;197,14;56,189	225,42;145,177;317,326	542	1436654564
391,41;216,359;395,193	425,326;390,357;31,311	552	1436654568
332,172;130,329;190,199	291,358;359,65;84,489	779	1436654573
291,284;172,229;443,397	180,305;254,195;47,416	48	1436654578
115,72;67,147;76,253	185,132;202,292;195,472	755	1436654583
368,392;103,436;140,162	71,347;259,259;376,24	829	1436654588
426,423;260,418;118,450	223,393;291,283;177,148	662	1436654594
95,325;79,140;96,285	450,56;364,412;394,374	838	1436654599
4B7t8M737