136	L	0.0.0.0	1436646085
86,169;120,216;436,399	144,391;208,137;457,168	858	1436646227
86,78;211,107;147,483	300,72;222,477;113,110	225	1436646243
42,319;93,132;46,412	429,92;312,197;119,197	637	1436646257
321,361;415,193;224,237	321,361;415,193;224,237	0	1436646266
213,263;455,213;370,59	177,372;447,44;475,193	562	1436646279
280,308;219,21;355,351	311,180;66,426;446,166	15	1436646295
390,258;169,383;73,302	245,73;389,266;148,324	763	1436646304
59,318;48,182;190,407	164,447;206,321;173,38	652	1436646320
50,230;454,95;53,165	64,129;124,455;258,232	694	1436646329
17,46;151,56;365,187	348,104;106,417;225,166	0	1436646344
302,153;253,50;22,320	151,443;11,371;396,68	3	1436646359
326,225;237,380;469,194	247,289;276,295;423,400	955	1436646367
30,91;139,376;373,470	394,477;186,259;16,449	829	1436646375
17,46;151,56;365,187	243,79;240,420;103,299	704	1436646389
246,461;276,13;198,279	220,126;279,449;443,355	1000	1436646399
300,360;312,457;170,365	195,367;27,160;268,238	676	1436646407
378,164;126,320;12,79	413,444;392,190;58,449	278	1436646417
171,249;16,74;392,139	12,174;381,187;462,49	719	1436646423
376,77;302,284;482,353	271,454;60,350;414,356	471	1436646432
115,72;67,147;76,253	76,399;192,295;140,354	362	1436646438
77,378;218,284;101,337	335,137;172,104;289,285	643	1436646444
165,353;21,269;375,230	365,141;163,185;37,95	60	1436646450
79,252;45,465;167,168	122,184;108,148;130,275	45	1436646458
99,367;49,169;405,448	379,466;97,268;358,274	614	1436646464
314,132;212,22;131,37	94,349;370,31;188,394	578	1436646471
50,168;98,101;303,158	354,89;232,475;225,262	661	1436646476
94,322;203,172;357,266	333,465;436,215;467,250	783	1436646484
142,40;149,179;130,180	280,260;35,376;480,146	997	1436646491
208,399;371,118;215,40	48,276;251,99;273,432	838	1436646501
82,394;410,339;182,156	487,138;260,446;116,137	75	1436646510
391,41;216,359;395,193	281,232;373,41;291,193	449	1436646516
257,468;429,144;181,111	255,412;252,348;405,55	986	1436646521
149,207;426,247;34,439	416,110;246,196;124,25	463	1436646526
163,186;70,134;472,131	355,214;404,473;292,24	949	1436646532
41,219;225,126;483,435	427,173;247,461;91,481	401	1436646539
115,72;67,147;76,253	123,424;36,334;263,456	438	1436646544
478,482;338,100;470,53	352,439;41,281;237,412	813	1436646551
178,99;11,313;378,48	468,200;186,433;485,423	795	1436646557
47,391;148,373;38,126	268,435;471,183;132,70	772	1436646561
236,128;384,60;407,204	54,381;14,102;440,432	733	1436646574
364,32;62,161;383,238	119,62;373,207;152,268	441	1436646590
27,166;224,232;336,184	288,490;271,159;235,163	992	1436646598
317,27;349,63;431,383	232,370;153,52;443,252	988	1436646603
24,311;225,155;395,451	316,319;134,56;218,407	879	1436646608
347,402;64,223;358,402	371,253;224,176;317,233	1000	1436646612
13,484;125,87;389,447	144,104;215,333;427,308	845	1436646619
296,184;155,486;241,445	35,415;324,258;429,159	378	1436646626
165,353;21,269;375,230	430,392;348,364;388,411	304	1436646633
24,60;486,339;244,389	134,32;202,140;364,443	946	1436646643
165,353;21,269;375,230	435,283;381,287;352,256	223	1436646649
327,320;281,153;460,258	331,318;278,221;337,473	723	1436646654
386,280;34,158;298,448	82,443;359,14;194,246	844	1436646659
50,312;460,337;35,192	50,312;460,337;35,192	0	1436646664
93,330;388,328;200,239	54,279;135,203;456,389	731	1436646670
436,397;257,297;167,38	152,19;105,470;26,276	31	1436646676
281,293;134,442;28,68	84,129;395,300;307,43	668	1436646689
217,337;415,75;144,293	321,363;26,410;331,336	268	1436646695
237,152;242,200;252,74	216,303;76,251;412,435	145	1436646701
356,215;425,276;115,264	438,235;293,291;374,19	281	1436646707
254,421;291,307;450,150	426,276;161,251;326,173	447	1436646712
398,474;21,332;153,380	398,474;21,332;153,380	2	1436646716
274,463;261,209;434,410	296,419;100,277;245,25	732	1436646723
483,84;50,74;415,78	217,271;437,17;477,237	988	1436646729
27,166;224,232;336,184	232,435;412,24;388,282	429	1436646735
281,293;134,442;28,68	465,65;460,417;54,188	384	1436646740
433,332;210,192;446,14	271,215;106,381;344,340	702	1436646747
115,317;220,111;313,259	116,203;54,278;128,271	755	1436646753
332,231;247,283;74,485	79,324;255,360;107,332	369	1436646757
486,420;466,135;48,26	328,162;306,433;195,280	712	1436646762
213,383;98,57;304,200	396,146;200,298;380,69	679	1436646767
348,115;438,274;26,142	452,276;177,463;171,118	610	1436646773
254,421;291,307;450,150	397,188;262,403;452,446	828	1436646781
434,46;256,333;263,59	311,71;418,298;48,144	649	1436646786
43,236;379,412;248,230	177,369;292,477;139,124	326	1436646791
35,425;89,233;175,236	398,77;272,372;24,396	106	1436646803
302,153;253,50;22,320	456,56;137,49;417,264	623	1436646808
447,454;173,308;101,236	386,50;391,220;150,164	781	1436646814
42,102;118,230;476,123	67,400;325,338;270,159	172	1436646823
149,207;426,247;34,439	162,414;445,136;19,34	471	1436646828
154,238;467,70;310,310	113,235;377,127;105,73	615	1436646837
428,58;228,125;188,159	394,444;260,383;184,211	431	1436646842
208,456;197,291;73,80	21,262;280,348;153,300	107	1436646849
163,62;52,204;431,228	480,287;134,112;67,348	192	1436646857
437,319;434,366;263,222	368,490;130,91;156,11	80	1436646862
44,216;18,283;221,415	392,114;155,307;11,153	355	1436646867
321,369;13,409;17,19	449,248;273,65;308,342	96	1436646878
428,58;228,125;188,159	309,415;211,281;42,118	620	1436646883
165,353;21,269;375,230	270,439;24,321;48,81	228	1436646887
14,381;248,59;194,65	391,116;112,331;325,21	665	1436646892
287,439;74,262;126,204	20,333;89,156;214,194	604	1436646899
165,353;21,269;375,230	111,428;196,53;385,419	167	1436646905
347,119;193,213;98,56	482,237;484,385;84,336	695	1436646910
23,28;369,459;24,30	266,197;451,377;218,169	614	1436646915
264,426;482,179;18,329	132,25;44,330;261,229	144	1436646921
347,119;193,213;98,56	32,64;144,296;377,326	692	1436646926
84,88;198,105;252,79	191,468;253,237;232,110	0	1436646931
288,255;363,115;201,424	218,147;238,86;159,281	344	1436646936
43,236;379,412;248,230	22,107;392,460;391,361	676	1436646940
16,42;318,315;118,80	236,169;446,463;30,471	927	1436646946
486,420;466,135;48,26	344,275;342,88;135,357	625	1436646952
106,64;466,431;23,193	182,351;82,472;412,191	935	1436646956
106,64;466,431;23,193	245,249;91,374;418,418	817	1436646962
149,207;426,247;34,439	161,285;404,363;448,288	558	1436646968
106,64;466,431;23,193	303,173;234,435;216,269	784	1436646973
230,215;196,217;337,298	382,194;172,135;397,252	1	1436646982
259,12;379,60;30,391	259,12;379,60;30,391	1	1436646988
165,353;21,269;375,230	348,478;69,193;183,338	340	1436646993
275,295;128,48;421,173	308,185;350,107;177,112	90	1436646998
333,414;105,206;131,489	488,282;29,281;320,353	755	1436647003
76,347;113,369;99,460	295,238;488,167;31,302	889	1436647008
380,204;304,39;187,259	319,265;452,462;178,466	783	1436647013
111,13;164,335;300,481	166,107;471,123;396,343	822	1436647018
395,287;467,308;414,224	439,160;476,397;25,329	168	1436647025
102,281;46,283;323,422	390,414;355,134;405,298	822	1436647029
196,412;444,339;304,208	118,228;254,121;358,419	554	1436647036
242,12;127,31;373,156	91,34;248,260;460,393	745	1436647042
472,215;100,255;419,377	252,259;480,265;396,82	765	1436647047
391,201;219,313;460,382	58,431;268,280;39,148	622	1436647055
196,412;444,339;304,208	484,406;48,243;201,62	369	1436647061
486,420;466,135;48,26	382,358;379,254;381,438	504	1436647069
35,425;89,233;175,236	197,258;450,389;152,164	551	1436647074
50,230;454,95;53,165	83,309;377,287;170,47	943	1436647080
70,165;430,387;381,404	66,199;13,178;400,482	151	1436647087
196,412;444,339;304,208	428,370;340,270;142,168	692	1436647094
442,72;382,370;455,357	95,391;382,202;82,152	803	1436647100
274,438;428,218;434,478	390,76;35,473;314,307	831	1436647106
199,300;62,129;239,115	475,58;277,326;483,447	363	1436647114
23,28;369,459;24,30	357,216;424,202;275,240	459	1436647120
38,204;164,211;288,406	451,301;306,319;205,340	413	1436647128
467,276;90,249;181,133	426,328;343,389;400,210	770	1436647134
480,200;18,58;163,93	145,310;203,121;66,489	426	1436647142
415,292;209,327;323,51	76,217;385,79;298,376	270	1436647153
187,192;263,30;40,425	71,279;49,278;302,173	646	1436647158
355,200;121,189;99,258	150,114;26,72;465,59	764	1436647163
95,424;213,481;367,250	107,485;469,93;210,462	573	1436647175
4E5x6P912