137	R	0.0.0.0	1436647066
86,169;120,216;436,399	144,391;208,137;457,168	673	1436647221
86,78;211,107;147,483	300,72;222,477;113,110	171	1436647233
42,319;93,132;46,412	429,92;312,197;119,197	737	1436647282
321,361;415,193;224,237	321,361;415,193;224,237	64	1436647291
213,263;455,213;370,59	177,372;447,44;475,193	390	1436647303
280,308;219,21;355,351	311,180;66,426;446,166	73	1436647316
144,140;310,173;282,24	78,319;266,312;261,202	391	1436647324
237,152;242,200;252,74	86,94;397,42;461,124	192	1436647341
115,72;67,147;76,253	313,42;395,107;187,189	777	1436647368
391,41;216,359;395,193	490,398;304,118;414,354	220	1436647413
289,168;87,464;57,220	172,31;395,82;24,404	296	1436647430
279,62;109,340;350,198	162,337;25,24;114,127	742	1436647451
163,216;333,451;54,330	134,13;140,144;415,334	450	1436647462
309,341;144,310;36,277	121,167;281,440;136,165	712	1436647471
140,440;401,193;204,362	489,52;141,443;396,232	200	1436647486
332,231;247,283;74,485	79,324;255,360;107,332	297	1436647495
398,474;21,332;153,380	398,474;21,332;153,380	0	1436647506
76,358;489,417;96,438	439,449;11,357;202,11	910	1436647514
400,258;404,13;28,153	481,404;92,381;169,70	117	1436647533
76,358;489,417;96,438	178,339;126,127;368,361	287	1436647544
472,215;100,255;419,377	41,190;181,113;311,263	126	1436647571
481,117;337,115;262,351	221,487;465,152;65,70	782	1436647583
35,425;89,233;175,236	148,179;26,271;370,483	932	1436647595
14,381;248,59;194,65	424,383;281,223;204,97	817	1436647606
288,255;363,115;201,424	384,290;136,414;17,440	889	1436647614
134,410;95,29;379,475	232,49;179,328;95,51	624	1436647625
450,488;437,127;22,141	225,408;402,218;79,291	809	1436647636
394,19;269,372;231,245	487,155;328,128;208,459	874	1436647643
163,62;52,204;431,228	340,185;30,269;257,117	159	1436647653
106,433;402,82;218,138	70,460;101,95;191,305	782	1436647660
27,166;224,232;336,184	194,182;247,23;380,410	750	1436647675
94,73;238,249;482,62	59,295;132,344;353,138	669	1436647684
215,192;480,472;474,272	384,62;246,336;212,76	859	1436647689
133,370;453,60;421,272	169,26;415,144;84,175	806	1436647698
460,478;252,489;20,253	483,72;384,328;421,216	222	1436647706
309,341;144,310;36,277	254,198;138,388;303,117	808	1436647712
76,358;489,417;96,438	172,99;287,173;225,36	127	1436647720
211,46;114,86;343,332	301,218;469,450;231,20	855	1436647727
452,198;239,54;313,426	165,240;464,34;376,184	925	1436647741
27,166;224,232;336,184	24,196;310,192;133,487	764	1436647750
178,99;11,313;378,48	468,200;186,433;485,423	752	1436647756
14,381;248,59;194,65	209,430;401,399;469,204	851	1436647761
436,397;257,297;167,38	203,94;471,37;286,58	156	1436647780
27,166;224,232;336,184	351,311;466,227;304,320	760	1436647785
106,64;466,431;23,193	143,310;193,274;212,142	206	1436647791
381,82;274,376;422,221	95,414;393,291;466,155	797	1436647801
451,398;119,210;123,346	92,14;22,83;241,478	794	1436647807
154,238;467,70;310,310	478,53;267,146;270,446	135	1436647812
436,397;257,297;167,38	107,70;311,122;359,458	197	1436647818
14,381;248,59;194,65	381,263;306,204;268,123	813	1436647833
434,46;256,333;263,59	328,78;358,397;455,363	792	1436647839
305,20;237,116;138,327	389,412;292,221;374,365	192	1436647844
361,351;363,67;427,305	387,468;402,231;136,294	838	1436647848
162,321;22,192;29,45	145,286;26,103;104,112	808	1436647854
428,58;228,125;188,159	286,83;471,280;40,395	816	1436647861
367,14;142,80;418,272	211,344;325,53;47,201	136	1436647868
367,14;142,80;418,272	432,332;86,278;351,146	776	1436647875
47,391;148,373;38,126	180,87;344,176;185,488	180	1436647880
254,421;291,307;450,150	426,276;161,251;326,173	821	1436647888
50,230;454,95;53,165	31,129;166,247;441,128	403	1436647895
52,26;29,219;430,354	260,254;424,125;76,137	739	1436647902
17,46;151,56;365,187	369,74;348,449;249,487	865	1436647911
196,412;444,339;304,208	24,282;236,128;118,312	716	1436647916
33,340;232,347;403,490	172,190;104,422;252,357	822	1436647922
328,478;105,100;94,196	398,431;365,487;295,163	836	1436647927
14,381;248,59;194,65	137,370;384,18;242,292	876	1436647934
364,51;285,186;307,431	167,178;272,140;344,249	319	1436647943
76,347;113,369;99,460	134,438;180,115;144,283	827	1436647960
347,119;193,213;98,56	36,36;334,213;207,357	802	1436647968
89,154;125,240;275,406	328,131;327,87;31,480	828	1436647977
464,170;464,383;201,17	140,188;64,63;453,345	188	1436647986
426,118;93,372;391,234	473,183;259,199;385,21	775	1436648002
76,347;113,369;99,460	107,360;310,258;434,249	761	1436648008
341,420;62,464;465,269	401,360;77,185;481,350	735	1436648013
154,238;467,70;310,310	194,253;463,425;144,169	233	1436648019
27,166;224,232;336,184	148,312;28,16;350,450	770	1436648031
165,353;21,269;375,230	15,297;329,167;490,51	732	1436648038
215,192;480,472;474,272	446,53;272,484;12,283	453	1436648046
391,201;219,313;460,382	58,431;268,280;39,148	377	1436648054
319,130;223,482;312,429	377,296;367,159;362,459	325	1436648063
77,378;218,284;101,337	248,310;217,325;107,404	726	1436648068
165,353;21,269;375,230	414,274;13,386;58,470	744	1436648075
27,166;224,232;336,184	276,129;262,35;89,393	708	1436648080
367,14;142,80;418,272	450,439;247,486;318,143	347	1436648089
90,423;62,361;169,336	443,345;272,229;181,265	718	1436648095
472,215;100,255;419,377	93,220;445,36;21,396	218	1436648101
81,305;170,352;100,55	279,412;124,429;468,158	277	1436648107
456,187;250,94;44,448	284,372;56,123;190,36	814	1436648111
419,475;306,335;396,328	306,200;13,248;454,309	735	1436648120
130,127;169,85;358,74	274,377;302,216;253,391	252	1436648127
77,378;218,284;101,337	103,455;86,189;474,130	261	1436648133
83,486;84,230;32,399	367,133;186,442;368,198	282	1436648140
47,391;148,373;38,126	142,172;312,26;359,426	672	1436648146
430,321;167,177;252,84	443,92;277,481;345,165	807	1436648151
294,255;46,185;278,176	295,313;93,288;67,188	854	1436648157
165,353;21,269;375,230	111,428;196,53;385,419	313	1436648162
67,215;473,407;217,122	464,311;452,37;149,224	746	1436648171
165,353;21,269;375,230	353,486;174,307;246,11	604	1436648182
242,307;222,412;123,230	381,394;267,248;95,393	788	1436648187
77,407;380,64;173,271	304,416;319,428;137,327	790	1436648192
50,312;460,337;35,192	50,312;460,337;35,192	27	1436648199
434,46;256,333;263,59	447,300;225,129;103,99	844	1436648204
253,271;43,388;246,120	307,19;458,88;261,412	151	1436648211
299,87;198,274;274,328	414,261;391,172;183,337	923	1436648216
216,14;470,443;286,332	204,22;294,369;36,54	879	1436648221
50,230;454,95;53,165	64,129;124,455;258,232	927	1436648226
44,216;18,283;221,415	325,65;249,391;164,231	933	1436648232
348,392;211,473;351,51	134,327;221,114;241,340	165	1436648237
50,230;454,95;53,165	429,399;383,172;453,372	221	1436648242
259,12;379,60;30,391	259,12;379,60;30,391	185	1436648250
237,152;242,200;252,74	287,446;430,487;237,462	165	1436648258
266,417;349,433;185,171	432,217;45,58;303,467	214	1436648263
196,412;444,339;304,208	47,220;276,365;376,276	218	1436648268
142,40;149,179;130,180	280,260;35,376;480,146	86	1436648274
437,319;434,366;263,222	279,423;131,321;418,99	342	1436648279
264,426;482,179;18,329	55,173;326,187;139,358	667	1436648286
339,393;429,169;235,235	490,350;197,247;173,472	222	1436648291
308,466;117,200;334,143	173,315;291,154;93,394	606	1436648296
478,141;384,422;149,464	220,77;132,206;151,142	248	1436648303
50,230;454,95;53,165	131,441;70,123;418,219	948	1436648308
404,477;120,330;443,490	279,140;449,364;283,113	293	1436648313
286,450;69,253;259,14	431,233;155,149;18,397	186	1436648321
43,236;379,412;248,230	438,401;86,242;320,373	311	1436648326
86,258;40,66;466,346	416,326;22,157;476,430	279	1436648341
24,85;404,22;13,124	288,311;185,186;362,360	176	1436648348
190,12;205,373;332,87	483,329;11,134;481,386	189	1436648353
142,464;402,211;168,411	450,334;273,76;102,33	785	1436648361
412,45;99,170;244,189	296,287;61,333;451,327	370	1436648366
357,120;299,18;342,387	446,85;104,398;380,114	193	1436648371
38,239;100,347;184,173	330,368;424,476;23,430	384	1436648376
347,119;193,213;98,56	436,290;127,227;312,164	736	1436648384
434,46;256,333;263,59	313,366;361,224;174,250	767	1436648389
246,242;158,43;404,373	139,72;107,428;459,196	730	1436648398
106,64;466,431;23,193	246,413;284,121;170,473	741	1436648415
264,426;482,179;18,329	142,455;452,149;490,134	748	1436648426
66,247;269,299;337,256	214,40;384,415;430,125	742	1436648432
2B4x8N427