137	L	0.0.0.0	1436646742
86,169;120,216;436,399	144,391;208,137;457,168	323	1436646872
86,78;211,107;147,483	300,72;222,477;113,110	32	1436646889
42,319;93,132;46,412	429,92;312,197;119,197	447	1436646902
321,361;415,193;224,237	321,361;415,193;224,237	0	1436646916
213,263;455,213;370,59	177,372;447,44;475,193	475	1436646932
280,308;219,21;355,351	311,180;66,426;446,166	655	1436646943
220,362;198,118;62,429	54,51;150,412;271,335	945	1436646954
429,386;132,306;26,69	256,274;44,94;316,310	1000	1436646965
30,91;139,376;373,470	394,477;186,259;16,449	899	1436646976
382,382;399,396;73,159	380,179;365,416;413,335	1000	1436646989
67,215;473,407;217,122	464,311;452,37;149,224	544	1436647002
328,478;105,100;94,196	56,150;150,125;441,263	446	1436647011
365,285;164,362;318,39	247,214;304,143;26,243	607	1436647020
196,412;444,339;304,208	210,295;357,401;244,242	746	1436647030
154,238;467,70;310,310	142,94;69,429;294,144	239	1436647040
213,68;66,331;300,78	467,140;332,112;18,302	603	1436647050
367,14;142,80;418,272	144,273;16,159;149,398	643	1436647071
23,28;369,459;24,30	26,394;14,141;176,167	1000	1436647080
287,268;26,408;462,414	95,455;230,180;324,31	995	1436647088
163,62;52,204;431,228	345,79;422,369;26,221	546	1436647099
27,166;224,232;336,184	396,105;463,302;203,340	777	1436647105
481,262;121,394;319,431	146,449;143,374;443,238	580	1436647111
47,391;148,373;38,126	487,109;308,427;478,292	716	1436647118
314,132;212,22;131,37	94,349;370,31;188,394	878	1436647125
148,272;164,108;103,201	173,13;140,13;25,100	658	1436647132
225,81;142,400;235,414	107,68;197,427;103,131	591	1436647139
366,215;227,116;189,160	193,115;463,306;482,296	819	1436647145
453,108;203,62;223,163	467,49;272,104;205,404	759	1436647152
451,398;119,210;123,346	403,127;411,488;473,20	619	1436647159
44,216;18,283;221,415	224,384;268,350;138,244	679	1436647166
419,40;334,89;211,353	52,367;363,174;336,125	759	1436647175
47,391;148,373;38,126	37,28;397,369;73,203	696	1436647182
254,421;291,307;450,150	397,188;262,403;452,446	926	1436647188
329,401;253,227;31,373	247,230;183,286;100,127	590	1436647195
163,62;52,204;431,228	162,301;376,328;127,57	174	1436647203
264,426;482,179;18,329	113,183;216,375;109,402	477	1436647212
439,479;314,286;38,166	209,334;455,191;136,226	549	1436647219
254,421;291,307;450,150	256,285;202,395;15,420	360	1436647229
94,322;203,172;357,266	149,449;374,197;125,11	320	1436647237
140,90;287,464;97,151	328,240;212,129;176,154	532	1436647245
43,236;379,412;248,230	95,359;295,255;39,154	356	1436647251
69,152;201,28;484,436	395,222;488,16;67,120	547	1436647260
73,416;413,487;260,342	74,353;453,83;358,60	772	1436647269
254,421;291,307;450,150	326,141;326,366;291,203	590	1436647278
106,64;466,431;23,193	78,463;33,465;429,236	624	1436647286
127,233;490,177;321,339	344,431;312,89;468,333	449	1436647292
209,54;293,85;208,379	441,469;358,397;431,118	270	1436647300
264,426;482,179;18,329	205,253;355,258;262,123	612	1436647311
391,41;216,359;395,193	28,108;59,261;380,311	523	1436647322
476,208;333,23;409,454	40,321;332,142;71,144	447	1436647336
107,285;152,322;92,204	196,24;209,109;373,380	891	1436647346
405,436;101,292;58,122	118,176;199,142;413,211	675	1436647354
23,28;369,459;24,30	219,251;21,346;344,191	393	1436647391
413,108;257,190;318,247	67,441;199,462;381,290	525	1436647398
259,224;47,487;283,155	306,353;284,315;155,223	375	1436647407
348,115;438,274;26,142	26,248;398,121;155,302	479	1436647414
44,216;18,283;221,415	342,417;74,421;90,266	467	1436647421
17,46;151,56;365,187	18,46;129,319;186,322	477	1436647428
288,255;363,115;201,424	174,229;431,149;307,184	373	1436647435
44,216;18,283;221,415	119,205;152,42;196,217	464	1436647441
289,168;87,464;57,220	172,31;395,82;24,404	305	1436647447
367,14;142,80;418,272	474,455;87,130;302,308	1000	1436647455
128,132;337,389;332,33	317,130;344,475;80,287	325	1436647462
264,426;482,179;18,329	130,86;440,186;292,319	375	1436647469
122,281;39,151;209,490	44,427;383,241;389,202	359	1436647476
200,324;143,436;428,343	89,200;461,354;33,224	786	1436647482
215,192;480,472;474,272	125,140;165,332;487,456	297	1436647495
149,207;426,247;34,439	366,119;403,248;378,490	468	1436647503
309,341;144,310;36,277	321,162;305,214;464,70	477	1436647509
426,423;260,418;118,450	289,164;416,251;183,103	379	1436647515
17,46;151,56;365,187	21,46;426,325;344,299	580	1436647521
40,325;29,222;83,120	162,325;429,416;132,419	647	1436647529
304,407;295,58;159,280	276,377;310,39;397,72	387	1436647535
364,32;62,161;383,238	119,62;373,207;152,268	185	1436647545
50,230;454,95;53,165	361,116;292,465;126,349	388	1436647551
385,469;45,140;415,440	300,452;484,236;224,304	643	1436647558
115,72;67,147;76,253	38,396;93,270;303,33	454	1436647566
348,115;438,274;26,142	121,288;237,434;356,435	592	1436647572
35,425;89,233;175,236	342,19;66,443;72,260	340	1436647578
490,119;49,104;145,447	181,439;292,409;159,235	698	1436647593
328,478;105,100;94,196	457,117;126,311;430,413	709	1436647602
434,46;256,333;263,59	117,94;365,315;237,13	94	1436647609
479,460;140,415;277,378	206,162;393,462;15,73	334	1436647616
436,397;257,297;167,38	466,411;136,45;233,46	319	1436647626
421,235;123,132;65,237	342,269;166,214;478,98	332	1436647633
117,133;483,158;488,243	373,435;442,323;407,231	633	1436647641
50,230;454,95;53,165	160,342;198,294;109,399	998	1436647649
253,29;278,316;281,393	206,467;208,358;237,87	48	1436647658
67,215;473,407;217,122	472,145;278,355;454,484	175	1436647668
46,386;200,316;17,387	41,298;315,281;162,277	99	1436647677
279,344;160,281;150,110	197,462;257,97;51,395	443	1436647685
13,484;125,87;389,447	144,104;215,333;427,308	471	1436647694
142,468;370,220;111,446	243,428;329,52;276,327	145	1436647701
114,26;479,109;395,243	65,380;47,244;460,373	208	1436647709
77,378;218,284;101,337	481,142;213,292;102,439	275	1436647717
237,152;242,200;252,74	242,321;49,203;85,259	401	1436647725
450,488;437,127;22,141	225,408;402,218;79,291	480	1436647740
76,358;489,417;96,438	125,213;356,409;484,58	426	1436647746
76,358;489,417;96,438	398,253;159,432;179,394	480	1436647754
17,46;151,56;365,187	274,158;266,436;245,144	309	1436647761
360,65;163,274;48,300	440,402;456,38;402,286	136	1436647772
50,312;460,337;35,192	50,312;460,337;35,192	38	1436647779
427,55;168,381;374,397	240,321;197,156;404,106	528	1436647787
80,114;109,236;381,48	444,479;302,135;112,484	698	1436647795
44,216;18,283;221,415	95,242;56,373;386,82	331	1436647802
381,321;487,486;49,203	29,452;352,49;79,278	173	1436647810
14,381;248,59;194,65	281,22;334,21;231,143	539	1436647819
302,153;253,50;22,320	426,312;254,290;354,16	349	1436647826
267,213;172,251;111,274	19,24;307,369;449,196	1000	1436647837
299,440;289,210;181,414	426,395;271,396;263,219	234	1436647844
393,261;194,422;317,169	369,110;167,365;46,240	270	1436647852
461,237;147,359;325,221	143,18;67,231;64,384	283	1436647860
244,54;408,274;59,21	45,181;230,428;344,63	454	1436647870
106,64;466,431;23,193	130,184;375,147;423,368	599	1436647878
259,12;379,60;30,391	259,12;379,60;30,391	3	1436647886
288,255;363,115;201,424	187,175;215,216;37,396	521	1436647893
109,330;82,457;356,328	369,244;122,373;294,112	180	1436647900
133,141;387,321;387,219	450,346;345,467;216,405	543	1436647909
94,322;203,172;357,266	261,488;333,161;445,213	336	1436647917
207,86;344,115;103,413	148,436;327,24;445,107	394	1436647927
215,192;480,472;474,272	446,53;272,484;12,283	481	1436647933
94,362;247,412;142,472	284,389;332,205;276,240	245	1436647944
348,115;438,274;26,142	335,398;408,247;11,251	172	1436647951
84,411;347,471;487,416	238,57;391,391;172,280	344	1436647958
472,473;177,324;281,143	247,106;418,223;346,377	427	1436647966
248,104;421,75;73,460	429,50;349,288;408,300	683	1436647978
27,166;224,232;336,184	449,326;241,228;433,196	532	1436647985
136,235;56,45;62,32	375,456;45,418;11,279	759	1436647992
461,159;403,470;38,306	460,26;300,384;305,185	666	1436647999
398,474;21,332;153,380	398,474;21,332;153,380	0	1436648008
300,478;335,362;272,352	233,424;155,12;355,225	474	1436648017
47,391;148,373;38,126	423,21;317,412;186,336	463	1436648025
215,192;480,472;474,272	116,112;465,42;445,182	214	1436648031
50,230;454,95;53,165	83,309;377,287;170,47	384	1436648038
106,64;466,431;23,193	182,351;82,472;412,191	574	1436648049
76,347;113,369;99,460	52,382;209,479;389,355	778	1436648058
5H6v9M431