136	L	0.0.0.0	1436646562
86,169;120,216;436,399	144,391;208,137;457,168	986	1436646677
86,78;211,107;147,483	300,72;222,477;113,110	410	1436646743
42,319;93,132;46,412	429,92;312,197;119,197	941	1436646755
321,361;415,193;224,237	321,361;415,193;224,237	0	1436646767
213,263;455,213;370,59	177,372;447,44;475,193	648	1436646782
280,308;219,21;355,351	311,180;66,426;446,166	549	1436646804
253,368;437,14;262,302	150,186;152,119;100,189	968	1436646814
76,347;113,369;99,460	107,360;310,258;434,249	876	1436646823
291,284;172,229;443,397	180,305;254,195;47,416	202	1436646830
56,165;350,184;51,232	306,413;200,148;41,329	852	1436646838
43,236;379,412;248,230	103,45;170,129;199,138	915	1436646844
47,235;395,273;181,369	137,133;168,422;334,209	163	1436646853
452,73;249,298;142,362	253,211;133,155;11,109	918	1436646869
89,383;336,248;463,374	350,309;323,54;245,196	178	1436646877
245,273;292,210;136,25	182,43;126,437;21,401	329	1436646887
490,260;18,429;394,189	486,421;384,404;267,325	906	1436646895
196,412;444,339;304,208	118,228;254,121;358,419	321	1436646901
411,41;59,322;112,267	139,165;385,304;441,473	963	1436646907
43,236;379,412;248,230	408,428;284,66;130,453	625	1436646913
419,257;464,191;276,14	356,56;409,470;226,202	343	1436646932
76,358;489,417;96,438	199,120;467,107;428,16	672	1436646938
132,375;263,217;217,424	254,335;365,130;377,162	986	1436646946
476,389;181,392;68,152	349,109;419,356;252,204	242	1436646972
480,200;18,58;163,93	463,383;229,231;173,103	897	1436647039
367,71;96,237;210,74	475,117;255,194;73,388	276	1436647045
436,397;257,297;167,38	450,342;443,484;15,381	705	1436647054
89,154;125,240;275,406	175,276;440,459;380,326	670	1436647059
38,326;94,255;266,301	375,267;194,61;87,130	372	1436647065
137,148;480,110;212,50	381,328;161,158;179,335	622	1436647071
35,425;89,233;175,236	72,245;460,130;328,230	822	1436647079
143,416;251,125;313,232	25,468;286,218;141,197	64	1436647092
77,378;218,284;101,337	448,466;472,322;244,107	877	1436647097
456,169;457,69;120,61	49,197;412,103;22,53	137	1436647103
464,104;203,129;99,433	489,32;412,294;375,484	996	1436647112
483,84;50,74;415,78	217,271;437,17;477,237	1000	1436647117
344,366;91,297;178,387	408,391;313,388;188,23	763	1436647124
246,56;352,469;423,189	227,70;403,91;371,326	354	1436647132
472,215;100,255;419,377	252,259;480,265;396,82	214	1436647139
17,46;151,56;365,187	120,465;247,323;490,300	227	1436647146
417,459;436,439;37,319	95,293;42,185;130,322	935	1436647155
472,215;100,255;419,377	360,49;468,314;154,388	255	1436647161
56,362;170,211;301,300	393,61;455,232;274,429	324	1436647166
215,192;480,472;474,272	220,379;309,86;253,193	982	1436647171
209,383;61,43;158,83	186,34;366,308;229,26	691	1436647177
286,450;69,253;259,14	431,233;155,149;18,397	52	1436647184
83,486;84,230;32,399	376,70;253,281;124,161	713	1436647192
426,309;474,137;26,222	140,395;190,74;350,253	162	1436647198
472,215;100,255;419,377	52,254;377,412;291,260	258	1436647204
17,46;151,56;365,187	18,46;129,319;186,322	286	1436647213
50,230;454,95;53,165	83,309;377,287;170,47	941	1436647217
154,238;467,70;310,310	373,352;411,206;80,47	116	1436647224
337,274;246,466;448,485	406,454;347,218;92,304	79	1436647230
155,98;302,281;101,263	214,134;113,267;347,460	246	1436647237
303,35;184,94;253,404	448,108;49,103;317,466	687	1436647242
472,215;100,255;419,377	394,61;291,230;96,221	319	1436647247
149,207;426,247;34,439	63,31;114,112;72,334	797	1436647252
436,397;257,297;167,38	411,67;428,200;296,189	754	1436647259
232,450;479,56;58,230	477,184;305,142;463,309	926	1436647267
132,372;462,375;38,274	195,174;342,382;437,125	359	1436647274
196,412;444,339;304,208	114,146;47,299;333,219	67	1436647292
115,72;67,147;76,253	38,396;93,270;303,33	693	1436647298
391,333;115,44;465,145	172,389;403,152;60,146	255	1436647303
76,347;113,369;99,460	295,238;488,167;31,302	988	1436647309
478,489;308,238;358,217	263,122;280,462;266,317	836	1436647315
44,216;18,283;221,415	342,417;74,421;90,266	326	1436647320
77,378;218,284;101,337	367,347;275,14;199,42	829	1436647324
437,319;434,366;263,222	280,393;274,405;368,266	995	1436647329
232,355;40,419;462,92	444,153;223,419;84,305	739	1436647334
83,486;84,230;32,399	367,133;186,442;368,198	345	1436647344
428,58;228,125;188,159	378,407;143,456;43,47	974	1436647370
254,421;291,307;450,150	240,251;225,405;473,202	886	1436647375
367,14;142,80;418,272	483,322;433,475;194,109	330	1436647380
322,71;409,323;67,452	439,414;39,315;331,423	931	1436647384
486,420;466,135;48,26	235,396;75,360;131,101	171	1436647389
154,238;467,70;310,310	194,253;463,425;144,169	829	1436647394
76,358;489,417;96,438	57,53;344,307;414,106	798	1436647402
21,159;433,409;377,176	155,263;234,448;348,67	140	1436647409
67,215;473,407;217,122	464,311;452,37;149,224	345	1436647416
237,152;242,200;252,74	242,321;49,203;85,259	288	1436647423
266,481;284,70;235,307	97,408;105,245;454,49	266	1436647428
17,46;151,56;365,187	96,355;221,309;331,41	668	1436647434
264,310;469,115;174,230	359,93;483,418;329,425	125	1436647438
307,55;409,378;384,271	173,189;59,85;453,415	219	1436647448
259,12;379,60;30,391	259,12;379,60;30,391	0	1436647456
428,58;228,125;188,159	382,395;54,111;396,417	935	1436647464
480,38;252,384;356,117	334,457;74,299;485,465	108	1436647474
37,97;198,440;305,16	92,261;428,95;368,442	197	1436647482
50,230;454,95;53,165	354,143;169,180;116,263	904	1436647504
428,58;228,125;188,159	417,333;136,225;337,318	118	1436647514
288,255;363,115;201,424	38,438;474,40;150,427	1000	1436647525
437,184;178,47;327,275	465,38;272,65;289,38	894	1436647531
47,391;148,373;38,126	142,172;312,26;359,426	191	1436647537
451,398;119,210;123,346	228,177;451,61;83,481	885	1436647543
391,41;216,359;395,193	28,89;377,167;33,212	696	1436647553
154,238;467,70;310,310	442,224;325,391;166,115	160	1436647558
347,119;193,213;98,56	399,355;86,219;89,417	205	1436647566
447,454;173,308;101,236	386,50;391,220;150,164	963	1436647575
447,232;88,373;441,389	395,299;301,98;309,73	965	1436647580
17,46;151,56;365,187	403,436;253,389;439,314	788	1436647586
35,425;89,233;175,236	429,145;187,116;74,336	380	1436647593
98,206;379,52;379,157	479,169;338,341;58,46	318	1436647599
359,211;202,311;189,66	396,452;350,317;198,395	109	1436647605
419,197;116,277;249,57	326,456;336,393;46,105	878	1436647632
83,486;84,230;32,399	458,175;256,69;432,66	316	1436647639
457,19;206,405;63,247	56,481;275,293;451,355	353	1436647646
215,423;246,291;314,448	129,375;369,247;197,399	358	1436647652
181,424;87,380;207,148	180,433;291,178;276,241	911	1436647657
398,474;21,332;153,380	398,474;21,332;153,380	0	1436647663
33,340;232,347;403,490	172,190;104,422;252,357	359	1436647671
367,14;142,80;418,272	474,455;87,130;302,308	1000	1436647676
38,239;100,347;184,173	330,368;424,476;23,430	301	1436647681
83,486;84,230;32,399	243,416;388,300;221,291	628	1436647686
281,293;134,442;28,68	62,96;62,35;31,196	855	1436647692
331,330;347,213;57,141	140,408;426,465;166,159	322	1436647698
426,423;260,418;118,450	76,100;136,375;102,250	148	1436647705
145,357;308,455;337,22	87,29;411,177;460,47	131	1436647710
165,353;21,269;375,230	111,428;196,53;385,419	632	1436647715
451,398;119,210;123,346	429,213;257,228;13,413	328	1436647724
244,342;60,435;47,354	457,474;160,187;265,341	791	1436647729
76,358;489,417;96,438	125,213;356,409;484,58	898	1436647734
163,62;52,204;431,228	340,185;30,269;257,117	304	1436647740
272,210;70,139;335,222	395,276;179,240;244,11	982	1436647746
43,236;379,412;248,230	95,359;295,255;39,154	338	1436647751
192,294;487,314;461,215	90,255;155,402;336,48	345	1436647757
120,474;143,446;38,203	411,69;124,298;244,424	824	1436647763
250,328;277,380;380,270	57,349;71,189;406,447	815	1436647767
94,322;203,172;357,266	483,421;108,268;103,322	798	1436647776
436,397;257,297;167,38	188,179;126,406;37,85	254	1436647781
23,28;369,459;24,30	266,197;451,377;218,169	303	1436647787
50,230;454,95;53,165	254,476;446,66;482,67	212	1436647792
50,312;460,337;35,192	50,312;460,337;35,192	9	1436647805
25,405;103,152;313,202	113,367;326,294;187,445	301	1436647812
237,152;242,200;252,74	366,271;477,180;246,285	273	1436647818
298,458;242,174;180,300	61,129;201,236;442,264	696	1436647824
61,109;258,190;228,198	452,149;204,239;14,338	887	1436647832
1C7y5N837