136	R	0.0.0.0	1436654067
86,169;120,216;436,399	144,391;208,137;457,168	1000	1436654164
86,78;211,107;147,483	300,72;222,477;113,110	0	1436654178
42,319;93,132;46,412	429,92;312,197;119,197	0	1436654193
321,361;415,193;224,237	321,361;415,193;224,237	0	1436654199
213,263;455,213;370,59	177,372;447,44;475,193	205	1436654210
280,308;219,21;355,351	311,180;66,426;446,166	0	1436654215
217,239;383,377;410,29	335,25;104,191;75,12	107	1436654221
441,100;406,185;394,397	320,50;256,279;341,136	0	1436654226
262,392;437,481;20,90	311,340;228,409;355,391	136	1436654238
348,115;438,274;26,142	148,60;277,120;351,470	1000	1436654245
398,474;21,332;153,380	398,474;21,332;153,380	0	1436654249
44,216;18,283;221,415	306,259;16,156;377,76	1000	1436654256
436,397;257,297;167,38	217,132;336,191;419,213	1000	1436654260
38,326;94,255;266,301	375,267;194,61;87,130	1000	1436654269
35,425;89,233;175,236	286,143;24,265;232,72	1000	1436654276
430,321;167,177;252,84	209,252;147,279;486,355	1000	1436654282
50,312;460,337;35,192	50,312;460,337;35,192	0	1436654287
329,401;253,227;31,373	247,230;183,286;100,127	0	1436654298
27,166;224,232;336,184	141,298;458,262;286,168	11	1436654305
27,166;224,232;336,184	232,435;412,24;388,282	1000	1436654314
154,238;467,70;310,310	130,230;295,35;189,143	0	1436654330
408,283;146,55;304,402	284,180;266,261;347,348	1000	1436654338
76,358;489,417;96,438	57,53;344,307;414,106	1000	1436654344
462,258;433,279;482,319	181,355;135,378;96,443	1000	1436654350
157,434;344,194;26,489	58,58;29,71;227,476	1000	1436654355
347,119;193,213;98,56	145,264;197,174;415,485	1000	1436654361
197,292;450,382;143,244	450,407;274,467;344,418	1000	1436654365
480,412;455,122;425,314	11,187;474,330;332,416	1000	1436654371
163,62;52,204;431,228	136,412;288,476;286,31	89	1436654376
76,347;113,369;99,460	273,104;214,87;122,290	277	1436654384
237,152;242,200;252,74	200,340;404,309;309,164	1000	1436654389
47,391;148,373;38,126	131,433;171,48;216,219	1000	1436654397
76,314;471,20;263,186	395,41;46,381;61,415	1000	1436654401
160,481;240,242;229,445	105,441;271,109;56,434	1000	1436654405
266,417;349,433;185,171	432,217;45,58;303,467	147	1436654412
340,30;42,217;206,132	433,98;479,239;373,159	993	1436654417
396,29;378,99;240,141	220,409;277,403;301,156	1000	1436654430
83,486;84,230;32,399	83,359;370,412;268,322	0	1436654436
451,398;119,210;123,346	92,14;22,83;241,478	1000	1436654442
367,14;142,80;418,272	354,423;124,432;71,95	1000	1436654449
165,353;21,269;375,230	353,486;174,307;246,11	1000	1436654453
480,200;18,58;163,93	29,188;14,85;141,76	1000	1436654457
451,398;119,210;123,346	140,209;48,369;404,207	1000	1436654463
326,304;449,454;98,346	459,136;231,194;140,412	0	1436654467
134,338;22,407;26,111	363,17;207,118;453,451	0	1436654472
40,488;398,229;233,412	285,384;291,90;268,187	0	1436654480
257,79;44,47;465,358	359,68;262,342;249,77	1000	1436654487
95,121;198,52;123,90	181,108;330,332;28,147	1000	1436654491
114,26;479,109;395,243	65,380;47,244;460,373	1000	1436654498
136,446;210,186;172,266	403,264;304,105;472,248	997	1436654512
468,284;463,177;198,227	174,370;320,35;119,159	1000	1436654516
155,98;302,281;101,263	214,134;113,267;347,460	1000	1436654520
176,459;112,57;358,106	45,425;33,479;286,135	1000	1436654525
131,57;314,372;358,369	246,237;107,156;337,404	1000	1436654529
35,425;89,233;175,236	192,206;160,224;345,388	124	1436654534
451,398;119,210;123,346	94,52;344,367;297,234	1000	1436654541
34,238;481,41;459,54	447,77;471,46;343,195	1000	1436654545
154,238;467,70;310,310	270,191;374,437;354,220	29	1436654550
36,339;189,422;52,125	215,211;354,473;474,203	552	1436654556
115,72;67,147;76,253	362,101;43,361;426,71	1000	1436654564
391,41;216,359;395,193	448,286;362,347;456,54	1000	1436654568
264,426;482,179;18,329	55,173;326,187;139,358	1000	1436654587
429,386;132,306;26,69	256,274;44,94;316,310	999	1436654599
259,12;379,60;30,391	259,12;379,60;30,391	1	1436654606
106,64;466,431;23,193	210,241;300,108;298,460	996	1436654611
154,238;467,70;310,310	351,475;217,366;314,76	0	1436654619
94,322;203,172;357,266	424,385;364,404;472,334	997	1436654626
434,46;256,333;263,59	108,74;124,461;411,286	998	1436654631
467,60;162,140;412,469	49,445;24,259;248,304	0	1436654635
142,468;370,220;111,446	243,428;329,52;276,327	996	1436654639
365,285;164,362;318,39	247,214;304,143;26,243	999	1436654644
76,347;113,369;99,460	268,45;71,91;72,255	998	1436654649
17,46;151,56;365,187	402,427;51,427;54,191	997	1436654654
77,378;218,284;101,337	238,232;57,141;138,293	1000	1436654659
423,130;144,393;405,225	52,28;86,55;141,269	0	1436654664
165,353;21,269;375,230	111,428;196,53;385,419	1000	1436654671
165,353;21,269;375,230	21,15;347,50;209,320	1000	1436654677
56,486;275,94;235,264	441,359;244,113;247,23	199	1436654683
76,347;113,369;99,460	76,401;54,469;159,421	998	1436654688
115,72;67,147;76,253	203,208;201,245;27,309	1000	1436654692
50,230;454,95;53,165	380,87;440,468;197,363	1000	1436654698
95,19;170,215;33,180	418,200;319,324;75,475	996	1436654703
25,476;254,234;278,133	413,341;329,315;17,137	997	1436654707
276,47;212,373;185,261	472,192;213,388;413,106	995	1436654714
43,236;379,412;248,230	255,447;252,197;285,190	1000	1436654718
289,484;416,456;380,350	467,323;62,234;348,192	1000	1436654722
472,215;100,255;419,377	363,112;143,353;198,166	997	1436654727
27,166;224,232;336,184	396,329;173,243;458,82	1000	1436654731
417,459;436,439;37,319	95,293;42,185;130,322	1000	1436654736
35,425;89,233;175,236	76,438;258,66;200,446	1000	1436654740
253,368;437,14;262,302	150,186;152,119;100,189	1000	1436654744
281,293;134,442;28,68	28,184;489,71;236,74	997	1436654748
76,347;113,369;99,460	387,255;356,110;348,35	998	1436654753
426,423;260,418;118,450	363,384;200,50;293,279	1000	1436654759
50,230;454,95;53,165	296,214;149,370;98,469	1000	1436654765
259,224;47,487;283,155	306,353;284,315;155,223	1000	1436654769
94,322;203,172;357,266	223,330;48,29;377,70	0	1436654774
98,26;446,333;364,178	243,149;79,437;122,86	1000	1436654778
448,116;148,189;248,384	81,172;41,199;214,297	1000	1436654783
302,153;253,50;22,320	105,76;489,316;217,303	1000	1436654787
347,119;193,213;98,56	420,258;59,405;234,482	1000	1436654792
386,391;20,184;258,12	481,446;170,462;305,76	0	1436654797
245,273;292,210;136,25	182,43;126,437;21,401	0	1436654801
99,276;44,352;63,461	124,230;180,247;47,449	1000	1436654805
347,119;193,213;98,56	482,237;484,385;84,336	1000	1436654809
222,87;30,28;480,77	230,164;437,486;203,346	1000	1436654813
295,406;425,445;73,468	420,218;39,438;49,478	1000	1436654818
439,479;152,317;160,243	111,77;304,437;262,98	1000	1436654822
153,463;432,51;459,380	463,139;448,72;208,206	1000	1436654827
391,41;216,359;395,193	204,23;373,429;366,190	0	1436654832
149,207;426,247;34,439	289,142;128,288;481,453	1000	1436654836
115,72;67,147;76,253	362,259;333,241;426,113	1000	1436654841
379,378;451,158;199,127	366,101;95,153;154,489	0	1436654845
467,276;90,249;181,133	426,328;343,389;400,210	1000	1436654849
254,421;291,307;450,150	314,237;450,147;69,272	1000	1436654853
106,300;329,335;344,151	489,300;45,178;318,177	1000	1436654858
472,215;100,255;419,377	447,156;318,193;194,122	1000	1436654862
336,289;102,247;285,196	316,79;326,481;199,283	0	1436654876
35,425;89,233;175,236	148,179;26,271;370,483	0	1436654882
43,370;94,390;461,448	370,198;312,235;389,158	1000	1436654887
50,230;454,95;53,165	83,309;377,287;170,47	1000	1436654891
94,322;203,172;357,266	273,17;483,117;338,145	0	1436654896
77,378;218,284;101,337	367,347;275,14;199,42	1000	1436654901
43,236;379,412;248,230	294,258;469,379;215,250	0	1436654906
355,328;11,267;416,106	224,356;478,467;280,332	1000	1436654911
361,351;363,67;427,305	277,89;341,423;84,390	999	1436654915
428,58;228,125;188,159	286,83;471,280;40,395	1000	1436654919
338,473;283,193;282,329	459,226;363,327;285,116	1000	1436654923
219,444;284,74;293,226	464,468;262,354;113,443	0	1436654928
149,207;426,247;34,439	446,344;196,57;360,144	0	1436654933
254,421;291,307;450,150	400,187;99,90;188,171	3	1436654940
391,41;216,359;395,193	39,288;150,443;150,125	998	1436654944
254,421;291,307;450,150	111,358;401,137;199,435	1000	1436654948
289,447;355,334;405,444	23,385;140,63;483,150	0	1436654955
306,23;165,490;189,173	226,489;440,88;380,246	0	1436654961
5B5x6K558