136	R	0.0.0.0	1436646761
86,169;120,216;436,399	144,391;208,137;457,168	897	1436646835
86,78;211,107;147,483	300,72;222,477;113,110	70	1436646842
42,319;93,132;46,412	429,92;312,197;119,197	709	1436646853
321,361;415,193;224,237	321,361;415,193;224,237	0	1436646862
213,263;455,213;370,59	177,372;447,44;475,193	597	1436646873
280,308;219,21;355,351	311,180;66,426;446,166	549	1436646881
237,152;242,200;252,74	45,379;103,322;384,233	690	1436646891
428,58;228,125;188,159	394,444;260,383;184,211	657	1436646898
198,254;298,311;401,489	450,168;65,380;450,239	670	1436646907
254,421;291,307;450,150	240,251;225,405;473,202	874	1436646927
194,289;268,331;157,102	66,242;278,13;146,15	715	1436646934
217,239;383,377;410,29	335,25;104,191;75,12	691	1436646945
451,398;119,210;123,346	270,459;134,441;342,280	811	1436646951
344,174;14,233;227,177	362,388;314,98;241,76	690	1436646958
472,215;100,255;419,377	21,251;167,161;461,391	594	1436646964
428,58;228,125;188,159	227,105;212,192;410,489	483	1436646970
106,64;466,431;23,193	140,268;478,113;83,61	589	1436646977
398,474;21,332;153,380	398,474;21,332;153,380	11	1436646988
106,64;466,431;23,193	182,351;82,472;412,191	796	1436646995
281,293;134,442;28,68	127,43;220,323;459,25	577	1436647021
254,421;291,307;450,150	133,332;183,468;179,477	686	1436647028
434,261;375,306;396,198	28,364;457,209;472,231	889	1436647035
153,76;47,35;65,273	72,153;395,129;394,32	561	1436647042
43,236;379,412;248,230	288,191;458,362;476,58	594	1436647048
451,398;119,210;123,346	411,400;184,478;202,282	628	1436647054
154,238;467,70;310,310	164,230;396,390;146,112	684	1436647064
404,466;432,110;168,45	211,430;364,38;78,164	559	1436647069
361,351;363,67;427,305	60,425;164,441;376,37	753	1436647075
437,319;434,366;263,222	186,298;306,383;136,197	320	1436647080
357,48;366,331;359,287	217,378;35,163;334,198	952	1436647086
300,478;335,362;272,352	233,424;155,12;355,225	316	1436647092
363,136;200,405;255,458	168,176;292,273;88,78	846	1436647097
89,154;125,240;275,406	447,302;78,387;441,374	859	1436647103
49,32;361,67;69,157	62,148;255,128;268,323	807	1436647109
93,375;455,216;362,362	227,382;37,430;166,488	263	1436647115
253,392;213,333;459,469	378,413;144,317;367,460	246	1436647120
348,115;438,274;26,142	110,206;186,379;144,373	713	1436647127
215,192;480,472;474,272	476,379;317,83;278,292	80	1436647132
165,353;21,269;375,230	22,437;67,61;457,447	720	1436647138
287,439;74,262;126,204	20,333;89,156;214,194	344	1436647144
41,127;285,139;352,176	61,201;125,230;220,234	265	1436647150
325,127;61,12;38,369	392,217;302,129;333,407	291	1436647155
215,192;480,472;474,272	233,312;158,298;239,63	597	1436647164
111,81;245,377;443,191	60,406;315,13;324,334	600	1436647169
430,321;167,177;252,84	188,406;260,434;66,267	558	1436647175
47,391;148,373;38,126	436,490;351,295;146,246	597	1436647180
89,154;125,240;275,406	382,268;464,29;226,430	667	1436647185
110,311;412,270;173,22	56,367;227,180;434,331	344	1436647192
16,42;318,315;118,80	236,169;446,463;30,471	946	1436647198
472,215;100,255;419,377	61,477;227,111;78,165	892	1436647206
37,199;83,217;133,28	135,488;348,464;161,15	342	1436647221
437,319;434,366;263,222	379,89;432,273;300,217	735	1436647227
465,384;275,345;281,246	35,320;468,130;344,288	721	1436647234
259,12;379,60;30,391	259,12;379,60;30,391	0	1436647240
23,28;369,459;24,30	479,97;465,95;79,92	397	1436647255
437,319;434,366;263,222	38,265;63,229;168,153	573	1436647260
412,45;99,170;244,189	296,287;61,333;451,327	430	1436647265
334,175;30,443;201,65	126,444;176,284;71,16	625	1436647272
154,238;467,70;310,310	21,280;357,68;284,308	229	1436647278
426,423;260,418;118,450	363,384;200,50;293,279	251	1436647284
461,30;449,159;411,277	348,263;93,232;179,250	211	1436647290
41,291;277,476;147,331	381,110;251,40;107,46	249	1436647298
154,238;467,70;310,310	83,275;124,326;314,114	418	1436647304
398,426;355,402;317,366	460,31;16,146;108,437	801	1436647310
418,339;165,412;331,453	459,15;208,311;428,377	375	1436647315
476,208;333,23;409,454	40,321;332,142;71,144	607	1436647323
289,438;28,139;41,283	278,306;45,295;191,355	700	1436647329
381,321;487,486;49,203	29,452;352,49;79,278	247	1436647334
23,28;369,459;24,30	219,251;21,346;344,191	323	1436647339
215,192;480,472;474,272	33,211;329,149;316,463	366	1436647345
115,72;67,147;76,253	128,27;398,237;363,246	756	1436647350
400,258;404,13;28,153	481,404;92,381;169,70	141	1436647355
391,41;216,359;395,193	178,256;190,464;316,57	366	1436647363
27,166;224,232;336,184	232,435;412,24;388,282	677	1436647377
69,152;201,28;484,436	395,222;488,16;67,120	579	1436647390
364,292;84,412;177,324	386,485;446,419;400,459	394	1436647395
343,437;278,351;412,243	218,121;48,337;331,345	766	1436647401
207,358;310,351;298,229	219,344;80,52;125,298	729	1436647406
309,341;144,310;36,277	115,116;55,50;344,379	269	1436647412
220,362;198,118;62,429	54,51;150,412;271,335	688	1436647419
244,161;188,223;368,245	62,294;125,93;32,246	321	1436647424
414,279;234,378;327,128	420,481;171,363;286,93	270	1436647433
50,230;454,95;53,165	368,254;76,181;451,213	95	1436647442
273,91;379,471;397,464	340,451;447,445;51,204	187	1436647448
27,166;224,232;336,184	24,196;310,192;133,487	729	1436647497
251,365;443,328;291,105	35,415;307,445;348,134	349	1436647539
149,207;426,247;34,439	366,119;403,248;378,490	772	1436647545
53,120;250,58;258,141	78,200;389,38;129,336	473	1436647551
50,312;460,337;35,192	50,312;460,337;35,192	22	1436647557
390,258;169,383;73,302	245,73;389,266;148,324	780	1436647566
347,119;193,213;98,56	27,489;58,320;37,325	735	1436647571
163,62;52,204;431,228	351,144;51,462;425,394	570	1436647577
204,489;143,109;260,195	327,433;110,426;43,282	725	1436647583
264,426;482,179;18,329	364,332;79,364;347,155	310	1436647589
74,248;95,41;316,390	21,358;398,387;206,210	286	1436647594
235,310;109,428;57,128	151,198;91,194;143,204	734	1436647603
264,310;469,115;174,230	359,93;483,418;329,425	718	1436647609
476,259;226,317;404,254	338,461;131,105;67,151	773	1436647618
35,425;89,233;175,236	484,395;14,138;127,421	772	1436647626
11,134;385,226;424,132	231,348;223,231;148,350	771	1436647632
215,192;480,472;474,272	220,379;309,86;253,193	818	1436647637
219,444;284,74;293,226	464,468;262,354;113,443	770	1436647645
227,312;425,15;356,99	143,243;249,252;190,157	841	1436647650
485,183;350,205;317,228	314,360;259,150;232,297	843	1436647655
51,59;484,306;144,45	241,114;45,398;281,17	447	1436647662
291,391;115,291;366,15	421,11;424,314;321,359	329	1436647667
154,238;467,70;310,310	142,94;69,429;294,144	116	1436647673
89,154;125,240;275,406	159,130;324,455;152,185	66	1436647679
254,421;291,307;450,150	465,26;130,363;332,126	256	1436647686
163,62;52,204;431,228	390,263;97,122;362,97	273	1436647693
14,381;248,59;194,65	301,128;176,120;343,66	854	1436647698
76,358;489,417;96,438	220,280;459,37;441,371	763	1436647703
481,440;192,366;278,309	154,420;343,225;238,361	784	1436647708
98,206;379,52;379,157	479,169;338,341;58,46	335	1436647715
50,230;454,95;53,165	204,363;172,466;209,314	831	1436647723
338,473;283,193;282,329	459,226;363,327;285,116	805	1436647729
165,353;21,269;375,230	270,439;24,321;48,81	782	1436647740
29,336;149,288;145,476	460,177;225,101;103,411	314	1436647746
13,192;425,270;319,446	394,262;208,481;137,199	229	1436647751
373,253;316,203;185,435	110,83;147,464;124,448	818	1436647756
372,26;122,227;271,268	293,78;48,326;324,271	245	1436647773
44,216;18,283;221,415	306,259;16,156;377,76	564	1436647778
323,109;284,17;198,117	93,247;407,318;459,177	733	1436647783
288,255;363,115;201,424	218,147;238,86;159,281	201	1436647789
148,272;164,108;103,201	173,13;140,13;25,100	830	1436647795
276,452;445,420;162,325	347,398;15,60;481,302	322	1436647801
149,207;426,247;34,439	173,417;172,254;480,287	285	1436647808
339,393;429,169;235,235	490,350;197,247;173,472	446	1436647813
279,344;160,281;150,110	197,462;257,97;51,395	330	1436647819
77,378;218,284;101,337	238,162;154,330;398,429	719	1436647825
450,488;437,127;22,141	225,408;402,218;79,291	400	1436647830
143,60;371,32;108,276	219,21;324,129;305,278	618	1436647835
14,295;274,190;417,65	64,18;430,190;162,216	643	1436647842
76,358;489,417;96,438	114,58;223,125;45,359	267	1436647847
76,347;113,369;99,460	80,361;99,376;316,440	745	1436647853
4G5y5M747