137	R	0.0.0.0	1436646205
86,169;120,216;436,399	144,391;208,137;457,168	999	1436646325
86,78;211,107;147,483	300,72;222,477;113,110	426	1436646364
42,319;93,132;46,412	429,92;312,197;119,197	801	1436646380
321,361;415,193;224,237	321,361;415,193;224,237	0	1436646391
213,263;455,213;370,59	177,372;447,44;475,193	901	1436646404
280,308;219,21;355,351	311,180;66,426;446,166	169	1436646420
63,306;109,408;252,381	258,197;124,95;53,171	300	1436646437
77,378;218,284;101,337	477,307;194,250;358,285	997	1436646449
15,141;480,432;353,450	253,188;17,126;395,131	924	1436646455
259,12;379,60;30,391	259,12;379,60;30,391	0	1436646467
454,425;184,321;428,216	404,205;257,87;114,358	572	1436646482
486,420;466,135;48,26	235,396;75,360;131,101	738	1436646490
76,358;489,417;96,438	75,348;128,448;124,306	928	1436646496
140,364;396,396;270,149	226,362;39,57;390,14	222	1436646505
265,372;156,399;97,287	76,140;119,257;314,411	900	1436646510
300,232;230,83;30,223	60,209;170,421;211,15	399	1436646520
365,374;294,44;213,431	350,330;59,224;357,126	733	1436646527
328,478;105,100;94,196	463,420;62,94;128,201	83	1436646542
347,119;193,213;98,56	333,345;143,109;212,31	771	1436646547
132,173;72,359;17,327	359,401;198,198;149,341	903	1436646554
106,64;466,431;23,193	245,249;91,374;418,418	910	1436646560
391,41;216,359;395,193	28,108;59,261;380,311	43	1436646572
196,412;444,339;304,208	208,28;464,305;73,257	69	1436646581
257,356;335,18;354,345	55,59;58,90;405,177	965	1436646586
459,123;309,420;219,404	482,84;219,130;416,54	161	1436646593
99,128;43,391;145,125	287,159;307,208;415,212	994	1436646602
61,390;178,474;395,193	254,17;426,387;138,268	890	1436646610
217,337;415,75;144,293	321,363;26,410;331,336	983	1436646618
208,456;197,291;73,80	21,262;280,348;153,300	990	1436646631
77,378;218,284;101,337	103,455;86,189;474,130	989	1436646640
50,230;454,95;53,165	266,395;327,45;421,460	114	1436646647
482,474;66,126;358,173	303,182;130,226;425,352	70	1436646654
248,388;417,384;69,239	106,377;346,423;326,17	961	1436646662
43,236;379,412;248,230	174,57;99,482;428,257	666	1436646674
149,207;426,247;34,439	44,332;170,113;432,213	3	1436646692
291,115;371,443;379,409	326,309;66,394;76,366	0	1436646700
434,46;256,333;263,59	306,487;124,463;57,109	292	1436646709
215,192;480,472;474,272	149,489;64,375;35,420	899	1436646715
44,216;18,283;221,415	357,142;452,122;401,340	673	1436646722
272,218;197,336;235,213	410,55;464,68;489,423	239	1436646729
163,62;52,204;431,228	162,466;252,98;17,105	901	1436646734
25,366;463,113;459,357	216,130;125,370;129,303	1000	1436646739
305,104;59,376;250,409	438,169;219,69;386,479	1000	1436646743
95,473;396,76;98,68	141,87;489,421;219,437	571	1436646750
117,234;296,410;462,435	22,179;13,319;15,166	1000	1436646755
264,426;482,179;18,329	353,353;15,483;460,26	614	1436646766
331,363;167,84;478,185	290,437;88,191;427,114	451	1436646774
35,425;89,233;175,236	174,419;413,418;183,127	868	1436646781
359,211;202,311;189,66	396,452;350,317;198,395	121	1436646787
355,396;14,459;13,254	166,173;406,412;33,409	691	1436646794
163,62;52,204;431,228	472,357;100,166;434,405	962	1436646798
50,312;460,337;35,192	50,312;460,337;35,192	0	1436646804
367,14;142,80;418,272	157,460;102,74;394,454	960	1436646814
293,181;277,233;96,273	247,176;215,64;399,292	105	1436646822
342,50;431,160;14,278	178,172;193,348;141,142	437	1436646827
430,321;167,177;252,84	425,118;242,360;380,468	673	1436646833
86,258;40,66;466,346	416,326;22,157;476,430	315	1436646844
23,28;369,459;24,30	357,216;424,202;275,240	796	1436646854
447,232;88,373;441,389	395,299;301,98;309,73	962	1436646859
83,486;84,230;32,399	447,412;364,335;145,85	975	1436646864
341,109;458,76;80,283	399,349;488,121;468,173	942	1436646870
382,444;23,433;417,478	339,19;261,393;370,79	29	1436646876
380,204;304,39;187,259	319,265;452,462;178,466	220	1436646883
125,195;62,374;476,49	37,235;287,488;309,276	903	1436646889
465,384;275,345;281,246	35,320;468,130;344,288	908	1436646895
436,397;257,297;167,38	107,260;44,466;179,202	914	1436646899
328,478;105,100;94,196	452,458;390,421;230,269	945	1436646905
215,192;480,472;474,272	34,408;473,25;72,14	553	1436646918
361,351;363,67;427,305	404,337;419,464;157,189	589	1436646923
214,58;329,67;163,421	376,41;382,90;35,413	704	1436646931
483,84;50,74;415,78	217,271;437,17;477,237	1000	1436646935
430,321;167,177;252,84	35,263;118,73;281,484	958	1436646941
237,152;242,200;252,74	205,207;357,71;115,244	135	1436646946
163,62;52,204;431,228	281,331;241,489;389,137	964	1436646952
254,421;291,307;450,150	170,271;298,309;75,113	90	1436646960
43,236;379,412;248,230	280,115;241,18;93,324	913	1436646964
430,321;167,177;252,84	456,340;310,421;284,399	676	1436646972
14,381;248,59;194,65	480,241;415,138;404,198	935	1436647012
149,207;426,247;34,439	38,89;214,163;123,436	764	1436647022
17,41;362,33;266,267	454,149;188,468;359,63	787	1436647027
232,355;40,419;462,92	444,153;223,419;84,305	853	1436647033
393,141;234,36;161,63	470,97;94,277;242,175	915	1436647039
94,73;238,249;482,62	59,295;132,344;353,138	337	1436647043
50,230;454,95;53,165	131,441;70,123;418,219	884	1436647049
288,255;363,115;201,424	305,485;182,85;157,26	302	1436647054
237,152;242,200;252,74	197,231;244,242;460,415	928	1436647059
47,391;148,373;38,126	304,34;450,424;89,302	794	1436647064
327,385;313,480;350,440	102,338;178,411;167,375	627	1436647076
441,100;406,185;394,397	320,50;256,279;341,136	245	1436647082
90,71;365,199;160,258	51,266;15,105;170,182	869	1436647088
34,465;187,14;196,124	422,153;312,157;447,21	934	1436647093
77,407;380,64;173,271	304,416;319,428;137,327	908	1436647101
196,412;444,339;304,208	362,283;351,308;329,129	958	1436647106
264,426;482,179;18,329	149,360;481,327;314,207	368	1436647112
431,305;150,332;312,23	472,185;235,118;68,453	797	1436647117
357,452;459,332;190,314	152,200;24,147;358,186	927	1436647123
273,194;367,139;199,77	443,423;414,64;207,178	185	1436647128
340,30;42,217;206,132	433,98;479,239;373,159	910	1436647133
467,60;162,140;412,469	49,445;24,259;248,304	110	1436647137
359,81;349,355;285,283	484,344;445,488;331,270	675	1436647143
426,309;474,137;26,222	140,395;190,74;350,253	829	1436647148
205,299;145,450;414,192	51,30;156,168;33,103	829	1436647152
76,347;113,369;99,460	281,118;220,234;13,423	934	1436647157
83,486;84,230;32,399	432,433;398,158;489,471	190	1436647163
380,127;372,382;383,156	251,180;321,388;223,259	992	1436647168
35,425;89,233;175,236	414,118;466,27;51,210	44	1436647178
83,486;84,230;32,399	140,436;402,71;233,342	870	1436647183
94,322;203,172;357,266	58,219;257,93;165,336	226	1436647191
474,386;89,147;461,238	141,350;451,34;203,354	360	1436647196
398,474;21,332;153,380	398,474;21,332;153,380	0	1436647200
325,433;441,67;78,111	427,403;470,218;317,436	822	1436647206
215,192;480,472;474,272	87,319;376,288;14,231	285	1436647213
442,72;382,370;455,357	95,391;382,202;82,152	829	1436647218
86,365;76,439;104,273	48,237;484,281;111,210	1000	1436647222
45,270;333,304;180,445	15,163;34,28;264,76	335	1436647227
34,238;481,41;459,54	447,77;471,46;343,195	331	1436647231
436,397;257,297;167,38	236,52;253,110;232,85	940	1436647236
27,166;224,232;336,184	141,298;458,262;286,168	738	1436647241
179,436;248,158;105,351	438,160;268,395;129,254	692	1436647251
345,327;88,338;326,415	91,165;473,125;118,387	663	1436647262
23,28;369,459;24,30	308,67;300,94;261,179	438	1436647267
116,103;110,84;119,313	179,346;15,244;20,332	986	1436647272
227,335;469,477;241,117	284,84;398,33;97,51	896	1436647276
289,484;416,456;380,350	467,323;62,234;348,192	858	1436647282
196,412;444,339;304,208	360,220;36,403;478,449	102	1436647288
250,349;385,137;115,479	118,407;119,220;428,326	928	1436647293
291,336;119,466;244,123	444,131;295,69;130,263	713	1436647298
480,34;163,141;419,170	421,355;242,45;403,276	892	1436647303
84,97;225,81;377,199	212,199;201,102;478,366	214	1436647309
83,486;84,230;32,399	392,17;388,69;476,61	646	1436647318
489,201;44,197;228,422	26,40;264,79;203,287	63	1436647324
237,152;242,200;252,74	239,120;250,173;311,35	24	1436647332
149,207;426,247;34,439	106,316;429,105;350,477	363	1436647339
281,293;134,442;28,68	180,234;321,47;358,419	849	1436647344
281,293;134,442;28,68	132,317;289,123;402,288	942	1436647351
215,192;480,472;474,272	402,188;311,380;51,83	947	1436647358
4D7t8M612