136	R	0.0.0.0	1436654022
86,169;120,216;436,399	144,391;208,137;457,168	844	1436654128
86,78;211,107;147,483	300,72;222,477;113,110	390	1436654135
42,319;93,132;46,412	429,92;312,197;119,197	734	1436654214
321,361;415,193;224,237	321,361;415,193;224,237	0	1436654221
213,263;455,213;370,59	177,372;447,44;475,193	254	1436654227
280,308;219,21;355,351	311,180;66,426;446,166	361	1436654309
165,353;21,269;375,230	22,437;67,61;457,447	678	1436654316
115,72;67,147;76,253	313,42;395,107;187,189	369	1436654322
200,324;143,436;428,343	89,200;461,354;33,224	898	1436654329
133,141;387,321;387,219	450,346;345,467;216,405	572	1436654378
436,397;257,297;167,38	437,269;270,410;288,485	670	1436654386
163,62;52,204;431,228	162,466;252,98;17,105	597	1436654467
348,115;438,274;26,142	253,227;346,104;358,454	326	1436654485
428,58;228,125;188,159	76,329;188,379;147,416	1000	1436654491
464,170;464,383;201,17	140,188;64,63;453,345	471	1436654496
259,12;379,60;30,391	259,12;379,60;30,391	88	1436654502
272,460;57,373;26,405	228,32;254,60;76,488	904	1436654507
345,339;402,219;47,72	372,67;312,128;262,55	765	1436654514
17,46;151,56;365,187	451,124;337,117;257,193	716	1436654548
114,92;60,216;67,43	105,186;212,181;123,204	331	1436654554
158,94;67,483;202,353	112,219;478,92;185,127	582	1436654644
254,421;291,307;450,150	326,141;326,366;291,203	406	1436654652
417,485;453,281;169,404	326,378;393,174;435,406	474	1436654657
430,321;167,177;252,84	456,340;310,421;284,399	330	1436654662
149,207;426,247;34,439	69,384;460,447;148,277	410	1436654695
437,319;434,366;263,222	199,147;118,277;328,54	547	1436654701
76,347;113,369;99,460	209,143;376,297;79,144	682	1436654707
254,421;291,307;450,150	314,237;450,147;69,272	380	1436654713
154,238;467,70;310,310	373,352;411,206;80,47	289	1436654720
436,397;257,297;167,38	466,411;136,45;233,46	574	1436654768
209,54;293,85;208,379	441,469;358,397;431,118	407	1436654773
401,471;68,88;169,403	424,110;340,177;82,93	615	1436654782
115,72;67,147;76,253	362,101;43,361;426,71	989	1436654788
43,236;379,412;248,230	227,161;93,409;487,89	517	1436654797
286,435;204,342;106,472	373,36;49,462;158,383	896	1436654802
50,312;460,337;35,192	50,312;460,337;35,192	10	1436654808
344,366;91,297;178,387	408,391;313,388;188,23	608	1436654825
237,152;242,200;252,74	96,331;447,95;152,292	1000	1436654830
316,172;14,415;143,408	320,277;54,436;123,340	574	1436654837
340,30;42,217;206,132	412,387;229,412;455,122	777	1436654845
106,64;466,431;23,193	379,130;153,194;219,326	638	1436654850
378,164;126,320;12,79	413,444;392,190;58,449	538	1436654857
310,384;218,266;250,393	316,120;226,65;37,362	436	1436654862
126,31;483,122;431,175	39,11;337,456;419,326	283	1436654868
391,41;216,359;395,193	76,242;318,236;21,323	424	1436654874
328,478;105,100;94,196	294,65;231,404;341,38	339	1436654880
384,427;77,88;75,287	489,297;411,369;108,206	534	1436654886
367,14;142,80;418,272	390,54;200,136;418,454	368	1436654896
414,143;298,296;370,130	396,84;93,238;216,210	774	1436654902
426,423;260,418;118,450	376,74;375,49;376,294	1000	1436654907
472,215;100,255;419,377	21,251;167,161;461,391	336	1436654916
340,30;42,217;206,132	34,213;70,311;261,477	256	1436654922
361,351;363,67;427,305	381,14;471,402;346,225	597	1436654929
434,46;256,333;263,59	201,144;389,113;203,128	865	1436654934
434,46;256,333;263,59	49,175;305,94;420,471	219	1436654939
307,55;409,378;384,271	173,189;59,85;453,415	360	1436654944
248,388;417,384;69,239	106,377;346,423;326,17	616	1436654952
373,253;316,203;185,435	110,83;147,464;124,448	602	1436654957
111,38;364,327;344,278	168,140;60,485;310,483	770	1436654962
486,420;466,135;48,26	382,358;379,254;381,438	1000	1436654967
23,28;369,459;24,30	317,465;380,357;419,200	1000	1436654972
76,49;124,56;58,377	12,45;22,477;378,211	802	1436654978
328,478;105,100;94,196	48,250;333,219;402,214	1000	1436654983
451,398;119,210;123,346	119,145;176,311;426,243	411	1436654988
154,238;467,70;310,310	340,139;245,145;422,344	407	1436654993
77,378;218,284;101,337	257,90;460,111;339,74	97	1436654999
446,23;121,226;429,38	140,113;222,321;223,324	109	1436655004
142,260;289,357;483,200	89,238;43,180;236,221	595	1436655009
437,319;434,366;263,222	359,335;198,472;343,228	456	1436655015
237,152;242,200;252,74	45,379;103,322;384,233	639	1436655021
292,416;350,79;155,60	135,387;449,95;270,413	568	1436655027
35,425;89,233;175,236	459,140;35,391;283,175	684	1436655032
289,447;355,334;405,444	23,385;140,63;483,150	622	1436655038
204,489;143,109;260,195	327,433;110,426;43,282	406	1436655043
480,200;18,58;163,93	29,188;14,85;141,76	858	1436655048
27,166;224,232;336,184	194,182;247,23;380,410	432	1436655054
106,64;466,431;23,193	245,249;91,374;418,418	610	1436655061
426,423;260,418;118,450	354,88;39,168;117,182	341	1436655066
437,319;434,366;263,222	339,223;246,71;442,181	415	1436655071
264,426;482,179;18,329	410,90;193,123;327,238	344	1436655077
300,360;312,457;170,365	195,367;27,160;268,238	529	1436655084
163,62;52,204;431,228	316,374;207,102;416,29	357	1436655090
148,362;361,335;488,180	424,23;32,14;280,170	622	1436655095
426,423;260,418;118,450	337,391;157,208;447,377	813	1436655100
180,478;334,205;398,30	205,192;159,318;222,174	967	1436655106
248,104;421,75;73,460	429,50;349,288;408,300	737	1436655111
27,166;224,232;336,184	432,170;290,98;197,247	590	1436655116
328,478;105,100;94,196	283,424;398,231;457,116	726	1436655122
245,273;292,210;136,25	182,43;126,437;21,401	430	1436655128
153,463;432,51;459,380	463,139;448,72;208,206	664	1436655133
414,489;468,222;467,385	249,131;232,155;40,466	998	1436655138
430,321;167,177;252,84	180,416;246,354;433,23	931	1436655145
480,200;18,58;163,93	96,42;259,252;245,189	915	1436655151
420,439;433,13;230,448	215,337;68,40;286,250	409	1436655156
317,257;169,276;69,427	178,402;219,372;160,180	627	1436655162
266,417;349,433;185,171	432,217;45,58;303,467	597	1436655168
179,436;248,158;105,351	438,160;268,395;129,254	547	1436655176
398,474;21,332;153,380	398,474;21,332;153,380	0	1436655181
154,238;467,70;310,310	463,347;145,424;38,135	411	1436655186
147,430;48,32;237,116	12,18;203,397;281,374	726	1436655191
291,391;115,291;366,15	421,11;424,314;321,359	589	1436655197
152,401;452,425;342,253	417,317;151,31;358,79	379	1436655203
165,353;21,269;375,230	32,284;351,32;251,325	424	1436655208
14,193;405,407;189,95	159,164;244,308;336,296	622	1436655215
77,378;218,284;101,337	185,164;120,443;356,289	684	1436655221
460,245;158,394;24,467	193,256;186,202;363,314	987	1436655226
339,159;237,88;26,151	93,349;293,392;290,194	930	1436655232
450,175;145,348;382,350	433,307;245,95;316,263	441	1436655236
94,322;203,172;357,266	102,484;319,464;434,190	683	1436655242
106,64;466,431;23,193	231,19;154,50;150,347	420	1436655247
189,351;109,271;299,151	335,159;21,51;149,402	599	1436655253
430,321;167,177;252,84	35,263;118,73;281,484	589	1436655259
163,62;52,204;431,228	281,46;449,297;212,210	414	1436655265
25,128;204,20;96,353	219,175;303,139;370,372	424	1436655269
486,420;466,135;48,26	128,255;71,67;252,417	893	1436655275
94,415;388,79;51,222	289,40;288,357;42,46	618	1436655280
22,234;410,399;65,307	258,114;81,46;341,182	942	1436655285
35,425;89,233;175,236	384,74;193,49;345,268	765	1436655293
17,46;151,56;365,187	227,326;352,223;171,87	769	1436655298
465,384;275,345;281,246	35,320;468,130;344,288	697	1436655302
255,298;155,364;311,134	422,340;96,359;292,75	727	1436655307
465,388;124,203;421,65	155,32;149,225;434,166	747	1436655312
94,322;203,172;357,266	223,330;48,29;377,70	382	1436655319
346,301;20,369;393,394	96,280;403,274;366,389	355	1436655325
436,397;257,297;167,38	217,132;336,191;419,213	959	1436655331
50,259;249,488;86,47	175,318;213,98;48,90	652	1436655335
76,347;113,369;99,460	75,306;31,71;34,452	929	1436655341
159,160;33,474;487,293	368,453;429,395;206,116	765	1436655346
50,230;454,95;53,165	254,476;446,66;482,67	239	1436655351
411,41;59,322;112,267	139,165;385,304;441,473	972	1436655357
149,207;426,247;34,439	65,44;330,403;232,29	764	1436655362
302,153;253,50;22,320	304,184;98,180;176,221	402	1436655367
76,358;489,417;96,438	164,163;249,12;210,280	755	1436655373
309,127;425,438;292,458	449,40;382,489;318,321	865	1436655379
39,116;108,97;247,341	438,262;121,329;301,119	688	1436655384
3D4y6K662