136	L	0.0.0.0	1436646750
86,169;120,216;436,399	144,391;208,137;457,168	1000	1436646924
86,78;211,107;147,483	300,72;222,477;113,110	349	1436646935
42,319;93,132;46,412	429,92;312,197;119,197	734	1436646946
321,361;415,193;224,237	321,361;415,193;224,237	0	1436646955
213,263;455,213;370,59	177,372;447,44;475,193	329	1436646964
280,308;219,21;355,351	311,180;66,426;446,166	390	1436646978
66,452;384,88;181,479	330,35;344,380;389,74	445	1436646985
47,391;148,373;38,126	268,435;471,183;132,70	630	1436646992
254,421;291,307;450,150	312,469;290,23;248,36	641	1436646998
340,30;42,217;206,132	164,189;387,473;180,169	585	1436647007
106,64;466,431;23,193	245,249;91,374;418,418	569	1436647013
19,24;54,122;446,484	329,108;99,182;215,100	807	1436647018
14,191;415,145;186,367	436,448;402,59;470,338	641	1436647028
89,154;125,240;275,406	94,208;237,460;136,227	565	1436647034
17,46;151,56;365,187	21,46;426,325;344,299	575	1436647042
464,159;186,133;282,409	471,323;76,488;345,147	442	1436647048
451,398;119,210;123,346	453,396;403,459;357,29	645	1436647055
76,347;113,369;99,460	111,121;187,42;247,123	605	1436647061
83,486;84,230;32,399	364,354;379,176;267,77	214	1436647069
94,322;203,172;357,266	273,17;483,117;338,145	137	1436647076
393,261;194,422;317,169	369,110;167,365;46,240	408	1436647083
357,120;299,18;342,387	446,85;104,398;380,114	601	1436647090
163,62;52,204;431,228	281,331;241,489;389,137	906	1436647098
425,441;460,413;381,487	195,160;315,390;342,145	1000	1436647107
428,58;228,125;188,159	417,333;136,225;337,318	73	1436647116
89,154;125,240;275,406	451,112;349,148;32,220	577	1436647124
14,479;283,431;291,279	198,120;348,275;86,134	555	1436647129
465,260;93,438;52,464	288,467;349,305;316,116	888	1436647135
94,322;203,172;357,266	102,484;319,464;434,190	635	1436647142
154,238;467,70;310,310	26,361;69,167;450,351	432	1436647147
486,420;466,135;48,26	128,255;71,67;252,417	842	1436647153
457,337;394,378;378,276	33,146;252,320;203,285	998	1436647160
90,472;124,209;136,146	125,212;413,362;44,162	389	1436647167
374,184;200,351;177,331	22,71;457,146;418,69	570	1436647173
472,473;177,324;281,143	247,106;418,223;346,377	573	1436647179
245,228;393,154;134,455	252,437;385,485;354,466	823	1436647218
433,332;210,192;446,14	271,215;106,381;344,340	454	1436647223
347,465;436,31;226,388	152,280;176,363;218,447	864	1436647229
259,12;379,60;30,391	259,12;379,60;30,391	7	1436647234
361,351;363,67;427,305	23,194;24,183;305,416	990	1436647240
480,412;455,122;425,314	11,187;474,330;332,416	932	1436647246
111,38;364,327;344,278	168,140;60,485;310,483	913	1436647251
94,322;203,172;357,266	339,326;155,417;20,222	332	1436647256
38,204;164,211;288,406	451,301;306,319;205,340	964	1436647261
281,293;134,442;28,68	383,39;417,149;417,484	902	1436647267
165,353;21,269;375,230	490,175;333,20;155,481	849	1436647272
77,378;218,284;101,337	62,51;159,440;384,489	998	1436647295
266,481;284,70;235,307	97,408;105,245;454,49	714	1436647300
472,215;100,255;419,377	41,190;181,113;311,263	409	1436647306
116,433;141,31;68,124	193,435;288,70;276,184	925	1436647311
154,238;467,70;310,310	230,41;246,29;257,355	998	1436647317
215,64;319,329;141,217	365,238;110,101;183,462	369	1436647323
380,430;29,24;137,12	259,163;169,53;468,314	712	1436647329
17,46;151,56;365,187	459,206;40,460;87,426	977	1436647334
188,443;158,207;184,286	480,380;354,230;319,283	804	1436647339
79,331;36,48;173,216	301,93;164,406;273,195	773	1436647345
264,426;482,179;18,329	386,407;448,165;120,424	364	1436647355
483,212;133,59;270,165	109,391;396,333;417,67	665	1436647360
152,223;50,447;435,158	483,212;372,464;38,419	334	1436647365
296,456;489,49;273,334	310,474;162,104;406,322	357	1436647371
437,319;434,366;263,222	12,326;13,446;31,71	915	1436647376
431,191;206,303;333,343	327,488;97,469;396,85	705	1436647381
193,479;168,135;358,222	88,363;399,336;189,383	812	1436647387
77,378;218,284;101,337	425,81;82,123;70,144	893	1436647392
434,46;256,333;263,59	311,71;418,298;48,144	134	1436647398
50,230;454,95;53,165	83,309;377,287;170,47	761	1436647403
469,440;338,244;159,183	401,79;479,152;425,161	786	1436647408
395,272;180,447;156,165	417,452;240,24;144,359	286	1436647413
428,58;228,125;188,159	382,395;54,111;396,417	757	1436647421
422,179;272,248;370,272	464,220;261,413;366,345	643	1436647426
50,312;460,337;35,192	50,312;460,337;35,192	221	1436647432
23,28;369,459;24,30	371,104;13,271;48,285	891	1436647437
89,154;125,240;275,406	328,337;62,467;304,36	976	1436647445
215,216;217,203;132,97	115,257;351,47;173,111	998	1436647450
125,224;51,109;21,173	135,212;86,475;225,365	371	1436647456
437,319;434,366;263,222	279,423;131,321;418,99	721	1436647462
149,207;426,247;34,439	161,285;404,363;448,288	657	1436647467
429,94;483,45;395,191	389,476;416,356;413,300	448	1436647482
319,282;233,136;160,191	191,31;39,169;90,144	728	1436647488
328,478;105,100;94,196	195,291;177,323;439,28	769	1436647494
309,341;144,310;36,277	64,468;120,363;190,289	418	1436647499
35,425;89,233;175,236	233,91;119,246;44,356	998	1436647506
75,116;182,268;414,353	456,140;38,177;301,423	775	1436647511
340,30;42,217;206,132	242,112;79,248;66,69	724	1436647517
39,110;252,187;142,166	203,326;52,480;98,249	836	1436647523
154,238;467,70;310,310	399,150;288,289;27,353	433	1436647528
196,412;444,339;304,208	484,406;48,243;201,62	381	1436647534
486,420;466,135;48,26	311,93;28,325;382,465	437	1436647540
272,218;197,336;235,213	410,55;464,68;489,423	544	1436647545
175,17;177,346;408,78	291,468;302,75;30,168	409	1436647550
446,23;121,226;429,38	140,113;222,321;223,324	998	1436647556
398,474;21,332;153,380	398,474;21,332;153,380	34	1436647565
132,372;462,375;38,274	195,174;342,382;437,125	687	1436647571
90,349;86,272;60,159	328,34;320,454;294,213	673	1436647577
400,449;374,428;121,463	477,219;285,475;454,201	113	1436647583
447,159;305,227;306,129	187,289;56,376;15,266	0	1436647589
237,152;242,200;252,74	466,332;477,377;18,488	979	1436647595
102,293;336,237;371,154	257,268;33,217;330,83	619	1436647602
196,412;444,339;304,208	148,372;136,244;367,245	342	1436647618
83,486;84,230;32,399	185,93;78,178;241,75	602	1436647624
436,397;257,297;167,38	467,246;140,76;146,172	433	1436647630
451,398;119,210;123,346	332,432;408,313;98,42	409	1436647636
404,477;120,330;443,490	279,140;449,364;283,113	869	1436647641
286,231;110,81;295,60	243,23;164,228;258,314	385	1436647647
221,111;162,59;392,422	428,367;234,298;328,366	922	1436647652
490,119;49,104;145,447	181,439;292,409;159,235	843	1436647658
288,255;363,115;201,424	481,420;12,38;240,400	998	1436647665
277,65;218,404;376,340	279,410;26,475;432,490	844	1436647670
106,137;323,65;435,312	46,39;463,80;363,233	175	1436647676
367,14;142,80;418,272	359,373;323,101;89,355	62	1436647682
347,119;193,213;98,56	326,443;487,115;299,105	434	1436647688
430,321;167,177;252,84	389,487;144,440;294,248	588	1436647693
345,339;402,219;47,72	372,67;312,128;262,55	618	1436647699
149,207;426,247;34,439	202,158;197,450;230,450	817	1436647704
89,154;125,240;275,406	162,69;206,234;196,156	435	1436647710
67,215;473,407;217,122	458,106;201,290;272,61	347	1436647715
27,166;224,232;336,184	280,409;187,89;207,174	998	1436647720
50,230;454,95;53,165	68,101;283,61;213,378	725	1436647735
328,478;105,100;94,196	451,484;166,297;113,269	998	1436647741
330,440;137,289;287,176	454,235;282,114;70,250	61	1436647748
76,358;489,417;96,438	104,124;239,478;56,356	343	1436647754
189,121;280,193;273,219	370,67;394,134;430,51	644	1436647759
76,347;113,369;99,460	166,305;392,212;317,95	695	1436647765
24,184;317,127;169,197	348,383;266,331;84,85	741	1436647771
44,216;18,283;221,415	54,472;372,422;286,89	721	1436647777
142,468;370,220;111,446	243,428;329,52;276,327	998	1436647786
298,423;414,472;26,249	34,233;336,474;90,440	996	1436647792
67,366;311,260;387,85	156,29;264,450;242,114	813	1436647799
434,46;256,333;263,59	328,78;358,397;455,363	229	1436647805
428,58;228,125;188,159	239,53;232,25;135,411	415	1436647812
474,322;242,110;51,279	403,346;159,17;422,328	849	1436647817
17,46;151,56;365,187	398,321;480,469;36,146	407	1436647824
108,418;221,203;58,133	152,440;353,99;164,275	399	1436647830
460,478;252,489;20,253	483,72;384,328;421,216	998	1436647836
149,207;426,247;34,439	44,332;170,113;432,213	325	1436647842
4C4w7K210