137	R	0.0.0.0	1436653492
86,169;120,216;436,399	144,391;208,137;457,168	1000	1436653575
86,78;211,107;147,483	300,72;222,477;113,110	580	1436653584
42,319;93,132;46,412	429,92;312,197;119,197	627	1436653590
321,361;415,193;224,237	321,361;415,193;224,237	513	1436653612
213,263;455,213;370,59	177,372;447,44;475,193	461	1436653619
280,308;219,21;355,351	311,180;66,426;446,166	547	1436653626
167,362;278,382;477,271	100,413;181,157;188,93	476	1436653632
391,41;216,359;395,193	210,445;315,449;206,15	457	1436653638
17,46;151,56;365,187	259,22;438,165;405,108	596	1436653643
358,176;450,27;11,430	181,171;484,489;31,125	511	1436653648
427,366;117,188;73,75	320,339;40,425;73,385	525	1436653653
410,95;285,18;449,447	465,353;263,310;406,382	481	1436653659
328,478;105,100;94,196	195,291;177,323;439,28	520	1436653669
196,412;444,339;304,208	362,283;351,308;329,129	661	1436653674
285,164;399,462;488,120	475,26;478,459;129,81	593	1436653680
131,485;147,168;29,201	216,467;165,365;390,81	642	1436653684
153,188;274,288;483,162	385,212;337,396;128,352	448	1436653689
50,230;454,95;53,165	150,197;186,396;475,442	586	1436653694
115,72;67,147;76,253	185,132;202,292;195,472	444	1436653699
67,215;473,407;217,122	236,474;411,292;398,434	663	1436653703
152,223;50,447;435,158	483,212;372,464;38,419	411	1436653748
165,353;21,269;375,230	21,15;347,50;209,320	632	1436653752
17,46;151,56;365,187	37,117;95,440;38,338	426	1436653757
289,447;355,334;405,444	23,385;140,63;483,150	587	1436653761
67,215;473,407;217,122	134,144;301,475;373,116	557	1436653766
24,60;486,339;244,389	134,32;202,140;364,443	434	1436653771
288,255;363,115;201,424	317,159;360,82;324,291	561	1436653775
78,266;16,264;145,269	412,169;296,133;362,152	379	1436653780
349,151;208,317;95,172	413,109;303,355;207,84	570	1436653784
480,200;18,58;163,93	19,172;275,173;245,143	412	1436653788
27,166;224,232;336,184	300,241;299,287;88,91	588	1436653794
115,72;67,147;76,253	15,393;87,394;237,116	389	1436653798
67,103;344,224;382,145	389,362;330,65;111,12	543	1436653803
302,153;253,50;22,320	390,461;428,400;22,382	432	1436653807
43,236;379,412;248,230	103,45;170,129;199,138	589	1436653812
437,176;412,51;372,52	219,32;83,365;147,298	423	1436653817
334,455;189,415;255,165	440,175;477,202;40,74	604	1436653822
23,28;369,459;24,30	371,104;13,271;48,285	437	1436653830
125,195;62,374;476,49	37,235;287,488;309,276	588	1436653835
196,412;444,339;304,208	104,202;134,48;346,172	390	1436653841
94,485;32,200;406,243	332,381;269,125;217,368	623	1436653845
106,64;466,431;23,193	303,173;234,435;216,269	432	1436653851
165,353;21,269;375,230	111,428;196,53;385,419	456	1436653855
35,425;89,233;175,236	383,275;319,436;219,286	451	1436653861
476,294;303,467;230,176	285,361;450,336;468,131	304	1436653866
436,397;257,297;167,38	256,191;268,278;260,158	835	1436653873
89,154;125,240;275,406	175,276;440,459;380,326	643	1436653877
412,45;99,170;244,189	296,287;61,333;451,327	569	1436653882
165,353;21,269;375,230	313,399;158,380;326,104	298	1436653887
424,312;195,97;334,356	458,164;471,111;328,175	680	1436653892
94,307;461,136;180,138	62,79;175,107;194,372	391	1436653896
149,207;426,247;34,439	462,336;469,335;356,487	658	1436653902
163,62;52,204;431,228	220,266;335,228;87,247	594	1436653907
433,164;201,196;304,146	285,336;441,94;380,154	365	1436653913
302,153;253,50;22,320	484,338;110,397;236,177	722	1436653918
367,14;142,80;418,272	359,373;323,101;89,355	749	1436653923
355,396;14,459;13,254	166,173;406,412;33,409	388	1436653927
306,23;165,490;189,173	226,489;440,88;380,246	345	1436653932
437,319;434,366;263,222	339,223;246,71;442,181	306	1436653937
281,293;134,442;28,68	62,96;62,35;31,196	290	1436653943
385,432;457,78;305,178	158,93;186,300;395,39	695	1436653948
69,152;201,28;484,436	395,222;488,16;67,120	373	1436653953
45,151;305,204;352,116	469,212;115,99;377,402	457	1436653973
403,418;355,175;441,422	52,292;130,78;120,64	535	1436653978
426,423;260,418;118,450	403,183;427,238;210,458	361	1436653982
245,228;393,154;134,455	252,437;385,485;354,466	634	1436653987
287,439;74,262;126,204	20,333;89,156;214,194	675	1436653993
400,258;404,13;28,153	481,404;92,381;169,70	376	1436653998
76,347;113,369;99,460	75,306;31,71;34,452	632	1436654003
14,191;415,145;186,367	436,448;402,59;470,338	399	1436654007
348,115;438,274;26,142	480,457;437,123;195,130	611	1436654012
86,430;382,143;336,218	371,369;237,351;36,338	387	1436654017
168,131;359,372;118,236	39,373;376,27;481,125	630	1436654022
385,89;204,309;181,192	367,86;386,415;300,253	405	1436654027
237,152;242,200;252,74	331,81;449,429;416,181	408	1436654031
261,409;350,267;163,82	203,106;124,336;386,413	589	1436654036
196,412;444,339;304,208	349,93;362,205;40,317	320	1436654041
259,12;379,60;30,391	259,12;379,60;30,391	697	1436654046
283,480;469,358;261,39	440,113;455,380;126,273	258	1436654051
106,64;466,431;23,193	338,166;105,359;216,419	677	1436654055
338,473;283,193;282,329	459,226;363,327;285,116	368	1436654060
309,341;144,310;36,277	411,204;403,86;294,430	637	1436654065
439,479;152,317;160,243	111,77;304,437;262,98	323	1436654076
17,46;151,56;365,187	18,46;129,319;186,322	686	1436654081
41,291;277,476;147,331	381,110;251,40;107,46	332	1436654086
90,472;124,209;136,146	125,212;413,362;44,162	680	1436654090
367,14;142,80;418,272	276,63;21,92;419,365	324	1436654094
451,398;119,210;123,346	362,130;117,451;404,210	647	1436654099
398,474;21,332;153,380	398,474;21,332;153,380	343	1436654104
126,31;483,122;431,175	39,11;337,456;419,326	600	1436654109
25,128;204,20;96,353	219,175;303,139;370,372	382	1436654113
361,351;363,67;427,305	60,425;164,441;376,37	658	1436654118
144,277;199,257;323,247	16,362;453,26;140,407	388	1436654123
348,115;438,274;26,142	26,248;398,121;155,302	633	1436654127
34,317;87,141;14,149	150,106;172,87;212,109	753	1436654132
50,312;460,337;35,192	50,312;460,337;35,192	315	1436654138
348,115;438,274;26,142	313,375;155,437;431,441	656	1436654142
102,281;46,283;323,422	390,414;355,134;405,298	370	1436654147
50,230;454,95;53,165	79,389;344,423;354,302	644	1436654151
215,192;480,472;474,272	335,490;29,469;423,56	409	1436654155
77,378;218,284;101,337	62,51;159,440;384,489	596	1436654159
115,28;181,381;250,267	204,143;453,242;337,65	638	1436654164
44,216;18,283;221,415	392,114;155,307;11,153	381	1436654169
251,365;443,328;291,105	35,415;307,445;348,134	628	1436654173
12,92;144,142;40,183	275,98;41,196;206,466	669	1436654178
128,117;70,485;43,73	126,298;448,190;395,353	389	1436654182
100,341;330,312;357,345	215,317;85,336;73,299	664	1436654186
434,46;256,333;263,59	324,63;195,296;51,277	658	1436654190
451,398;119,210;123,346	119,145;176,311;426,243	646	1436654194
332,265;321,160;458,160	295,42;271,157;314,35	633	1436654199
472,215;100,255;419,377	457,474;33,378;488,411	352	1436654204
198,48;410,471;54,117	177,101;182,173;402,162	600	1436654208
359,211;202,311;189,66	396,452;350,317;198,395	415	1436654212
237,152;242,200;252,74	320,447;228,74;330,414	594	1436654217
365,159;43,490;215,122	471,333;185,415;194,74	631	1436654221
77,378;218,284;101,337	481,142;213,292;102,439	378	1436654225
45,207;271,107;137,108	361,442;316,336;126,252	699	1436654230
343,437;278,351;412,243	218,121;48,337;331,345	410	1436654234
76,347;113,369;99,460	281,118;220,234;13,423	615	1436654239
59,402;160,133;234,302	378,396;446,222;482,369	361	1436654243
126,368;285,161;160,117	315,158;325,280;43,454	665	1436654247
34,479;326,155;36,366	417,459;149,258;103,53	326	1436654252
154,238;467,70;310,310	340,139;245,145;422,344	610	1436654256
27,166;224,232;336,184	318,342;122,301;240,300	432	1436654260
383,110;173,181;308,475	429,19;280,149;394,207	674	1436654264
215,192;480,472;474,272	59,124;447,23;114,442	367	1436654268
106,64;466,431;23,193	226,166;15,19;283,456	715	1436654272
166,179;488,165;217,120	295,68;31,85;426,336	357	1436654276
348,115;438,274;26,142	418,242;125,30;449,37	637	1436654281
367,14;142,80;418,272	269,143;443,456;373,160	682	1436654285
367,14;142,80;418,272	483,322;433,475;194,109	370	1436654289
434,46;256,333;263,59	201,31;114,427;426,341	674	1436654293
280,387;159,457;316,121	179,469;58,70;428,120	414	1436654297
83,486;84,230;32,399	251,142;384,335;442,278	305	1436654302
50,230;454,95;53,165	366,182;96,281;203,37	666	1436654306
430,321;167,177;252,84	39,429;318,147;365,117	399	1436654311
1H5u7K347