137	R	0.0.0.0	1436647104
86,169;120,216;436,399	144,391;208,137;457,168	772	1436647244
86,78;211,107;147,483	300,72;222,477;113,110	262	1436647251
42,319;93,132;46,412	429,92;312,197;119,197	945	1436647258
321,361;415,193;224,237	321,361;415,193;224,237	16	1436647264
213,263;455,213;370,59	177,372;447,44;475,193	795	1436647271
280,308;219,21;355,351	311,180;66,426;446,166	882	1436647277
328,478;105,100;94,196	172,177;127,450;218,303	892	1436647282
44,216;18,283;221,415	346,426;231,305;232,432	988	1436647287
382,294;207,333;280,232	460,125;258,112;100,214	925	1436647296
281,73;467,484;142,73	14,241;210,315;439,27	862	1436647303
441,332;428,46;346,180	102,263;31,302;447,192	990	1436647313
266,481;284,70;235,307	97,408;105,245;454,49	953	1436647319
235,310;109,428;57,128	151,198;91,194;143,204	951	1436647327
259,12;379,60;30,391	259,12;379,60;30,391	15	1436647332
50,312;460,337;35,192	50,312;460,337;35,192	31	1436647340
366,76;283,33;99,25	117,80;116,330;24,229	906	1436647347
451,363;160,306;379,308	489,302;292,124;182,411	985	1436647353
264,426;482,179;18,329	364,332;79,364;347,155	882	1436647362
325,433;441,67;78,111	427,403;470,218;317,436	970	1436647366
43,222;168,301;63,315	266,309;365,171;322,38	956	1436647374
430,321;167,177;252,84	89,296;446,102;482,393	949	1436647381
98,26;446,333;364,178	243,149;79,437;122,86	945	1436647387
94,322;203,172;357,266	346,358;489,130;479,419	920	1436647393
148,244;350,105;386,184	146,337;390,410;223,322	939	1436647397
50,230;454,95;53,165	22,78;145,45;414,486	820	1436647403
361,351;363,67;427,305	98,147;90,140;35,432	967	1436647410
17,46;151,56;365,187	162,125;422,255;29,256	969	1436647416
452,73;249,298;142,362	253,211;133,155;11,109	908	1436647421
163,62;52,204;431,228	361,458;88,313;233,47	931	1436647427
207,86;344,115;103,413	148,436;327,24;445,107	727	1436647435
106,64;466,431;23,193	195,437;14,369;330,128	907	1436647439
292,426;474,86;284,39	81,362;332,486;182,221	961	1436647445
62,220;14,175;192,33	282,207;397,234;117,312	782	1436647451
44,216;18,283;221,415	319,77;214,440;139,265	912	1436647455
437,319;434,366;263,222	325,176;286,308;400,52	894	1436647462
196,412;444,339;304,208	231,393;218,80;193,459	987	1436647467
149,207;426,247;34,439	194,385;415,389;28,37	953	1436647473
106,428;236,364;244,331	118,33;253,299;389,40	964	1436647487
137,241;345,60;452,337	308,12;44,443;404,115	964	1436647500
367,14;142,80;418,272	121,214;488,205;306,352	677	1436647519
434,46;256,333;263,59	306,487;124,463;57,109	924	1436647527
154,238;467,70;310,310	142,94;69,429;294,144	928	1436647535
223,282;25,193;74,245	266,354;311,275;440,279	905	1436647541
480,34;163,141;419,170	421,355;242,45;403,276	981	1436647563
45,270;333,304;180,445	15,163;34,28;264,76	916	1436647573
266,477;226,132;337,272	440,363;17,476;344,443	974	1436647579
315,349;239,69;118,324	273,296;197,156;270,450	1000	1436647584
67,215;473,407;217,122	135,98;333,403;224,473	906	1436647594
375,207;227,444;303,54	416,238;420,170;107,15	948	1436647600
348,115;438,274;26,142	145,470;26,372;420,236	904	1436647606
83,486;84,230;32,399	177,319;379,214;244,226	659	1436647612
89,154;125,240;275,406	302,435;293,485;171,170	438	1436647618
434,46;256,333;263,59	456,387;439,242;353,396	525	1436647626
43,236;379,412;248,230	95,359;295,255;39,154	772	1436647632
144,344;317,329;74,72	87,90;425,298;269,429	953	1436647637
78,266;16,264;145,269	412,169;296,133;362,152	403	1436647647
348,317;214,53;123,255	110,484;359,258;226,13	446	1436647652
430,321;167,177;252,84	343,208;195,386;308,101	590	1436647657
93,375;455,216;362,362	227,382;37,430;166,488	910	1436647665
194,153;200,127;484,25	286,488;163,153;304,480	628	1436647670
237,152;242,200;252,74	200,340;404,309;309,164	807	1436647679
467,276;90,249;181,133	426,328;343,389;400,210	873	1436647685
393,261;194,422;317,169	369,110;167,365;46,240	713	1436647691
480,200;18,58;163,93	441,86;272,56;36,71	440	1436647696
27,166;224,232;336,184	187,201;153,448;195,155	921	1436647701
398,474;21,332;153,380	398,474;21,332;153,380	10	1436647706
182,201;220,231;377,65	384,56;249,423;242,462	860	1436647712
77,378;218,284;101,337	55,122;111,322;240,415	804	1436647716
242,476;305,254;419,231	346,357;92,14;183,160	914	1436647722
149,207;426,247;34,439	366,119;403,248;378,490	944	1436647730
355,396;14,459;13,254	166,173;406,412;33,409	766	1436647735
426,423;260,418;118,450	376,74;375,49;376,294	543	1436647742
347,119;193,213;98,56	32,64;144,296;377,326	535	1436647748
84,106;350,255;337,270	355,238;342,211;381,345	569	1436647756
430,384;413,207;234,269	124,334;53,322;322,445	921	1436647763
367,14;142,80;418,272	144,273;16,159;149,398	902	1436647769
215,192;480,472;474,272	405,106;471,457;140,405	892	1436647774
254,421;291,307;450,150	450,370;129,122;480,363	849	1436647781
322,368;283,266;403,161	264,218;145,276;429,171	960	1436647787
423,196;148,161;315,389	475,428;270,398;327,460	903	1436647794
270,124;168,394;223,81	366,401;288,341;224,44	905	1436647801
44,216;18,283;221,415	224,384;268,350;138,244	863	1436647806
87,22;183,211;222,311	196,441;92,490;489,400	859	1436647812
83,486;84,230;32,399	475,280;459,119;276,172	880	1436647818
391,41;216,359;395,193	210,445;315,449;206,15	890	1436647824
419,257;464,191;276,14	356,56;409,470;226,202	968	1436647831
43,236;379,412;248,230	174,57;99,482;428,257	962	1436647838
241,337;436,295;488,464	485,146;449,144;112,193	988	1436647844
148,213;106,478;487,172	240,438;302,199;452,437	935	1436647850
130,399;227,341;111,275	230,26;76,313;325,229	659	1436647855
298,423;414,472;26,249	34,233;336,474;90,440	952	1436647862
132,116;262,116;242,277	460,123;377,38;62,181	730	1436647867
347,119;193,213;98,56	36,167;114,473;20,407	956	1436647872
348,436;44,123;313,151	128,169;430,380;475,197	416	1436647878
11,134;385,226;424,132	231,348;223,231;148,350	917	1436647886
451,398;119,210;123,346	228,177;451,61;83,481	959	1436647894
248,165;38,456;63,106	42,24;479,66;394,186	839	1436647899
434,46;256,333;263,59	432,196;183,220;408,450	583	1436647905
467,325;395,451;455,277	438,337;192,213;234,57	884	1436647910
215,27;219,183;455,63	357,374;24,11;389,151	894	1436647917
465,260;93,438;52,464	288,467;349,305;316,116	980	1436647926
102,293;336,237;371,154	257,268;33,217;330,83	827	1436647931
286,435;204,342;106,472	373,36;49,462;158,383	982	1436647936
105,141;402,394;353,201	270,460;12,459;476,110	937	1436647944
254,421;291,307;450,150	427,181;25,207;13,122	976	1436647951
306,47;106,440;353,462	192,490;132,31;347,136	421	1436647956
234,177;91,104;345,327	265,103;347,235;447,369	571	1436647962
43,236;379,412;248,230	371,269;183,310;180,380	767	1436647967
59,402;160,133;234,302	378,396;446,222;482,369	352	1436647971
422,485;437,26;317,235	474,256;70,180;402,463	571	1436647976
56,352;230,393;458,87	194,229;403,262;171,348	973	1436647985
219,444;284,74;293,226	464,468;262,354;113,443	976	1436647990
328,478;105,100;94,196	325,411;121,52;246,217	880	1436647995
17,46;151,56;365,187	169,262;243,133;446,87	788	1436648000
430,321;167,177;252,84	425,118;242,360;380,468	889	1436648005
472,215;100,255;419,377	52,254;377,412;291,260	735	1436648011
357,48;366,331;359,287	217,378;35,163;334,198	946	1436648019
89,154;125,240;275,406	466,24;397,444;481,27	926	1436648024
200,381;163,110;469,441	229,437;442,306;20,144	441	1436648030
55,76;362,79;238,213	153,295;92,202;475,318	938	1436648036
100,341;330,312;357,345	215,317;85,336;73,299	589	1436648040
47,391;148,373;38,126	352,293;409,91;364,371	809	1436648047
302,153;253,50;22,320	203,86;63,40;125,404	478	1436648055
444,229;78,300;362,51	232,209;73,73;93,135	807	1436648060
254,421;291,307;450,150	240,251;225,405;473,202	686	1436648066
434,46;256,333;263,59	315,340;23,406;88,256	606	1436648071
47,391;148,373;38,126	131,433;171,48;216,219	641	1436648076
469,440;338,244;159,183	401,79;479,152;425,161	869	1436648083
89,154;125,240;275,406	190,42;244,176;441,479	476	1436648088
437,93;387,370;47,32	82,96;144,152;331,15	949	1436648097
44,216;18,283;221,415	21,67;476,432;146,409	904	1436648102
328,478;105,100;94,196	56,150;150,125;441,263	669	1436648107
340,30;42,217;206,132	28,487;477,292;462,308	215	1436648116
149,371;292,41;156,153	246,348;397,399;244,48	660	1436648125
288,255;363,115;201,424	299,20;461,169;234,38	884	1436648130
413,85;428,348;467,294	255,339;312,312;283,490	553	1436648136
3F4w8K857