136	L	0.0.0.0	1436653683
86,169;120,216;436,399	144,391;208,137;457,168	707	1436653769
86,78;211,107;147,483	300,72;222,477;113,110	398	1436653780
42,319;93,132;46,412	429,92;312,197;119,197	212	1436653790
321,361;415,193;224,237	321,361;415,193;224,237	38	1436653799
213,263;455,213;370,59	177,372;447,44;475,193	623	1436653805
280,308;219,21;355,351	311,180;66,426;446,166	305	1436653814
115,72;67,147;76,253	436,320;52,474;238,323	357	1436653820
44,216;18,283;221,415	253,487;369,346;394,259	881	1436653827
465,388;124,203;421,65	155,32;149,225;434,166	739	1436653835
248,388;417,384;69,239	106,377;346,423;326,17	892	1436653842
488,277;351,30;184,192	125,12;463,74;106,295	422	1436653851
478,450;271,114;331,218	394,480;316,350;290,290	429	1436653857
14,381;248,59;194,65	364,267;191,448;379,208	625	1436653863
13,429;403,265;260,443	54,12;445,145;324,375	698	1436653870
302,153;253,50;22,320	304,184;98,180;176,221	710	1436653891
328,478;105,100;94,196	93,446;420,42;263,168	597	1436653896
390,258;169,383;73,302	245,73;389,266;148,324	598	1436653903
94,322;203,172;357,266	261,488;333,161;445,213	809	1436653909
215,192;480,472;474,272	379,179;178,18;238,296	423	1436653915
338,231;61,51;240,147	13,109;29,200;272,337	332	1436653921
264,426;482,179;18,329	251,124;295,348;58,204	603	1436653929
300,232;230,83;30,223	60,209;170,421;211,15	551	1436653936
387,167;426,231;259,253	331,258;372,387;250,84	578	1436653941
275,295;128,48;421,173	308,185;350,107;177,112	425	1436653947
244,161;188,223;368,245	62,294;125,93;32,246	589	1436653952
264,426;482,179;18,329	372,382;58,467;79,204	760	1436653957
237,152;242,200;252,74	101,179;63,172;361,111	594	1436653963
348,490;125,173;408,282	161,400;387,361;74,198	413	1436653970
417,459;436,439;37,319	95,293;42,185;130,322	632	1436653974
153,188;274,288;483,162	385,212;337,396;128,352	467	1436653980
434,46;256,333;263,59	482,231;334,88;174,316	605	1436653989
347,119;193,213;98,56	326,443;487,115;299,105	437	1436653997
111,123;469,66;446,343	403,129;334,417;81,281	569	1436654017
83,486;84,230;32,399	343,334;272,300;326,248	841	1436654024
56,486;275,94;235,264	441,359;244,113;247,23	156	1436654030
369,71;75,28;27,254	12,285;209,101;71,444	396	1436654036
361,351;363,67;427,305	445,417;66,446;452,38	779	1436654042
324,302;150,474;446,304	451,350;458,323;40,354	455	1436654048
472,215;100,255;419,377	447,156;318,193;194,122	721	1436654053
434,46;256,333;263,59	224,354;23,433;11,355	646	1436654058
157,330;383,123;233,46	280,391;58,440;302,204	741	1436654062
457,337;394,378;378,276	33,146;252,320;203,285	625	1436654068
348,115;438,274;26,142	429,13;382,483;159,18	707	1436654073
460,245;158,394;24,467	193,256;186,202;363,314	562	1436654078
205,299;145,450;414,192	51,30;156,168;33,103	665	1436654083
422,179;272,248;370,272	464,220;261,413;366,345	595	1436654088
175,17;177,346;408,78	291,468;302,75;30,168	336	1436654094
381,321;487,486;49,203	29,452;352,49;79,278	690	1436654102
44,216;18,283;221,415	450,437;128,100;242,365	674	1436654108
16,394;451,86;303,220	232,325;114,469;337,42	679	1436654115
307,197;221,285;139,343	307,235;248,373;296,131	664	1436654120
327,417;356,454;374,349	82,106;100,302;151,424	632	1436654127
245,228;393,154;134,455	252,437;385,485;354,466	588	1436654133
149,207;426,247;34,439	173,417;172,254;480,287	379	1436654138
486,420;466,135;48,26	311,93;28,325;382,465	667	1436654144
222,408;164,124;245,176	281,318;253,146;20,273	649	1436654149
14,381;248,59;194,65	428,16;25,366;392,271	634	1436654154
317,27;349,63;431,383	232,370;153,52;443,252	733	1436654160
457,357;145,382;487,279	264,171;304,401;261,264	353	1436654165
377,193;395,27;213,453	384,374;246,277;434,386	333	1436654170
17,46;151,56;365,187	459,206;40,460;87,426	711	1436654177
481,440;192,366;278,309	154,420;343,225;238,361	656	1436654182
149,207;426,247;34,439	206,36;85,398;486,88	674	1436654187
398,474;21,332;153,380	398,474;21,332;153,380	308	1436654193
454,425;184,321;428,216	404,205;257,87;114,358	690	1436654199
264,426;482,179;18,329	181,55;406,188;57,372	645	1436654204
67,215;473,407;217,122	472,145;278,355;454,484	590	1436654210
155,98;302,281;101,263	214,134;113,267;347,460	650	1436654214
35,425;89,233;175,236	254,83;91,429;211,19	638	1436654219
472,215;100,255;419,377	150,19;20,379;220,438	455	1436654224
160,481;240,242;229,445	105,441;271,109;56,434	665	1436654230
55,14;304,357;283,57	467,295;429,21;134,200	645	1436654243
117,234;296,410;462,435	22,179;13,319;15,166	621	1436654270
309,341;144,310;36,277	92,419;277,129;315,93	382	1436654275
35,425;89,233;175,236	76,438;258,66;200,446	629	1436654280
347,119;193,213;98,56	70,245;489,285;126,489	352	1436654286
50,230;454,95;53,165	160,342;198,294;109,399	647	1436654291
228,473;475,127;325,461	65,125;173,469;474,103	884	1436654297
434,46;256,333;263,59	331,12;74,90;147,290	666	1436654301
254,421;291,307;450,150	465,26;130,363;332,126	351	1436654306
154,238;467,70;310,310	351,475;217,366;314,76	626	1436654311
215,192;480,472;474,272	270,411;148,110;448,265	439	1436654316
94,485;32,200;406,243	332,381;269,125;217,368	655	1436654321
14,381;248,59;194,65	320,142;108,266;213,315	560	1436654329
67,366;311,260;387,85	156,29;264,450;242,114	397	1436654333
237,152;242,200;252,74	466,332;477,377;18,488	602	1436654338
259,12;379,60;30,391	259,12;379,60;30,391	4	1436654346
236,458;437,368;320,145	23,458;425,295;304,43	54	1436654353
106,469;369,199;423,248	12,155;372,479;236,67	687	1436654361
251,365;443,328;291,105	35,415;307,445;348,134	666	1436654368
14,381;248,59;194,65	115,217;84,258;57,472	731	1436654373
131,227;89,67;338,141	265,472;23,173;449,102	294	1436654378
236,139;206,63;253,319	293,271;293,222;286,198	669	1436654383
486,420;466,135;48,26	488,359;175,165;352,438	696	1436654390
106,64;466,431;23,193	182,351;82,472;412,191	751	1436654395
309,23;360,111;406,300	203,442;477,266;433,344	659	1436654400
430,321;167,177;252,84	209,252;147,279;486,355	412	1436654405
309,341;144,310;36,277	311,110;331,136;374,82	651	1436654409
83,486;84,230;32,399	20,486;65,152;244,140	674	1436654414
215,192;480,472;474,272	476,379;317,83;278,292	261	1436654424
43,236;379,412;248,230	419,195;151,95;289,444	802	1436654429
76,347;113,369;99,460	131,293;66,276;442,247	656	1436654435
149,207;426,247;34,439	162,414;445,136;19,34	765	1436654441
437,319;434,366;263,222	286,432;267,339;136,110	717	1436654446
192,294;487,314;461,215	90,255;155,402;336,48	864	1436654453
94,322;203,172;357,266	13,109;316,54;369,352	355	1436654458
231,143;446,21;348,467	250,416;470,89;198,206	430	1436654469
428,58;228,125;188,159	389,313;399,101;423,455	754	1436654473
76,358;489,417;96,438	208,290;21,387;279,243	737	1436654478
124,217;147,407;186,118	134,109;462,90;120,320	762	1436654483
89,154;125,240;275,406	490,448;412,148;483,131	706	1436654488
430,321;167,177;252,84	39,429;318,147;365,117	252	1436654495
237,152;242,200;252,74	110,73;321,127;375,162	680	1436654501
430,321;167,177;252,84	264,124;481,333;96,306	657	1436654505
143,60;371,32;108,276	219,21;324,129;305,278	332	1436654510
354,37;84,322;153,399	308,61;78,12;249,384	758	1436654515
393,276;163,455;137,333	156,157;338,406;287,244	746	1436654519
154,238;467,70;310,310	113,235;377,127;105,73	706	1436654523
109,351;367,293;437,210	131,222;173,57;490,412	772	1436654528
47,391;148,373;38,126	407,177;178,338;428,339	734	1436654532
316,172;14,415;143,408	320,277;54,436;123,340	677	1436654537
338,328;155,125;160,228	267,410;261,204;81,187	733	1436654542
50,312;460,337;35,192	50,312;460,337;35,192	85	1436654549
451,398;119,210;123,346	307,436;176,323;490,306	704	1436654553
157,447;334,279;341,447	387,57;72,34;12,408	686	1436654557
189,351;109,271;299,151	335,159;21,51;149,402	704	1436654564
133,162;128,431;130,236	31,446;302,28;93,412	734	1436654569
288,255;363,115;201,424	191,30;485,236;191,31	721	1436654575
339,445;166,419;314,454	384,214;452,111;427,186	675	1436654583
115,407;173,452;259,205	286,168;377,162;458,324	688	1436654589
12,378;139,383;89,376	331,164;342,51;46,258	670	1436654597
325,127;61,12;38,369	392,217;302,129;333,407	660	1436654602
149,207;426,247;34,439	38,89;214,163;123,436	691	1436654608
430,321;167,177;252,84	157,280;261,174;50,217	740	1436654612
408,309;207,449;283,472	112,21;255,488;110,48	748	1436654618
2H3t7R146