137	R	0.0.0.0	1436653742
86,169;120,216;436,399	144,391;208,137;457,168	1000	1436654000
86,78;211,107;147,483	300,72;222,477;113,110	694	1436654011
42,319;93,132;46,412	429,92;312,197;119,197	995	1436654085
321,361;415,193;224,237	321,361;415,193;224,237	0	1436654107
213,263;455,213;370,59	177,372;447,44;475,193	927	1436654127
280,308;219,21;355,351	311,180;66,426;446,166	294	1436654133
77,378;218,284;101,337	215,241;326,234;38,256	1000	1436654138
106,64;466,431;23,193	391,131;207,25;293,282	710	1436654142
458,361;397,354;377,487	336,179;418,429;153,293	920	1436654147
367,14;142,80;418,272	432,332;86,278;351,146	0	1436654153
78,439;155,20;227,146	326,309;319,13;25,294	962	1436654157
76,358;489,417;96,438	192,462;415,144;228,367	1000	1436654162
331,59;98,201;91,149	297,426;384,314;116,88	895	1436654167
398,474;21,332;153,380	398,474;21,332;153,380	0	1436654173
177,33;67,451;184,217	13,309;375,235;429,210	1000	1436654178
347,119;193,213;98,56	108,378;250,39;36,122	722	1436654183
489,201;44,197;228,422	26,40;264,79;203,287	797	1436654188
375,207;227,444;303,54	416,238;420,170;107,15	680	1436654193
35,425;89,233;175,236	424,404;439,345;252,64	930	1436654205
50,312;460,337;35,192	50,312;460,337;35,192	0	1436654210
106,137;323,65;435,312	46,39;463,80;363,233	752	1436654224
361,351;363,67;427,305	328,208;294,442;101,305	824	1436654245
17,46;151,56;365,187	460,210;116,485;106,355	933	1436654251
215,192;480,472;474,272	20,442;74,338;67,16	802	1436654256
430,321;167,177;252,84	443,92;277,481;345,165	890	1436654260
382,294;207,333;280,232	460,125;258,112;100,214	846	1436654265
419,475;306,335;396,328	306,200;13,248;454,309	1000	1436654269
135,261;296,77;302,265	263,140;274,41;394,463	1000	1436654274
77,378;218,284;101,337	481,142;213,292;102,439	353	1436654279
76,347;113,369;99,460	166,305;392,212;317,95	916	1436654284
50,230;454,95;53,165	266,395;327,45;421,460	870	1436654288
65,176;422,68;95,428	319,201;118,94;77,325	731	1436654293
324,302;150,474;446,304	451,350;458,323;40,354	997	1436654297
299,87;198,274;274,328	414,261;391,172;183,337	288	1436654302
480,200;18,58;163,93	29,188;14,85;141,76	1000	1436654306
271,489;256,415;222,103	427,366;34,347;141,322	1000	1436654311
451,398;119,210;123,346	119,145;176,311;426,243	928	1436654316
99,128;43,391;145,125	287,159;307,208;415,212	1000	1436654321
76,347;113,369;99,460	387,255;356,110;348,35	1000	1436654326
347,119;193,213;98,56	394,210;69,311;232,110	836	1436654331
273,194;367,139;199,77	443,423;414,64;207,178	416	1436654335
347,119;193,213;98,56	421,57;133,149;340,460	345	1436654340
191,112;115,70;327,413	199,256;332,329;53,105	714	1436654344
75,111;25,240;420,109	247,473;64,11;462,12	728	1436654349
77,378;218,284;101,337	185,164;120,443;356,289	904	1436654353
264,426;482,179;18,329	353,353;15,483;460,26	266	1436654357
105,141;402,394;353,201	270,460;12,459;476,110	401	1436654362
83,486;84,230;32,399	273,13;370,186;485,205	0	1436654366
106,64;466,431;23,193	296,37;454,490;200,440	779	1436654370
392,275;82,167;259,63	266,135;198,301;406,109	795	1436654375
472,215;100,255;419,377	447,156;318,193;194,122	856	1436654379
423,196;148,161;315,389	475,428;270,398;327,460	866	1436654386
361,351;363,67;427,305	322,264;174,295;169,61	861	1436654391
248,104;421,75;73,460	429,50;349,288;408,300	887	1436654395
370,434;188,334;212,161	247,441;133,135;77,446	349	1436654399
380,127;372,382;383,156	251,180;321,388;223,259	1000	1436654404
259,12;379,60;30,391	259,12;379,60;30,391	0	1436654409
215,192;480,472;474,272	405,106;471,457;140,405	890	1436654413
17,46;151,56;365,187	274,158;266,436;245,144	907	1436654418
475,147;145,246;348,155	390,29;146,392;471,459	1000	1436654422
154,238;467,70;310,310	478,53;267,146;270,446	912	1436654427
94,322;203,172;357,266	427,325;160,356;326,67	236	1436654431
76,347;113,369;99,460	451,229;435,457;483,48	996	1436654437
46,386;200,316;17,387	41,298;315,281;162,277	944	1436654442
340,30;42,217;206,132	475,327;463,284;461,273	1000	1436654447
426,423;260,418;118,450	240,122;239,188;340,381	246	1436654452
361,351;363,67;427,305	402,250;181,262;352,207	258	1436654457
451,398;119,210;123,346	284,28;81,101;17,367	196	1436654462
415,283;266,420;180,301	16,171;442,186;377,23	832	1436654466
428,58;228,125;188,159	339,115;68,325;454,126	850	1436654471
197,292;450,382;143,244	450,407;274,467;344,418	891	1436654475
115,28;181,381;250,267	204,143;453,242;337,65	795	1436654480
76,358;489,417;96,438	208,290;21,387;279,243	958	1436654484
361,351;363,67;427,305	331,427;436,88;261,88	824	1436654489
314,132;212,22;131,37	94,349;370,31;188,394	872	1436654493
264,426;482,179;18,329	149,360;481,327;314,207	213	1436654500
215,192;480,472;474,272	247,97;416,32;385,378	0	1436654778
342,50;431,160;14,278	178,172;193,348;141,142	845	1436654783
39,116;108,97;247,341	438,262;121,329;301,119	832	1436654788
89,154;125,240;275,406	486,90;426,132;196,490	614	1436654793
399,284;233,305;41,450	210,476;32,167;237,287	785	1436654797
344,96;488,24;60,275	251,58;71,105;241,86	916	1436654801
44,319;320,435;84,356	342,279;245,48;363,277	1000	1436654806
433,212;264,194;294,451	369,84;170,290;375,143	1000	1436654810
338,473;283,193;282,329	459,226;363,327;285,116	1000	1436654815
461,30;449,159;411,277	348,263;93,232;179,250	247	1436654819
342,151;262,261;293,125	472,153;460,294;427,32	1000	1436654824
27,166;224,232;336,184	24,196;310,192;133,487	1000	1436654829
35,425;89,233;175,236	383,275;319,436;219,286	947	1436654834
279,344;160,281;150,110	197,462;257,97;51,395	898	1436654838
436,397;257,297;167,38	152,19;105,470;26,276	238	1436654843
430,321;167,177;252,84	276,282;254,431;163,95	217	1436654848
426,423;260,418;118,450	403,183;427,238;210,458	860	1436654853
179,30;138,322;132,275	280,345;450,190;446,114	1000	1436654857
430,321;167,177;252,84	25,160;345,246;25,360	954	1436654862
283,339;299,119;213,465	66,315;359,360;435,357	1000	1436654866
47,391;148,373;38,126	354,311;306,25;134,88	954	1436654871
340,30;42,217;206,132	139,215;37,189;241,415	1000	1436654875
83,486;84,230;32,399	265,19;124,421;163,171	1000	1436654880
94,322;203,172;357,266	101,404;202,394;101,250	1000	1436654884
200,93;21,334;329,359	467,379;192,465;469,371	1000	1436654890
115,72;67,147;76,253	362,101;43,361;426,71	1000	1436654894
14,381;248,59;194,65	383,438;295,418;19,411	1000	1436654898
430,321;167,177;252,84	35,263;118,73;281,484	971	1436654903
95,325;79,140;96,285	450,56;364,412;394,374	1000	1436654907
43,236;379,412;248,230	145,83;318,250;97,342	1000	1436654912
154,238;467,70;310,310	253,310;37,331;44,63	388	1436654916
281,214;418,373;400,139	93,476;363,460;361,132	1000	1436654920
480,200;18,58;163,93	341,89;257,63;141,83	1000	1436654925
223,126;340,163;87,453	303,264;60,108;290,28	1000	1436654929
307,219;449,393;84,274	209,212;362,294;120,87	1000	1436654935
314,321;239,485;440,386	159,80;166,383;459,313	369	1436654944
367,14;142,80;418,272	450,439;247,486;318,143	108	1436654949
306,47;106,440;353,462	192,490;132,31;347,136	221	1436654953
142,260;289,357;483,200	89,238;43,180;236,221	802	1436654957
367,14;142,80;418,272	335,20;184,106;127,358	695	1436654962
302,153;253,50;22,320	114,201;361,349;26,467	1000	1436654966
198,254;298,311;401,489	450,168;65,380;450,239	997	1436654971
211,347;475,203;109,470	388,441;359,80;277,409	1000	1436654975
236,34;374,64;36,389	283,314;102,401;291,79	1000	1436654980
217,239;383,377;410,29	335,25;104,191;75,12	352	1436654986
14,381;248,59;194,65	424,383;281,223;204,97	1000	1436654990
348,115;438,274;26,142	365,424;425,49;304,424	1000	1436654995
14,479;283,431;291,279	198,120;348,275;86,134	892	1436655000
393,141;234,36;161,63	470,97;94,277;242,175	1000	1436655004
361,216;132,47;50,403	418,223;370,220;254,393	1000	1436655010
361,351;363,67;427,305	43,60;57,28;392,440	1000	1436655015
440,73;266,296;53,430	488,237;436,297;207,45	974	1436655020
76,347;113,369;99,460	248,42;40,352;192,482	890	1436655025
266,417;349,433;185,171	432,217;45,58;303,467	810	1436655030
50,259;249,488;86,47	175,318;213,98;48,90	1000	1436655034
214,408;96,75;97,390	20,34;480,83;321,21	1000	1436655038
215,192;480,472;474,272	116,112;465,42;445,182	302	1436655043
132,448;325,227;137,345	450,34;211,338;457,364	945	1436655047
328,478;105,100;94,196	80,427;321,274;162,486	999	1436655052
89,154;125,240;275,406	490,448;412,148;483,131	1000	1436655057
5G5x7Q749