136	L	0.0.0.0	1436646821
86,169;120,216;436,399	144,391;208,137;457,168	643	1436646898
86,78;211,107;147,483	300,72;222,477;113,110	726	1436646907
42,319;93,132;46,412	429,92;312,197;119,197	136	1436646912
321,361;415,193;224,237	321,361;415,193;224,237	0	1436646919
213,263;455,213;370,59	177,372;447,44;475,193	361	1436646925
280,308;219,21;355,351	311,180;66,426;446,166	402	1436646931
23,248;123,178;127,233	346,359;16,106;282,34	699	1436646937
352,411;192,202;84,269	299,117;198,84;286,370	351	1436646943
83,486;84,230;32,399	290,252;110,137;309,476	336	1436646963
67,215;473,407;217,122	472,152;49,345;224,100	93	1436646968
44,216;18,283;221,415	424,24;461,383;160,39	710	1436646974
94,322;203,172;357,266	58,219;257,93;165,336	760	1436646980
115,72;67,147;76,253	225,235;120,460;250,50	841	1436646985
115,72;67,147;76,253	304,333;20,425;39,253	912	1436646990
14,381;248,59;194,65	199,19;60,15;250,358	721	1436646997
434,46;256,333;263,59	224,354;23,433;11,355	781	1436647016
259,12;379,60;30,391	259,12;379,60;30,391	58	1436647021
50,230;454,95;53,165	39,39;147,408;156,364	876	1436647036
472,215;100,255;419,377	200,68;149,406;80,234	771	1436647042
27,166;224,232;336,184	249,166;490,213;378,488	771	1436647049
196,412;444,339;304,208	24,282;236,128;118,312	820	1436647054
289,275;124,139;404,132	64,350;300,209;209,225	948	1436647067
436,397;257,297;167,38	276,337;252,215;181,448	807	1436647083
17,46;151,56;365,187	169,262;243,133;446,87	562	1436647088
102,281;46,283;323,422	390,414;355,134;405,298	376	1436647093
27,166;224,232;336,184	68,107;341,394;213,107	685	1436647100
180,478;334,205;398,30	205,192;159,318;222,174	749	1436647106
398,474;21,332;153,380	398,474;21,332;153,380	0	1436647113
76,347;113,369;99,460	174,165;274,361;28,411	724	1436647119
199,81;71,33;391,363	66,405;400,460;443,346	695	1436647124
134,64;131,247;225,178	428,399;271,25;408,68	574	1436647129
447,83;485,459;160,469	145,292;204,47;480,245	442	1436647134
289,168;87,464;57,220	172,31;395,82;24,404	454	1436647139
396,142;141,438;50,294	102,372;461,237;154,452	265	1436647144
111,29;269,311;167,257	234,320;135,162;253,322	540	1436647149
257,79;44,47;465,358	359,68;262,342;249,77	411	1436647154
430,321;167,177;252,84	28,285;195,31;394,204	544	1436647159
426,423;260,418;118,450	230,206;371,193;205,20	592	1436647164
35,425;89,233;175,236	199,360;179,12;141,298	587	1436647170
281,73;467,484;142,73	14,241;210,315;439,27	562	1436647174
436,397;257,297;167,38	421,307;209,295;138,376	564	1436647181
62,289;23,41;282,340	470,117;350,108;418,357	565	1436647186
430,321;167,177;252,84	187,436;41,477;435,182	512	1436647191
328,478;105,100;94,196	80,427;321,274;162,486	570	1436647197
67,215;473,407;217,122	464,311;452,37;149,224	338	1436647209
130,127;169,85;358,74	274,377;302,216;253,391	387	1436647215
27,166;224,232;336,184	432,170;290,98;197,247	534	1436647220
56,378;11,174;461,430	117,196;476,489;418,138	443	1436647225
50,312;460,337;35,192	50,312;460,337;35,192	0	1436647230
342,268;484,140;467,174	448,115;327,426;416,144	581	1436647237
213,383;98,57;304,200	396,146;200,298;380,69	586	1436647241
76,358;489,417;96,438	137,121;292,471;432,252	556	1436647248
340,30;42,217;206,132	44,233;250,145;227,38	593	1436647253
35,425;89,233;175,236	459,140;35,391;283,175	572	1436647259
215,74;161,202;355,181	234,272;48,228;83,76	420	1436647264
208,456;197,291;73,80	21,262;280,348;153,300	429	1436647269
31,139;147,71;261,139	395,223;110,363;55,139	596	1436647274
215,192;480,472;474,272	179,229;451,249;222,43	302	1436647279
427,55;168,381;374,397	240,321;197,156;404,106	639	1436647284
308,466;117,200;334,143	173,315;291,154;93,394	775	1436647289
300,360;312,457;170,365	195,367;27,160;268,238	635	1436647294
94,322;203,172;357,266	250,364;173,485;448,285	643	1436647299
13,429;403,265;260,443	54,12;445,145;324,375	637	1436647304
375,229;57,169;334,138	129,104;69,488;224,359	682	1436647309
348,115;438,274;26,142	73,211;359,321;153,325	613	1436647313
319,130;223,482;312,429	377,296;367,159;362,459	585	1436647317
291,115;371,443;379,409	326,309;66,394;76,366	622	1436647322
302,153;253,50;22,320	484,338;110,397;236,177	410	1436647327
234,181;321,434;385,464	72,144;257,453;34,144	601	1436647332
361,351;363,67;427,305	307,199;340,405;210,19	621	1436647337
35,425;89,233;175,236	383,275;319,436;219,286	428	1436647341
76,358;489,417;96,438	75,348;128,448;124,306	349	1436647346
340,30;42,217;206,132	139,215;37,189;241,415	711	1436647352
27,166;224,232;336,184	64,410;317,162;448,81	718	1436647357
430,384;413,207;234,269	124,334;53,322;322,445	756	1436647361
356,261;479,71;183,330	357,145;288,23;292,317	797	1436647367
328,478;105,100;94,196	452,458;390,421;230,269	820	1436647372
361,351;363,67;427,305	331,427;436,88;261,88	221	1436647379
367,14;142,80;418,272	390,54;200,136;418,454	887	1436647385
302,153;253,50;22,320	39,109;253,54;148,463	251	1436647391
260,455;222,472;446,44	488,263;341,366;107,33	255	1436647416
115,72;67,147;76,253	363,150;175,370;297,483	298	1436647420
426,423;260,418;118,450	76,100;136,375;102,250	766	1436647425
340,30;42,217;206,132	352,122;21,69;397,176	669	1436647429
77,378;218,284;101,337	297,282;41,382;73,234	797	1436647435
176,459;112,57;358,106	45,425;33,479;286,135	354	1436647441
434,46;256,333;263,59	296,331;252,318;305,191	748	1436647446
77,378;218,284;101,337	236,153;377,446;284,152	831	1436647451
281,293;134,442;28,68	252,339;30,299;211,153	829	1436647455
254,421;291,307;450,150	326,141;326,366;291,203	752	1436647460
212,445;179,174;380,30	139,431;441,407;404,100	391	1436647464
248,388;417,384;69,239	106,377;346,423;326,17	441	1436647469
366,435;449,416;346,59	443,70;394,40;204,429	352	1436647474
439,479;314,286;38,166	209,334;455,191;136,226	643	1436647479
54,357;250,374;174,378	417,450;446,472;95,69	569	1436647485
347,486;436,94;124,465	65,109;444,99;440,235	385	1436647489
149,207;426,247;34,439	106,316;429,105;350,477	419	1436647493
367,14;142,80;418,272	354,423;124,432;71,95	720	1436647497
391,41;216,359;395,193	39,288;150,443;150,125	761	1436647502
173,283;236,207;210,236	439,379;428,442;470,378	578	1436647507
154,238;467,70;310,310	270,191;374,437;354,220	371	1436647512
254,421;291,307;450,150	400,187;99,90;188,171	373	1436647517
315,349;239,69;118,324	273,296;197,156;270,450	737	1436647523
65,75;197,14;56,189	225,42;145,177;317,326	324	1436647528
27,166;224,232;336,184	455,116;346,477;213,471	791	1436647533
123,16;245,433;427,46	202,483;15,268;44,271	571	1436647537
165,353;21,269;375,230	21,15;347,50;209,320	642	1436647543
486,420;466,135;48,26	217,121;349,115;336,410	672	1436647547
252,19;102,121;202,293	485,101;431,411;120,158	747	1436647552
328,478;105,100;94,196	273,371;273,81;297,421	753	1436647565
381,82;274,376;422,221	95,414;393,291;466,155	239	1436647569
486,420;466,135;48,26	244,138;94,400;474,282	397	1436647575
367,14;142,80;418,272	144,273;16,159;149,398	725	1436647579
165,353;21,269;375,230	32,284;351,32;251,325	695	1436647584
144,277;199,257;323,247	16,362;453,26;140,407	872	1436647588
394,445;377,375;129,121	103,230;454,108;236,191	767	1436647593
205,299;145,450;414,192	51,30;156,168;33,103	713	1436647597
347,119;193,213;98,56	399,355;86,219;89,417	789	1436647601
33,209;12,45;453,237	180,364;27,47;409,62	903	1436647606
163,62;52,204;431,228	322,454;40,462;299,44	831	1436647622
430,321;167,177;252,84	29,368;283,297;275,435	804	1436647627
313,307;42,303;158,240	238,460;48,341;465,272	761	1436647632
196,412;444,339;304,208	428,370;340,270;142,168	879	1436647636
426,423;260,418;118,450	408,353;127,61;485,357	647	1436647640
133,162;128,431;130,236	31,446;302,28;93,412	816	1436647644
284,63;406,327;288,260	428,246;323,288;181,462	670	1436647649
140,440;401,193;204,362	489,52;141,443;396,232	707	1436647653
149,207;426,247;34,439	289,142;128,288;481,453	621	1436647659
434,46;256,333;263,59	482,231;334,88;174,316	282	1436647663
446,473;425,334;419,348	279,288;294,240;205,361	426	1436647668
451,398;119,210;123,346	129,73;265,290;35,401	298	1436647672
451,398;119,210;123,346	27,465;459,342;68,109	313	1436647676
118,71;352,404;451,404	461,431;182,15;372,97	275	1436647681
17,41;362,33;266,267	454,149;188,468;359,63	214	1436647686
77,378;218,284;101,337	481,142;213,292;102,439	302	1436647692
5G3z9L993