136	R	0.0.0.0	1436647054
86,169;120,216;436,399	144,391;208,137;457,168	908	1436647141
86,78;211,107;147,483	300,72;222,477;113,110	626	1436647152
42,319;93,132;46,412	429,92;312,197;119,197	773	1436647159
321,361;415,193;224,237	321,361;415,193;224,237	85	1436647170
213,263;455,213;370,59	177,372;447,44;475,193	485	1436647181
280,308;219,21;355,351	311,180;66,426;446,166	569	1436647187
50,230;454,95;53,165	484,91;125,384;21,344	662	1436647193
115,72;67,147;76,253	128,27;398,237;363,246	811	1436647201
165,353;21,269;375,230	490,175;333,20;155,481	766	1436647208
434,46;256,333;263,59	488,434;197,377;182,220	160	1436647214
264,426;482,179;18,329	353,353;15,483;460,26	609	1436647219
437,319;434,366;263,222	12,326;13,446;31,71	649	1436647225
149,207;426,247;34,439	323,97;293,461;458,301	263	1436647230
468,41;217,339;270,345	269,205;117,169;482,321	465	1436647236
335,49;222,158;461,361	428,477;354,386;94,266	672	1436647257
288,255;363,115;201,424	174,229;431,149;307,184	291	1436647264
343,437;278,351;412,243	218,121;48,337;331,345	660	1436647269
67,215;473,407;217,122	458,106;201,290;272,61	455	1436647276
27,166;224,232;336,184	141,298;458,262;286,168	418	1436647281
259,12;379,60;30,391	259,12;379,60;30,391	122	1436647291
418,81;141,116;372,336	488,469;300,36;35,199	425	1436647297
17,46;151,56;365,187	206,56;382,367;443,376	594	1436647303
242,12;127,31;373,156	91,34;248,260;460,393	773	1436647309
485,255;389,269;456,207	378,427;368,309;47,44	946	1436647316
302,153;253,50;22,320	291,330;184,251;449,209	455	1436647321
386,391;20,184;258,12	481,446;170,462;305,76	164	1436647327
88,185;487,350;477,471	468,54;43,405;23,337	390	1436647334
76,347;113,369;99,460	34,403;303,318;152,152	915	1436647340
163,62;52,204;431,228	447,122;379,433;164,89	463	1436647345
428,58;228,125;188,159	227,105;212,192;410,489	812	1436647351
177,33;67,451;184,217	13,309;375,235;429,210	813	1436647356
359,211;202,311;189,66	396,452;350,317;198,395	338	1436647362
281,293;134,442;28,68	84,129;395,300;307,43	121	1436647369
44,216;18,283;221,415	342,417;74,421;90,266	615	1436647376
199,81;71,33;391,363	66,405;400,460;443,346	486	1436647381
329,401;253,227;31,373	247,230;183,286;100,127	488	1436647387
361,351;363,67;427,305	43,60;57,28;392,440	716	1436647393
231,461;117,268;267,348	87,274;478,227;65,437	673	1436647399
259,318;411,396;410,44	370,374;23,98;461,311	584	1436647406
254,421;291,307;450,150	96,120;101,314;286,285	923	1436647412
134,64;131,247;225,178	428,399;271,25;408,68	616	1436647417
35,425;89,233;175,236	174,419;413,418;183,127	884	1436647423
436,397;257,297;167,38	411,67;428,200;296,189	819	1436647429
169,174;201,74;213,342	448,154;300,272;415,474	555	1436647437
486,420;466,135;48,26	129,199;112,79;199,292	915	1436647442
324,14;418,79;322,368	485,29;306,63;71,275	681	1436647448
486,420;466,135;48,26	344,275;342,88;135,357	409	1436647455
47,235;395,273;181,369	137,133;168,422;334,209	348	1436647461
163,62;52,204;431,228	316,374;207,102;416,29	380	1436647466
94,322;203,172;357,266	223,330;48,29;377,70	418	1436647472
214,58;329,67;163,421	376,41;382,90;35,413	450	1436647478
84,95;168,25;195,325	288,366;96,284;480,234	490	1436647483
451,245;138,447;483,356	248,75;226,409;152,411	266	1436647490
84,326;485,334;433,124	94,12;402,322;300,50	302	1436647495
165,353;21,269;375,230	313,399;158,380;326,104	214	1436647501
44,216;18,283;221,415	223,460;309,487;244,409	486	1436647507
165,353;21,269;375,230	426,34;181,163;371,106	525	1436647512
27,166;224,232;336,184	288,490;271,159;235,163	712	1436647518
14,381;248,59;194,65	281,22;334,21;231,143	765	1436647525
215,192;480,472;474,272	20,442;74,338;67,16	874	1436647536
43,236;379,412;248,230	354,385;422,220;64,319	136	1436647542
310,384;218,266;250,393	316,120;226,65;37,362	778	1436647550
154,238;467,70;310,310	230,41;246,29;257,355	844	1436647564
76,347;113,369;99,460	52,382;209,479;389,355	814	1436647576
480,200;18,58;163,93	44,250;44,450;237,314	869	1436647594
209,383;61,43;158,83	186,34;366,308;229,26	298	1436647600
307,31;59,122;60,281	85,255;11,75;185,248	336	1436647605
94,322;203,172;357,266	382,420;78,286;171,161	393	1436647610
415,292;209,327;323,51	76,217;385,79;298,376	449	1436647615
486,420;466,135;48,26	235,396;75,360;131,101	634	1436647621
83,486;84,230;32,399	273,13;370,186;485,205	275	1436647627
281,293;134,442;28,68	75,475;270,398;226,205	150	1436647632
149,207;426,247;34,439	108,192;134,376;393,489	353	1436647637
246,56;352,469;423,189	227,70;403,91;371,326	518	1436647642
327,170;177,387;424,302	246,421;135,12;161,420	625	1436647648
327,385;313,480;350,440	102,338;178,411;167,375	360	1436647654
60,251;418,393;465,310	275,188;411,266;298,361	637	1436647659
472,215;100,255;419,377	297,373;272,252;444,209	710	1436647666
196,412;444,339;304,208	108,322;387,263;145,91	315	1436647671
122,281;39,151;209,490	44,427;383,241;389,202	488	1436647676
222,87;30,28;480,77	230,164;437,486;203,346	787	1436647682
302,153;253,50;22,320	476,417;228,133;242,261	262	1436647688
215,64;319,329;141,217	365,238;110,101;183,462	364	1436647694
295,406;425,445;73,468	420,218;39,438;49,478	657	1436647701
94,322;203,172;357,266	269,366;50,160;368,230	621	1436647708
451,398;119,210;123,346	489,191;317,393;227,128	567	1436647729
131,485;147,168;29,201	216,467;165,365;390,81	537	1436647736
17,46;151,56;365,187	285,208;341,357;321,400	707	1436647742
163,62;52,204;431,228	281,114;79,227;437,363	48	1436647748
27,166;224,232;336,184	36,112;363,144;421,289	461	1436647754
76,347;113,369;99,460	295,238;488,167;31,302	841	1436647762
50,312;460,337;35,192	50,312;460,337;35,192	135	1436647767
340,30;42,217;206,132	242,112;79,248;66,69	835	1436647773
95,19;170,215;33,180	418,200;319,324;75,475	786	1436647778
399,284;233,305;41,450	210,476;32,167;237,287	562	1436647784
200,56;252,93;105,169	47,119;408,238;285,176	862	1436647790
391,41;216,359;395,193	32,340;85,208;411,101	416	1436647795
403,398;260,464;121,125	412,400;85,401;402,33	471	1436647800
23,28;369,459;24,30	219,251;21,346;344,191	145	1436647818
85,408;294,292;318,435	147,475;36,444;85,353	381	1436647824
254,421;291,307;450,150	141,390;406,388;488,412	455	1436647829
204,489;143,109;260,195	327,433;110,426;43,282	356	1436647834
67,215;473,407;217,122	441,355;430,431;234,213	389	1436647841
36,169;217,145;145,393	46,418;331,448;176,92	413	1436647847
94,362;247,412;142,472	284,389;332,205;276,240	571	1436647853
394,122;428,303;486,266	343,451;368,423;96,382	395	1436647858
302,153;253,50;22,320	308,325;446,360;196,125	244	1436647864
27,166;224,232;336,184	294,484;169,341;234,400	769	1436647870
486,420;466,135;48,26	414,257;126,184;344,133	462	1436647876
431,305;150,332;312,23	472,185;235,118;68,453	436	1436647881
472,83;362,33;42,272	26,485;383,468;440,335	247	1436647887
391,41;216,359;395,193	281,232;373,41;291,193	587	1436647892
76,358;489,417;96,438	387,477;204,486;350,166	361	1436647897
361,351;363,67;427,305	381,14;471,402;346,225	429	1436647902
344,96;488,24;60,275	251,58;71,105;241,86	887	1436647907
50,230;454,95;53,165	198,474;437,43;449,131	236	1436647913
193,479;168,135;358,222	88,363;399,336;189,383	649	1436647918
77,378;218,284;101,337	238,162;154,330;398,429	478	1436647923
242,113;191,118;265,35	368,482;347,61;398,24	976	1436647928
17,46;151,56;365,187	436,362;286,239;314,377	904	1436647934
154,238;467,70;310,310	54,20;312,481;275,70	403	1436647939
281,293;134,442;28,68	285,290;86,411;334,318	455	1436647944
472,215;100,255;419,377	135,188;490,359;384,52	133	1436647950
342,186;255,417;289,88	28,385;164,313;410,342	193	1436647955
486,420;466,135;48,26	59,103;302,370;395,224	386	1436647960
78,49;51,344;355,483	260,445;30,382;299,372	643	1436647965
379,378;451,158;199,127	366,101;95,153;154,489	485	1436647971
346,301;20,369;393,394	96,280;403,274;366,389	294	1436647976
398,474;21,332;153,380	398,474;21,332;153,380	0	1436647981
356,215;425,276;115,264	438,235;293,291;374,19	531	1436647987
255,47;434,70;485,479	247,439;58,199;397,61	529	1436647992
16,433;302,128;448,319	30,29;336,147;44,369	410	1436647997
197,303;405,437;384,36	119,399;113,49;300,263	198	1436648004
196,412;444,339;304,208	471,57;76,353;53,84	624	1436648009
11,265;292,192;100,482	449,409;426,389;325,372	779	1436648014
3G6v5M995