136	L	0.0.0.0	1436646784
86,169;120,216;436,399	144,391;208,137;457,168	877	1436646869
86,78;211,107;147,483	300,72;222,477;113,110	137	1436646880
42,319;93,132;46,412	429,92;312,197;119,197	674	1436646898
321,361;415,193;224,237	321,361;415,193;224,237	17	1436646908
213,263;455,213;370,59	177,372;447,44;475,193	667	1436646923
280,308;219,21;355,351	311,180;66,426;446,166	422	1436647035
262,185;231,113;441,118	103,180;172,272;208,360	821	1436647043
401,471;68,88;169,403	424,110;340,177;82,93	195	1436647054
47,391;148,373;38,126	402,51;137,297;109,348	725	1436647076
353,41;139,130;431,269	156,352;390,158;44,116	63	1436647085
154,238;467,70;310,310	351,475;217,366;314,76	221	1436647093
361,351;363,67;427,305	335,63;182,298;85,207	29	1436647135
391,41;216,359;395,193	317,302;332,108;251,94	126	1436647143
254,421;291,307;450,150	298,213;426,403;207,41	756	1436647150
475,14;216,211;203,146	103,13;401,455;420,440	696	1436647158
164,450;452,69;467,174	120,50;173,43;155,372	75	1436647165
83,486;84,230;32,399	375,179;124,485;333,186	553	1436647185
34,194;35,103;306,433	262,92;49,296;259,357	609	1436647194
237,152;242,200;252,74	287,446;430,487;237,462	187	1436647201
220,320;197,212;287,275	21,253;220,58;401,264	42	1436647207
99,241;469,487;242,456	298,61;237,189;337,364	13	1436647214
393,113;214,80;96,118	466,29;28,90;32,117	322	1436647221
437,319;434,366;263,222	179,239;150,221;228,187	22	1436647227
398,474;21,332;153,380	398,474;21,332;153,380	1	1436647235
428,58;228,125;188,159	76,329;188,379;147,416	420	1436647241
428,58;228,125;188,159	378,407;143,456;43,47	341	1436647247
132,375;263,217;217,424	254,335;365,130;377,162	631	1436647254
328,478;105,100;94,196	23,311;125,208;346,26	611	1436647275
167,341;294,371;343,173	109,447;482,471;392,361	103	1436647282
35,425;89,233;175,236	342,19;66,443;72,260	57	1436647288
17,46;151,56;365,187	120,465;247,323;490,300	332	1436647293
428,58;228,125;188,159	431,73;404,87;227,51	8	1436647304
264,426;482,179;18,329	372,382;58,467;79,204	204	1436647310
17,46;151,56;365,187	96,355;221,309;331,41	64	1436647317
331,330;347,213;57,141	140,408;426,465;166,159	206	1436647323
436,397;257,297;167,38	466,411;136,45;233,46	561	1436647329
65,301;454,395;167,284	296,71;96,98;170,80	258	1436647339
34,238;481,41;459,54	447,77;471,46;343,195	63	1436647346
196,412;444,339;304,208	170,368;490,45;59,12	101	1436647357
165,353;21,269;375,230	111,428;196,53;385,419	222	1436647365
149,207;426,247;34,439	65,44;330,403;232,29	629	1436647373
449,258;17,126;408,307	97,53;147,25;468,335	309	1436647379
106,64;466,431;23,193	296,233;366,53;34,59	382	1436647386
264,426;482,179;18,329	130,86;440,186;292,319	332	1436647394
471,490;469,484;328,267	186,377;77,417;436,262	642	1436647401
23,28;369,459;24,30	243,388;138,349;487,478	22	1436647409
120,412;260,461;326,221	440,100;141,171;322,316	248	1436647417
134,194;106,178;445,461	481,322;53,53;38,15	701	1436647423
195,212;111,183;273,283	122,325;334,368;415,413	616	1436647430
434,46;256,333;263,59	331,12;74,90;147,290	349	1436647436
17,46;151,56;365,187	274,158;266,436;245,144	645	1436647441
430,321;167,177;252,84	159,117;398,456;311,130	317	1436647447
50,312;460,337;35,192	50,312;460,337;35,192	328	1436647453
328,478;105,100;94,196	337,413;169,110;114,153	255	1436647464
202,377;108,149;59,131	421,113;473,101;488,30	668	1436647472
94,322;203,172;357,266	101,404;202,394;101,250	251	1436647479
428,256;275,257;477,381	361,268;361,373;418,209	668	1436647485
118,74;160,342;370,12	264,65;32,209;273,412	419	1436647493
67,215;473,407;217,122	135,98;333,403;224,473	366	1436647500
324,14;418,79;322,368	485,29;306,63;71,275	576	1436647505
76,358;489,417;96,438	192,371;74,137;449,325	597	1436647516
367,14;142,80;418,272	418,177;433,249;441,104	827	1436647521
56,165;350,184;51,232	306,413;200,148;41,329	732	1436647526
196,412;444,339;304,208	384,41;60,111;326,397	382	1436647533
309,178;298,163;167,362	416,424;175,204;75,131	706	1436647539
451,398;119,210;123,346	451,86;463,384;148,195	738	1436647544
50,230;454,95;53,165	441,212;277,278;20,462	730	1436647551
451,398;119,210;123,346	489,191;317,393;227,128	703	1436647558
204,332;456,409;52,169	156,235;308,133;309,447	818	1436647565
315,296;108,325;378,323	192,437;85,347;330,54	824	1436647570
328,478;105,100;94,196	463,420;62,94;128,201	806	1436647575
236,231;229,482;319,77	26,316;365,269;125,263	828	1436647582
207,86;344,115;103,413	148,436;327,24;445,107	294	1436647588
391,41;216,359;395,193	169,450;360,356;133,284	745	1436647594
154,238;467,70;310,310	478,53;267,146;270,446	402	1436647600
200,324;143,436;428,343	89,200;461,354;33,224	829	1436647606
44,216;18,283;221,415	438,40;152,24;261,194	752	1436647612
309,341;144,310;36,277	479,451;241,171;454,90	973	1436647618
438,408;105,179;31,56	286,472;286,382;188,250	273	1436647626
344,101;301,81;121,206	411,165;356,360;387,324	438	1436647631
348,115;438,274;26,142	30,383;409,131;142,124	249	1436647638
165,475;252,378;450,119	213,297;281,56;223,352	204	1436647644
281,293;134,442;28,68	28,410;71,165;345,120	143	1436647649
152,232;337,385;356,369	103,149;66,68;42,33	844	1436647654
451,398;119,210;123,346	256,183;382,183;160,319	389	1436647661
436,397;257,297;167,38	450,342;443,484;15,381	641	1436647666
115,72;67,147;76,253	489,291;481,239;465,239	706	1436647673
366,104;72,458;150,440	377,339;355,20;432,461	431	1436647678
94,73;238,249;482,62	59,295;132,344;353,138	845	1436647684
94,79;274,230;124,87	408,221;160,457;472,173	386	1436647694
215,192;480,472;474,272	476,412;204,174;476,302	404	1436647700
264,426;482,179;18,329	264,185;451,180;323,384	626	1436647708
215,192;480,472;474,272	53,481;373,486;18,327	205	1436647718
434,46;256,333;263,59	447,300;225,129;103,99	766	1436647724
138,309;464,283;381,12	191,101;348,229;76,161	721	1436647731
95,121;198,52;123,90	181,108;330,332;28,147	899	1436647736
86,457;384,351;368,244	171,345;106,52;319,134	734	1436647742
30,231;131,192;281,449	189,108;90,242;244,233	592	1436647748
17,46;151,56;365,187	301,28;243,373;172,162	854	1436647754
215,192;480,472;474,272	446,53;272,484;12,283	321	1436647759
27,166;224,232;336,184	148,312;28,16;350,450	393	1436647767
163,62;52,204;431,228	162,301;376,328;127,57	401	1436647807
347,119;193,213;98,56	26,118;486,317;246,474	131	1436647812
426,423;260,418;118,450	195,257;103,93;179,197	14	1436647818
411,41;59,322;112,267	139,165;385,304;441,473	584	1436647824
89,325;174,202;481,355	202,421;249,111;468,146	103	1436647829
436,397;257,297;167,38	107,260;44,466;179,202	286	1436647835
87,133;455,435;99,63	274,343;190,366;380,210	254	1436647841
76,347;113,369;99,460	451,229;435,457;483,48	723	1436647846
242,476;305,254;419,231	346,357;92,14;183,160	719	1436647851
254,421;291,307;450,150	426,276;161,251;326,173	715	1436647857
259,12;379,60;30,391	259,12;379,60;30,391	44	1436647876
47,391;148,373;38,126	461,480;53,384;60,153	199	1436647882
21,312;285,334;390,71	154,262;388,252;320,95	222	1436647887
165,353;21,269;375,230	348,478;69,193;183,338	825	1436647892
436,397;257,297;167,38	203,94;471,37;286,58	641	1436647898
44,216;18,283;221,415	253,487;369,346;394,259	428	1436647903
306,329;229,119;143,223	82,170;235,99;268,461	305	1436647910
76,358;489,417;96,438	175,416;453,32;35,227	421	1436647915
254,421;291,307;450,150	450,370;129,122;480,363	620	1436647922
128,117;70,485;43,73	126,298;448,190;395,353	689	1436647928
157,110;444,484;444,151	280,50;239,358;404,178	356	1436647936
300,240;369,472;450,287	105,285;43,459;59,272	786	1436647963
90,423;62,361;169,336	443,345;272,229;181,265	418	1436647978
106,64;466,431;23,193	440,100;394,318;65,271	428	1436647984
430,321;167,177;252,84	336,467;194,458;275,271	354	1436647990
150,440;434,194;117,390	225,26;135,153;200,168	702	1436647997
375,207;227,444;303,54	416,238;420,170;107,15	622	1436648003
436,397;257,297;167,38	217,132;336,191;419,213	745	1436648009
215,192;480,472;474,272	402,188;311,380;51,83	419	1436648015
228,423;164,419;14,164	323,113;483,436;235,57	362	1436648022
273,194;367,139;199,77	443,423;414,64;207,178	314	1436648028
207,45;91,245;66,317	114,97;388,61;326,215	801	1436648034
302,153;253,50;22,320	423,391;373,176;117,317	640	1436648041
146,221;138,125;326,301	478,194;186,433;469,348	353	1436648050
4C3x8P539