136	R	0.0.0.0	1436646789
86,169;120,216;436,399	144,391;208,137;457,168	991	1436646865
86,78;211,107;147,483	300,72;222,477;113,110	852	1436646874
42,319;93,132;46,412	429,92;312,197;119,197	869	1436646882
321,361;415,193;224,237	321,361;415,193;224,237	0	1436646893
213,263;455,213;370,59	177,372;447,44;475,193	886	1436646904
280,308;219,21;355,351	311,180;66,426;446,166	24	1436646916
300,136;376,129;337,435	413,424;381,450;72,123	957	1436646923
490,216;178,177;238,472	308,411;268,105;68,447	60	1436646930
196,412;444,339;304,208	484,52;138,284;425,266	1000	1436646937
23,24;436,476;154,238	455,313;103,136;390,305	130	1436646946
163,62;52,204;431,228	403,353;467,425;343,485	368	1436646953
441,100;406,185;394,397	320,50;256,279;341,136	398	1436646960
131,240;276,317;442,73	478,387;470,97;33,263	442	1436646966
436,397;257,297;167,38	236,52;253,110;232,85	443	1436646976
165,353;21,269;375,230	365,141;163,185;37,95	16	1436646984
340,379;107,473;117,374	81,69;32,341;267,388	994	1436646990
412,220;63,341;362,41	244,342;447,153;325,230	1000	1436646997
355,200;121,189;99,258	150,114;26,72;465,59	976	1436647002
84,326;485,334;433,124	94,12;402,322;300,50	33	1436647008
257,468;429,144;181,111	255,412;252,348;405,55	1000	1436647015
456,187;250,94;44,448	284,372;56,123;190,36	275	1436647021
367,14;142,80;418,272	346,169;182,115;20,330	196	1436647026
437,319;434,366;263,222	352,295;346,255;157,407	25	1436647032
43,236;379,412;248,230	255,447;252,197;285,190	1000	1436647041
276,93;382,365;62,19	489,418;490,65;158,17	410	1436647049
367,14;142,80;418,272	325,86;420,488;198,344	197	1436647058
33,38;440,472;482,48	486,451;42,45;202,477	358	1436647064
220,407;282,381;448,57	51,479;277,410;119,393	1000	1436647071
361,351;363,67;427,305	98,147;90,140;35,432	1000	1436647078
228,327;256,477;269,351	143,219;277,325;480,60	1000	1436647084
432,302;326,365;176,313	220,181;253,325;104,440	78	1436647090
237,152;242,200;252,74	320,447;228,74;330,414	228	1436647097
348,317;214,53;123,255	110,484;359,258;226,13	338	1436647101
153,188;274,288;483,162	385,212;337,396;128,352	27	1436647107
14,381;248,59;194,65	391,116;112,331;325,21	306	1436647130
433,164;201,196;304,146	285,336;441,94;380,154	1000	1436647136
252,111;192,53;387,347	465,50;228,434;170,40	1000	1436647141
134,19;328,214;253,384	257,356;112,231;227,350	1000	1436647147
436,397;257,297;167,38	411,67;428,200;296,189	1000	1436647151
391,41;216,359;395,193	210,445;315,449;206,15	151	1436647157
461,237;147,359;325,221	143,18;67,231;64,384	888	1436647162
443,321;153,388;404,266	96,449;130,163;60,168	2	1436647175
434,46;256,333;263,59	201,144;389,113;203,128	1000	1436647184
426,423;260,418;118,450	140,425;386,322;176,384	37	1436647189
83,486;84,230;32,399	281,197;48,409;281,240	41	1436647195
472,215;100,255;419,377	329,180;355,399;421,462	930	1436647202
436,397;257,297;167,38	330,278;51,489;377,154	39	1436647208
76,358;489,417;96,438	304,349;452,146;392,378	31	1436647214
34,479;326,155;36,366	417,459;149,258;103,53	76	1436647218
277,263;170,246;177,390	277,410;424,472;225,190	954	1436647226
361,351;363,67;427,305	296,62;186,281;168,438	1000	1436647232
47,391;148,373;38,126	93,189;397,138;299,324	353	1436647237
165,353;21,269;375,230	197,198;242,156;389,285	366	1436647244
408,309;207,449;283,472	112,21;255,488;110,48	1000	1436647249
177,33;67,451;184,217	13,309;375,235;429,210	1000	1436647255
396,80;161,248;281,51	31,120;258,159;465,394	1000	1436647260
288,255;363,115;201,424	305,485;182,85;157,26	39	1436647268
428,58;228,125;188,159	118,83;63,168;95,406	393	1436647274
430,321;167,177;252,84	264,124;481,333;96,306	290	1436647279
121,490;261,396;139,123	203,331;188,476;425,239	51	1436647283
327,170;177,387;424,302	246,421;135,12;161,420	1000	1436647288
50,230;454,95;53,165	150,197;186,396;475,442	1000	1436647294
254,421;291,307;450,150	447,36;60,393;316,321	973	1436647299
436,397;257,297;167,38	188,179;126,406;37,85	975	1436647305
298,458;242,174;180,300	61,129;201,236;442,264	954	1436647311
165,353;21,269;375,230	25,71;390,12;353,361	789	1436647317
132,462;348,313;185,356	71,150;466,397;371,219	885	1436647322
479,120;345,43;155,474	383,328;169,408;359,47	656	1436647329
43,236;379,412;248,230	252,227;317,435;149,360	425	1436647334
254,411;204,226;33,172	150,116;409,153;354,373	410	1436647339
115,72;67,147;76,253	38,396;93,270;303,33	748	1436647345
44,216;18,283;221,415	431,182;311,399;152,448	653	1436647350
83,486;84,230;32,399	83,359;370,412;268,322	388	1436647355
77,378;218,284;101,337	238,232;57,141;138,293	1000	1436647360
426,423;260,418;118,450	71,255;379,50;468,430	1000	1436647365
264,426;482,179;18,329	142,455;452,149;490,134	1000	1436647370
421,166;418,470;354,366	27,469;483,409;435,342	79	1436647375
50,312;460,337;35,192	50,312;460,337;35,192	31	1436647381
389,89;204,150;200,290	341,210;116,20;28,439	854	1436647386
215,192;480,472;474,272	429,264;89,171;464,444	238	1436647391
44,216;18,283;221,415	223,460;309,487;244,409	770	1436647396
408,283;146,55;304,402	284,180;266,261;347,348	820	1436647400
428,58;228,125;188,159	286,83;471,280;40,395	1000	1436647406
27,166;224,232;336,184	391,283;58,403;480,57	1000	1436647411
42,192;149,245;254,417	477,38;268,438;205,341	1000	1436647418
391,41;216,359;395,193	276,22;134,384;292,152	46	1436647425
309,341;144,310;36,277	71,359;88,448;147,267	1000	1436647432
165,353;21,269;375,230	353,486;174,307;246,11	864	1436647438
381,205;308,167;191,444	263,15;311,126;241,47	370	1436647446
276,47;212,373;185,261	472,192;213,388;413,106	682	1436647451
329,401;253,227;31,373	247,230;183,286;100,127	632	1436647456
281,293;134,442;28,68	132,317;289,123;402,288	607	1436647460
398,474;21,332;153,380	398,474;21,332;153,380	2	1436647467
83,486;84,230;32,399	458,175;256,69;432,66	344	1436647472
291,387;433,421;485,71	403,302;361,256;128,419	813	1436647477
457,19;206,405;63,247	56,481;275,293;451,355	648	1436647482
148,101;266,78;165,328	168,320;164,298;454,88	894	1436647487
89,154;125,240;275,406	322,413;106,154;433,441	393	1436647492
332,172;130,329;190,199	291,358;359,65;84,489	971	1436647498
93,472;400,307;159,178	13,297;379,213;188,378	272	1436647504
454,150;330,203;41,29	177,53;321,240;159,198	765	1436647509
426,423;260,418;118,450	403,183;427,238;210,458	283	1436647514
50,230;454,95;53,165	133,50;367,395;406,169	875	1436647520
253,301;267,14;389,273	140,25;324,394;274,42	246	1436647525
347,119;193,213;98,56	78,351;55,381;205,266	1000	1436647529
391,41;216,359;395,193	213,65;57,140;314,424	96	1436647534
467,60;162,140;412,469	49,445;24,259;248,304	1000	1436647539
381,435;363,360;239,70	237,387;453,53;411,363	1000	1436647543
385,52;218,391;129,166	70,22;96,342;383,25	69	1436647549
94,322;203,172;357,266	13,109;316,54;369,352	867	1436647554
446,108;328,461;337,257	227,445;269,383;347,379	914	1436647561
451,398;119,210;123,346	284,28;81,101;17,367	168	1436647566
222,87;30,28;480,77	230,164;437,486;203,346	280	1436647571
87,328;263,384;438,283	450,89;340,313;139,195	255	1436647577
163,62;52,204;431,228	136,412;288,476;286,31	207	1436647583
302,153;253,50;22,320	147,143;230,200;25,296	319	1436647587
440,223;88,407;289,158	181,414;232,130;325,282	215	1436647591
253,29;278,316;281,393	206,467;208,358;237,87	22	1436647596
367,284;217,395;425,416	126,255;12,71;328,422	1000	1436647601
57,110;252,318;284,70	104,252;33,341;204,102	1000	1436647606
196,412;444,339;304,208	248,83;470,383;193,264	301	1436647611
437,319;434,366;263,222	450,159;169,324;451,128	967	1436647616
127,351;154,223;338,151	148,85;165,467;139,265	1000	1436647622
259,12;379,60;30,391	259,12;379,60;30,391	11	1436647630
291,284;172,229;443,397	180,305;254,195;47,416	0	1436647636
15,98;261,151;132,185	247,157;258,306;155,472	725	1436647642
240,292;79,112;138,295	362,298;437,394;227,431	135	1436647647
106,64;466,431;23,193	379,130;153,194;219,326	930	1436647652
55,368;85,403;371,269	325,86;208,348;234,16	191	1436647658
469,55;136,66;89,152	156,312;160,18;331,274	68	1436647668
115,72;67,147;76,253	292,131;206,103;468,276	158	1436647673
106,64;466,431;23,193	226,166;15,19;283,456	43	1436647683
430,321;167,177;252,84	29,170;11,345;247,32	125	1436647694
44,216;18,283;221,415	21,67;476,432;146,409	1000	1436647699
44,216;18,283;221,415	450,437;128,100;242,365	93	1436647704
4D4x9P470