136	L	0.0.0.0	1436646045
86,169;120,216;436,399	144,391;208,137;457,168	0	1436646162
86,78;211,107;147,483	300,72;222,477;113,110	167	1436646205
42,319;93,132;46,412	429,92;312,197;119,197	889	1436646245
321,361;415,193;224,237	321,361;415,193;224,237	0	1436646262
213,263;455,213;370,59	177,372;447,44;475,193	761	1436646284
280,308;219,21;355,351	311,180;66,426;446,166	51	1436646310
84,326;485,334;433,124	94,12;402,322;300,50	1000	1436646345
50,230;454,95;53,165	361,116;292,465;126,349	925	1436646365
440,73;266,296;53,430	488,237;436,297;207,45	1000	1436646388
69,152;201,28;484,436	395,222;488,16;67,120	784	1436646405
250,349;385,137;115,479	118,407;119,220;428,326	166	1436646439
35,425;89,233;175,236	286,143;24,265;232,72	827	1436646451
137,485;29,24;162,282	250,173;408,414;276,231	133	1436646463
291,448;280,297;413,324	341,98;74,309;140,241	865	1436646486
108,19;314,159;441,300	469,115;213,146;142,144	16	1436646505
94,322;203,172;357,266	266,46;326,351;215,285	1000	1436646522
215,192;480,472;474,272	70,435;167,359;65,336	811	1436646534
23,469;147,102;123,481	150,240;370,96;210,324	383	1436646546
50,230;454,95;53,165	408,175;462,411;130,483	811	1436646555
451,398;119,210;123,346	307,436;176,323;490,306	838	1436646563
436,397;257,297;167,38	317,370;182,278;338,113	353	1436646605
472,215;100,255;419,377	329,180;355,399;421,462	747	1436646618
128,132;337,389;332,33	317,130;344,475;80,287	242	1436646629
298,423;414,472;26,249	34,233;336,474;90,440	144	1436646635
147,359;456,24;487,165	254,211;393,401;118,307	925	1436646643
154,238;467,70;310,310	142,94;69,429;294,144	65	1436646650
76,347;113,369;99,460	52,382;209,479;389,355	915	1436646661
391,41;216,359;395,193	204,23;373,429;366,190	932	1436646668
367,14;142,80;418,272	346,169;182,115;20,330	998	1436646679
342,186;255,417;289,88	28,385;164,313;410,342	888	1436646685
181,63;482,423;371,275	18,122;264,75;320,226	169	1436646690
391,129;343,198;210,101	398,213;469,295;197,183	235	1436646695
154,238;467,70;310,310	38,109;69,304;222,32	937	1436646706
149,207;426,247;34,439	446,344;196,57;360,144	786	1436646711
254,421;291,307;450,150	427,181;25,207;13,122	214	1436646717
90,71;365,199;160,258	51,266;15,105;170,182	660	1436646722
246,345;321,150;233,209	319,75;180,70;281,434	740	1436646728
288,255;228,130;251,399	386,23;152,469;350,455	1000	1436646736
17,46;151,56;365,187	227,326;352,223;171,87	280	1436646743
292,416;350,79;155,60	135,387;449,95;270,413	683	1436646753
330,69;370,92;286,390	259,26;186,298;158,365	832	1436646759
50,312;460,337;35,192	50,312;460,337;35,192	0	1436646765
77,378;218,284;101,337	62,51;159,440;384,489	1000	1436646770
402,169;85,444;140,467	232,213;47,20;172,327	928	1436646775
430,321;167,177;252,84	276,282;254,431;163,95	307	1436646781
486,420;466,135;48,26	488,359;175,165;352,438	668	1436646787
237,152;242,200;252,74	197,231;244,242;460,415	692	1436646792
196,412;444,339;304,208	232,291;151,372;60,232	345	1436646798
398,474;21,332;153,380	398,474;21,332;153,380	0	1436646804
47,391;148,373;38,126	55,15;118,82;72,396	782	1436646809
17,46;151,56;365,187	403,436;253,389;439,314	671	1436646813
298,458;242,174;180,300	61,129;201,236;442,264	337	1436646820
218,460;234,450;143,403	109,410;306,117;134,353	805	1436646832
43,236;379,412;248,230	294,258;469,379;215,250	291	1436646838
436,397;257,297;167,38	195,216;187,173;113,361	766	1436646842
404,224;383,110;172,484	471,46;434,11;79,370	293	1436646847
43,236;379,412;248,230	350,410;49,479;490,240	785	1436646852
77,407;380,64;173,271	304,416;319,428;137,327	952	1436646858
394,445;377,375;129,121	103,230;454,108;236,191	808	1436646863
39,16;84,400;37,182	469,197;252,187;31,52	139	1436646869
236,141;360,287;97,263	180,440;464,397;23,395	49	1436646886
286,450;69,253;259,14	431,233;155,149;18,397	45	1436646893
188,136;193,269;318,447	408,462;69,52;460,446	886	1436646898
300,136;376,129;337,435	413,424;381,450;72,123	631	1436646904
43,236;379,412;248,230	47,37;455,30;81,279	418	1436646909
17,46;151,56;365,187	451,124;337,117;257,193	401	1436646918
395,223;347,321;440,150	124,281;172,289;124,256	550	1436646923
228,327;256,477;269,351	143,219;277,325;480,60	840	1436646929
149,207;426,247;34,439	138,388;441,59;278,487	931	1436646933
163,476;142,94;236,467	472,424;57,73;190,208	869	1436646938
328,478;105,100;94,196	428,367;211,50;333,350	160	1436646947
41,280;16,149;382,372	267,33;112,235;100,418	641	1436646953
89,154;125,240;275,406	447,302;78,387;441,374	825	1436646961
233,210;379,177;269,373	417,22;404,66;281,58	150	1436646966
338,231;61,51;240,147	13,109;29,200;272,337	122	1436646971
328,478;105,100;94,196	273,371;273,81;297,421	169	1436646976
302,153;253,50;22,320	469,363;258,108;17,167	759	1436646983
451,398;119,210;123,346	119,145;176,311;426,243	803	1436646988
114,92;60,216;67,43	105,186;212,181;123,204	294	1436646992
89,154;125,240;275,406	486,90;426,132;196,490	251	1436647002
253,29;278,316;281,393	206,467;208,358;237,87	593	1436647009
77,378;218,284;101,337	354,389;427,447;191,85	808	1436647014
254,411;204,226;33,172	150,116;409,153;354,373	100	1436647022
94,322;203,172;357,266	432,462;375,58;140,429	382	1436647029
53,87;271,443;320,346	410,38;170,183;447,119	690	1436647034
476,389;181,392;68,152	349,109;419,356;252,204	369	1436647038
431,191;206,303;333,343	327,488;97,469;396,85	268	1436647056
83,486;84,230;32,399	251,142;384,335;442,278	619	1436647063
472,215;100,255;419,377	461,214;477,318;221,146	369	1436647069
51,406;294,62;250,133	96,29;73,103;196,153	793	1436647076
307,219;449,393;84,274	209,212;362,294;120,87	142	1436647082
339,159;237,88;26,151	93,349;293,392;290,194	104	1436647088
23,28;369,459;24,30	317,465;380,357;419,200	203	1436647097
165,353;21,269;375,230	477,72;287,276;379,381	652	1436647104
123,287;102,463;124,184	304,453;158,467;84,337	666	1436647121
165,353;21,269;375,230	98,442;490,217;38,336	431	1436647126
174,82;267,278;237,127	203,71;102,468;159,413	688	1436647134
76,358;489,417;96,438	94,53;484,222;281,202	349	1436647140
304,210;89,337;471,72	174,401;205,11;218,97	788	1436647147
128,134;191,366;483,63	183,349;92,137;435,32	373	1436647154
436,397;257,297;167,38	188,179;126,406;37,85	343	1436647160
446,65;265,475;471,56	318,48;140,293;180,264	433	1436647166
480,200;18,58;163,93	19,172;275,173;245,143	749	1436647172
135,261;296,77;302,265	263,140;274,41;394,463	584	1436647177
77,378;218,284;101,337	248,310;217,325;107,404	332	1436647183
149,207;426,247;34,439	24,229;429,31;372,486	325	1436647188
264,426;482,179;18,329	335,463;18,267;342,34	109	1436647194
411,41;59,322;112,267	139,165;385,304;441,473	238	1436647201
156,133;327,22;187,112	69,270;189,60;70,348	706	1436647207
218,76;396,136;64,256	164,113;331,20;382,464	802	1436647213
67,215;473,407;217,122	270,156;442,34;446,293	345	1436647220
445,310;299,222;290,245	262,173;187,107;82,335	571	1436647226
347,119;193,213;98,56	47,340;77,390;236,302	266	1436647231
87,133;455,435;99,63	274,343;190,366;380,210	970	1436647238
376,89;467,261;385,373	204,184;188,262;278,453	309	1436647243
196,412;444,339;304,208	60,215;244,102;329,370	0	1436647249
283,339;299,119;213,465	66,315;359,360;435,357	817	1436647256
34,452;349,466;330,246	248,95;361,371;484,24	654	1436647262
437,319;434,366;263,222	379,89;432,273;300,217	585	1436647269
115,72;67,147;76,253	310,341;310,251;256,425	238	1436647275
163,62;52,204;431,228	162,466;252,98;17,105	679	1436647281
434,46;256,333;263,59	432,196;183,220;408,450	736	1436647288
351,245;464,25;157,411	296,369;453,284;419,429	385	1436647295
342,268;484,140;467,174	448,115;327,426;416,144	811	1436647302
124,217;147,407;186,118	134,109;462,90;120,320	133	1436647308
340,30;42,217;206,132	164,189;387,473;180,169	725	1436647314
230,109;490,407;42,65	403,134;312,109;401,419	202	1436647319
323,109;284,17;198,117	93,247;407,318;459,177	753	1436647326
259,12;379,60;30,391	259,12;379,60;30,391	0	1436647334
197,292;450,382;143,244	450,407;274,467;344,418	912	1436647340
27,166;224,232;336,184	238,51;297,431;479,228	701	1436647347
367,14;142,80;418,272	474,455;87,130;302,308	894	1436647354
351,157;47,103;256,88	315,436;452,290;419,203	313	1436647361
472,215;100,255;419,377	452,116;233,398;149,192	707	1436647371
286,231;110,81;295,60	243,23;164,228;258,314	679	1436647378
3B3u5K353