136	R	0.0.0.0	1436653605
86,169;120,216;436,399	144,391;208,137;457,168	1000	1436653743
86,78;211,107;147,483	300,72;222,477;113,110	651	1436653765
42,319;93,132;46,412	429,92;312,197;119,197	944	1436653780
321,361;415,193;224,237	321,361;415,193;224,237	39	1436653794
213,263;455,213;370,59	177,372;447,44;475,193	871	1436653805
280,308;219,21;355,351	311,180;66,426;446,166	556	1436653825
365,374;294,44;213,431	350,330;59,224;357,126	543	1436653838
83,486;84,230;32,399	108,74;74,435;54,374	975	1436653846
50,312;460,337;35,192	50,312;460,337;35,192	436	1436653854
154,238;467,70;310,310	270,191;374,437;354,220	734	1436653862
95,249;294,15;97,465	199,228;30,231;138,397	959	1436653870
486,420;466,135;48,26	128,255;71,67;252,417	1000	1436653878
348,115;438,274;26,142	121,288;237,434;356,435	738	1436653888
430,321;167,177;252,84	103,60;306,164;30,237	706	1436653896
480,200;18,58;163,93	96,42;259,252;245,189	1000	1436653903
205,299;145,450;414,192	51,30;156,168;33,103	641	1436653910
328,478;105,100;94,196	452,458;390,421;230,269	976	1436653916
394,228;117,43;153,383	398,20;334,272;139,221	820	1436653924
254,421;291,307;450,150	400,187;99,90;188,171	600	1436653933
30,231;131,192;281,449	189,108;90,242;244,233	661	1436653939
148,196;103,91;115,470	388,45;272,68;17,87	791	1436653945
154,238;467,70;310,310	113,235;377,127;105,73	722	1436653955
436,397;257,297;167,38	152,19;105,470;26,276	98	1436653969
264,291;43,117;98,407	227,268;449,309;97,478	768	1436653977
237,152;242,200;252,74	466,332;477,377;18,488	1000	1436653982
35,425;89,233;175,236	477,446;300,278;346,173	449	1436653991
317,27;349,63;431,383	232,370;153,52;443,252	1000	1436653996
451,398;119,210;123,346	81,218;123,453;432,209	704	1436654018
17,46;151,56;365,187	401,406;367,482;134,401	604	1436654025
286,450;69,253;259,14	431,233;155,149;18,397	436	1436654031
480,204;401,305;451,38	435,270;94,74;279,63	415	1436654041
476,259;226,317;404,254	338,461;131,105;67,151	991	1436654047
54,476;207,232;319,143	197,57;433,264;306,456	988	1436654052
353,41;139,130;431,269	156,352;390,158;44,116	374	1436654059
411,385;75,466;242,191	202,344;106,95;13,283	268	1436654067
59,318;48,182;190,407	164,447;206,321;173,38	922	1436654073
451,398;119,210;123,346	368,123;366,182;12,15	971	1436654102
446,473;425,334;419,348	279,288;294,240;205,361	870	1436654136
154,238;467,70;310,310	351,475;217,366;314,76	78	1436654141
218,109;361,185;123,379	409,197;16,355;259,390	664	1436654147
87,22;183,211;222,311	196,441;92,490;489,400	881	1436654153
331,443;299,377;464,75	292,64;449,174;44,268	961	1436654160
464,132;401,378;411,298	275,435;180,413;460,149	905	1436654166
121,489;429,239;65,380	146,167;97,388;482,190	772	1436654171
77,378;218,284;101,337	103,455;86,189;474,130	1000	1436654176
237,152;242,200;252,74	344,463;344,100;43,296	996	1436654182
374,184;200,351;177,331	22,71;457,146;418,69	965	1436654187
89,154;125,240;275,406	382,268;464,29;226,430	425	1436654194
218,76;396,136;64,256	164,113;331,20;382,464	555	1436654200
486,420;466,135;48,26	297,19;406,469;218,187	415	1436654206
264,426;482,179;18,329	121,88;126,377;375,338	666	1436654212
325,127;61,12;38,369	392,217;302,129;333,407	822	1436654219
67,215;473,407;217,122	472,152;49,345;224,100	393	1436654228
437,319;434,366;263,222	410,222;354,440;194,163	721	1436654233
14,381;248,59;194,65	176,78;128,334;79,452	891	1436654238
456,105;124,355;363,90	488,57;31,435;114,411	878	1436654243
302,153;253,50;22,320	456,56;137,49;417,264	872	1436654248
259,346;414,205;135,277	296,215;62,334;84,130	579	1436654254
35,425;89,233;175,236	233,91;119,246;44,356	994	1436654258
49,32;361,67;69,157	62,148;255,128;268,323	562	1436654266
213,68;66,331;300,78	467,140;332,112;18,302	458	1436654272
464,159;186,133;282,409	471,323;76,488;345,147	607	1436654277
83,486;84,230;32,399	290,252;110,137;309,476	453	1436654283
296,456;489,49;273,334	310,474;162,104;406,322	442	1436654289
428,58;228,125;188,159	339,115;68,325;454,126	457	1436654293
398,474;21,332;153,380	398,474;21,332;153,380	27	1436654299
436,397;257,297;167,38	238,58;277,277;487,45	576	1436654304
44,216;18,283;221,415	65,32;45,186;217,236	560	1436654310
358,113;129,347;208,100	216,348;84,256;488,85	409	1436654317
69,415;314,259;136,252	488,58;345,285;360,414	794	1436654323
264,426;482,179;18,329	364,332;79,364;347,155	661	1436654332
361,351;363,67;427,305	328,208;294,442;101,305	809	1436654337
194,85;468,488;88,105	279,24;262,324;282,42	1000	1436654341
323,109;284,17;198,117	93,247;407,318;459,177	581	1436654353
196,412;444,339;304,208	471,57;76,353;53,84	642	1436654364
264,426;482,179;18,329	113,183;216,375;109,402	749	1436654372
366,366;127,372;437,381	443,117;392,169;17,294	435	1436654377
270,124;168,394;223,81	366,401;288,341;224,44	549	1436654383
149,207;426,247;34,439	416,110;246,196;124,25	76	1436654391
77,378;218,284;101,337	297,282;41,382;73,234	588	1436654397
196,412;444,339;304,208	484,52;138,284;425,266	612	1436654403
267,393;373,27;477,407	26,269;146,49;211,432	629	1436654412
23,364;134,110;403,38	116,297;161,115;55,347	694	1436654420
367,14;142,80;418,272	390,54;200,136;418,454	606	1436654427
145,40;448,381;312,31	402,84;89,451;307,229	899	1436654433
436,397;257,297;167,38	236,52;253,110;232,85	649	1436654440
254,421;291,307;450,150	240,251;225,405;473,202	792	1436654445
484,140;283,393;112,280	225,139;340,239;245,280	697	1436654449
479,460;140,415;277,378	206,162;393,462;15,73	425	1436654455
188,443;158,207;184,286	480,380;354,230;319,283	665	1436654460
385,371;300,112;305,166	268,465;373,297;235,377	838	1436654466
14,381;248,59;194,65	115,217;84,258;57,472	922	1436654470
259,12;379,60;30,391	259,12;379,60;30,391	27	1436654481
83,486;84,230;32,399	475,280;459,119;276,172	714	1436654487
272,210;70,139;335,222	395,276;179,240;244,11	1000	1436654492
321,139;227,30;395,84	164,360;335,110;202,338	976	1436654498
413,108;257,190;318,247	67,441;199,462;381,290	795	1436654503
266,481;284,70;235,307	97,408;105,245;454,49	926	1436654509
471,490;469,484;328,267	186,377;77,417;436,262	562	1436654517
215,423;246,291;314,448	129,375;369,247;197,399	765	1436654523
255,282;399,416;61,325	455,136;165,84;152,407	677	1436654530
131,227;89,67;338,141	265,472;23,173;449,102	423	1436654536
367,14;142,80;418,272	121,214;488,205;306,352	90	1436654543
80,114;109,236;381,48	444,479;302,135;112,484	648	1436654549
27,166;224,232;336,184	64,410;317,162;448,81	935	1436654553
292,187;266,388;355,220	356,443;166,126;392,235	768	1436654562
436,397;257,297;167,38	188,179;126,406;37,85	369	1436654567
302,153;253,50;22,320	423,391;373,176;117,317	673	1436654571
43,236;379,412;248,230	210,276;449,362;260,408	461	1436654576
106,64;466,431;23,193	229,134;213,370;60,17	792	1436654582
430,321;167,177;252,84	460,453;28,249;484,176	819	1436654587
437,319;434,366;263,222	280,393;274,405;368,266	975	1436654593
18,137;86,382;213,302	33,260;170,421;436,61	344	1436654603
461,159;403,470;38,306	460,26;300,384;305,185	720	1436654609
76,347;113,369;99,460	394,377;403,18;414,345	928	1436654616
151,295;210,145;368,211	19,111;330,285;368,465	862	1436654624
83,486;84,230;32,399	343,334;272,300;326,248	816	1436654631
27,166;224,232;336,184	432,170;290,98;197,247	912	1436654638
434,46;256,333;263,59	68,280;215,478;367,347	417	1436654648
437,93;387,370;47,32	82,96;144,152;331,15	590	1436654654
272,218;197,336;235,213	410,55;464,68;489,423	351	1436654659
437,319;434,366;263,222	179,239;150,221;228,187	350	1436654668
372,26;122,227;271,268	293,78;48,326;324,271	341	1436654677
252,111;192,53;387,347	465,50;228,434;170,40	845	1436654684
111,29;269,311;167,257	234,320;135,162;253,322	941	1436654694
347,119;193,213;98,56	434,27;176,227;414,424	412	1436654702
307,19;466,113;431,378	382,34;278,420;275,148	308	1436654709
434,261;375,306;396,198	28,364;457,209;472,231	938	1436654716
204,121;86,145;361,323	377,60;40,26;303,280	436	1436654734
165,353;21,269;375,230	32,284;351,32;251,325	237	1436654744
478,482;338,100;470,53	352,439;41,281;237,412	579	1436654751
342,186;255,417;289,88	28,385;164,313;410,342	25	1436654758
389,105;450,303;268,357	37,324;358,119;142,31	158	1436654766
286,435;204,342;106,472	373,36;49,462;158,383	948	1436654770
234,403;315,431;187,103	300,310;361,204;269,336	879	1436654776
3F4t7P807