137	L	0.0.0.0	1436646807
86,169;120,216;436,399	144,391;208,137;457,168	447	1436646897
86,78;211,107;147,483	300,72;222,477;113,110	185	1436646910
42,319;93,132;46,412	429,92;312,197;119,197	765	1436646919
321,361;415,193;224,237	321,361;415,193;224,237	0	1436646929
213,263;455,213;370,59	177,372;447,44;475,193	376	1436646946
280,308;219,21;355,351	311,180;66,426;446,166	46	1436646961
302,153;253,50;22,320	291,330;184,251;449,209	248	1436646973
47,391;148,373;38,126	55,15;118,82;72,396	815	1436646985
146,28;27,198;133,475	465,407;135,93;452,463	897	1436646998
323,49;351,327;93,154	447,297;290,60;33,292	339	1436647011
437,319;434,366;263,222	349,345;98,380;236,161	930	1436647024
163,62;52,204;431,228	480,287;134,112;67,348	749	1436647034
165,353;21,269;375,230	426,34;181,163;371,106	920	1436647044
67,215;473,407;217,122	270,156;442,34;446,293	747	1436647056
181,424;87,380;207,148	180,433;291,178;276,241	955	1436647066
47,391;148,373;38,126	433,285;250,394;174,229	831	1436647077
369,11;470,267;204,71	248,161;392,315;65,307	103	1436647087
106,64;466,431;23,193	78,463;33,465;429,236	921	1436647099
254,421;291,307;450,150	111,358;401,137;199,435	921	1436647111
120,474;143,446;38,203	411,69;124,298;244,424	966	1436647118
67,215;473,407;217,122	264,332;431,58;46,44	708	1436647128
165,353;21,269;375,230	265,315;324,55;449,345	334	1436647136
391,41;216,359;395,193	490,398;304,118;414,354	112	1436647149
278,223;14,348;367,271	296,350;383,15;223,156	881	1436647159
451,398;119,210;123,346	94,52;344,367;297,234	637	1436647170
35,425;89,233;175,236	148,179;26,271;370,483	673	1436647181
240,160;110,11;375,181	195,152;446,11;259,89	815	1436647190
115,72;67,147;76,253	422,26;262,234;232,490	368	1436647201
154,238;467,70;310,310	439,30;69,384;272,209	954	1436647211
326,263;82,340;352,362	342,421;60,488;182,292	557	1436647233
281,293;134,442;28,68	221,385;181,111;101,155	657	1436647251
292,187;266,388;355,220	356,443;166,126;392,235	664	1436647258
188,334;164,100;333,161	399,486;122,356;86,237	648	1436647298
430,321;167,177;252,84	217,193;358,104;254,49	401	1436647313
94,322;203,172;357,266	426,230;53,87;347,258	651	1436647323
274,438;428,218;434,478	390,76;35,473;314,307	884	1436647332
380,204;304,39;187,259	319,265;452,462;178,466	184	1436647345
347,119;193,213;98,56	461,340;138,448;457,222	647	1436647354
25,405;103,152;313,202	113,367;326,294;187,445	592	1436647366
163,62;52,204;431,228	447,122;379,433;164,89	571	1436647381
367,14;142,80;418,272	333,250;183,121;198,246	654	1436647392
264,291;43,117;98,407	227,268;449,309;97,478	573	1436647405
47,391;148,373;38,126	339,253;104,80;97,314	666	1436647418
413,108;257,190;318,247	67,441;199,462;381,290	704	1436647428
130,399;227,341;111,275	230,26;76,313;325,229	669	1436647441
398,474;21,332;153,380	398,474;21,332;153,380	0	1436647449
451,363;160,306;379,308	489,302;292,124;182,411	779	1436647462
402,31;67,441;155,458	330,435;183,148;363,206	804	1436647479
70,269;193,221;253,338	241,405;13,288;114,399	571	1436647490
348,115;438,274;26,142	276,44;319,188;421,324	677	1436647499
288,255;363,115;201,424	389,285;367,194;439,431	84	1436647510
361,351;363,67;427,305	220,203;133,16;406,309	590	1436647522
237,486;262,211;20,408	411,451;19,271;95,418	605	1436647534
91,60;76,451;133,377	221,66;417,29;218,93	460	1436647547
101,44;375,455;273,83	51,234;69,470;209,232	572	1436647557
425,47;304,304;485,343	305,217;379,28;148,47	433	1436647569
156,133;327,22;187,112	69,270;189,60;70,348	465	1436647579
152,382;108,173;343,487	376,139;108,70;64,292	548	1436647588
347,119;193,213;98,56	36,36;334,213;207,357	375	1436647599
106,64;466,431;23,193	143,310;193,274;212,142	846	1436647612
358,113;129,347;208,100	216,348;84,256;488,85	407	1436647620
67,215;473,407;217,122	216,21;359,360;490,121	399	1436647627
430,321;167,177;252,84	43,354;17,253;465,74	618	1436647637
267,411;246,224;350,129	234,84;303,160;102,402	566	1436647649
281,293;134,442;28,68	232,360;125,310;279,86	413	1436647658
50,312;460,337;35,192	50,312;460,337;35,192	0	1436647666
163,476;142,94;236,467	472,424;57,73;190,208	702	1436647680
49,464;236,423;260,188	468,181;32,69;373,440	458	1436647690
264,426;482,179;18,329	205,253;355,258;262,123	644	1436647699
381,387;378,305;42,74	200,350;129,323;91,97	119	1436647710
287,410;266,468;285,258	467,40;405,91;144,434	528	1436647730
237,152;242,200;252,74	216,303;76,251;412,435	331	1436647741
389,292;309,338;307,451	435,13;169,335;175,342	651	1436647750
451,398;119,210;123,346	238,436;85,456;111,61	350	1436647761
14,381;248,59;194,65	137,370;384,18;242,292	403	1436647773
328,478;105,100;94,196	457,117;126,311;430,413	596	1436647784
461,159;403,470;38,306	460,26;300,384;305,185	648	1436647794
44,216;18,283;221,415	384,133;421,403;61,150	612	1436647804
215,192;480,472;474,272	111,330;18,164;120,232	272	1436647811
351,298;131,140;441,48	54,172;13,192;460,421	675	1436647821
106,64;466,431;23,193	296,37;454,490;200,440	368	1436647833
189,351;109,271;299,151	335,159;21,51;149,402	652	1436647841
149,202;405,197;237,458	338,458;143,92;81,435	366	1436647849
361,216;132,47;50,403	418,223;370,220;254,393	772	1436647861
196,185;272,86;44,308	72,175;477,123;216,227	729	1436647872
391,129;343,198;210,101	398,213;469,295;197,183	619	1436647884
436,397;257,297;167,38	262,481;25,111;379,470	568	1436647894
43,236;379,412;248,230	280,115;241,18;93,324	614	1436647905
47,391;148,373;38,126	37,28;397,369;73,203	594	1436647913
486,420;466,135;48,26	488,359;175,165;352,438	596	1436647920
44,216;18,283;221,415	266,367;337,405;306,62	127	1436647936
154,238;467,70;310,310	39,347;470,193;325,48	552	1436647946
430,321;167,177;252,84	65,283;382,32;179,376	549	1436647956
23,28;369,459;24,30	26,394;14,141;176,167	882	1436647974
347,119;193,213;98,56	420,258;59,405;234,482	437	1436647982
43,236;379,412;248,230	464,89;155,282;86,389	540	1436647993
410,62;383,256;195,198	141,428;193,318;225,144	679	1436648002
304,407;295,58;159,280	276,377;310,39;397,72	585	1436648019
441,44;465,197;141,463	280,449;473,250;156,201	612	1436648033
127,486;489,120;405,433	270,400;32,197;49,330	192	1436648044
283,485;226,233;402,139	206,223;296,375;387,185	561	1436648053
325,433;441,67;78,111	427,403;470,218;317,436	676	1436648060
255,480;44,39;335,314	320,453;55,45;140,224	800	1436648069
23,28;369,459;24,30	357,216;424,202;275,240	700	1436648089
237,152;242,200;252,74	242,321;49,203;85,259	610	1436648097
486,420;466,135;48,26	87,352;117,109;350,353	622	1436648107
348,115;438,274;26,142	22,474;146,228;352,414	551	1436648115
402,176;162,474;155,229	103,54;26,353;376,156	595	1436648126
193,103;105,35;311,337	478,363;121,139;245,171	586	1436648138
436,397;257,297;167,38	260,455;234,220;213,446	686	1436648148
288,255;363,115;201,424	350,433;108,408;312,387	837	1436648156
480,200;18,58;163,93	109,186;388,295;300,248	67	1436648169
260,215;464,485;209,59	417,288;465,445;162,198	457	1436648177
77,378;218,284;101,337	55,122;111,322;240,415	428	1436648193
59,318;48,182;190,407	164,447;206,321;173,38	607	1436648204
243,191;373,142;16,199	191,377;337,179;475,241	711	1436648213
320,214;302,129;101,275	68,72;475,448;330,378	715	1436648222
347,119;193,213;98,56	145,264;197,174;415,485	613	1436648235
50,230;454,95;53,165	366,182;96,281;203,37	652	1436648247
244,54;408,274;59,21	45,181;230,428;344,63	565	1436648257
106,64;466,431;23,193	50,418;208,291;143,379	792	1436648267
83,486;84,230;32,399	41,169;129,186;376,108	65	1436648279
83,486;84,230;32,399	251,47;44,52;85,256	574	1436648289
214,167;113,177;217,211	273,136;304,183;38,162	220	1436648300
259,12;379,60;30,391	259,12;379,60;30,391	0	1436648307
426,423;260,418;118,450	73,489;90,427;49,226	141	1436648318
20,476;320,470;204,281	26,139;320,109;241,312	22	1436648326
131,227;89,67;338,141	265,472;23,173;449,102	345	1436648336
385,432;457,78;305,178	158,93;186,300;395,39	564	1436648344
254,421;291,307;450,150	314,237;450,147;69,272	598	1436648353
70,177;108,411;342,128	363,482;480,149;124,25	535	1436648361
340,30;42,217;206,132	146,161;448,295;338,85	808	1436648368
166,179;488,165;217,120	295,68;31,85;426,336	610	1436648377
335,49;222,158;461,361	428,477;354,386;94,266	680	1436648388
35,425;89,233;175,236	384,74;193,49;345,268	663	1436648398
236,139;206,63;253,319	293,271;293,222;286,198	462	1436648409
4H4z7N660