136	R	0.0.0.0	1436653574
86,169;120,216;436,399	144,391;208,137;457,168	601	1436653946
86,78;211,107;147,483	300,72;222,477;113,110	415	1436653974
42,319;93,132;46,412	429,92;312,197;119,197	815	1436653984
321,361;415,193;224,237	321,361;415,193;224,237	0	1436654006
213,263;455,213;370,59	177,372;447,44;475,193	425	1436654335
280,308;219,21;355,351	311,180;66,426;446,166	446	1436654394
451,245;138,447;483,356	248,75;226,409;152,411	446	1436654424
24,60;486,339;244,389	134,32;202,140;364,443	446	1436654430
451,398;119,210;123,346	30,435;291,390;364,314	446	1436654436
348,317;214,53;123,255	110,484;359,258;226,13	446	1436654442
221,111;162,59;392,422	428,367;234,298;328,366	0	1436654448
386,280;34,158;298,448	82,443;359,14;194,246	446	1436654454
215,192;480,472;474,272	87,319;376,288;14,231	446	1436654460
251,481;380,487;314,153	281,409;98,311;423,378	446	1436654466
302,153;253,50;22,320	279,380;375,86;479,408	446	1436654473
486,420;466,135;48,26	328,162;306,433;195,280	446	1436654478
14,381;248,59;194,65	271,335;36,87;475,470	446	1436654485
35,425;89,233;175,236	193,379;423,63;314,405	446	1436654491
67,215;473,407;217,122	242,13;283,444;361,150	446	1436654497
120,421;472,311;267,13	477,266;313,294;267,467	446	1436654503
23,28;369,459;24,30	383,212;438,362;300,233	446	1436654509
141,246;247,257;220,364	198,48;62,188;311,116	446	1436654515
348,115;438,274;26,142	13,279;241,153;168,172	446	1436654521
347,119;193,213;98,56	46,411;113,321;13,310	446	1436654527
87,469;401,54;86,263	83,79;465,215;327,300	446	1436654533
253,392;213,333;459,469	378,413;144,317;367,460	446	1436654539
418,431;120,100;122,418	272,51;154,276;288,11	446	1436654546
89,154;125,240;275,406	302,435;293,485;171,170	446	1436654551
100,284;349,91;57,478	353,246;478,428;425,45	446	1436654558
163,62;52,204;431,228	281,46;449,297;212,210	446	1436654564
78,266;16,264;145,269	412,169;296,133;362,152	446	1436654570
35,425;89,233;175,236	233,91;119,246;44,356	446	1436654576
282,28;485,294;58,277	181,303;226,54;67,287	446	1436654582
50,230;454,95;53,165	344,475;428,366;405,145	446	1436654588
115,72;67,147;76,253	225,235;120,460;250,50	446	1436654594
77,378;218,284;101,337	448,466;472,322;244,107	446	1436654600
324,302;150,474;446,304	451,350;458,323;40,354	446	1436654607
26,243;188,168;160,226	103,52;55,269;271,24	446	1436654612
149,448;192,326;127,303	79,470;106,336;137,444	446	1436654619
264,426;482,179;18,329	174,329;253,295;478,368	446	1436654625
67,215;473,407;217,122	458,106;201,290;272,61	446	1436654631
196,412;444,339;304,208	114,146;47,299;333,219	446	1436654637
50,312;460,337;35,192	50,312;460,337;35,192	446	1436654643
286,231;110,81;295,60	243,23;164,228;258,314	446	1436654649
285,39;12,228;398,459	307,33;65,401;398,363	446	1436654655
105,262;485,344;146,168	11,428;19,271;101,471	446	1436654661
25,405;103,152;313,202	113,367;326,294;187,445	446	1436654668
490,216;178,177;238,472	308,411;268,105;68,447	446	1436654673
44,216;18,283;221,415	119,205;152,42;196,217	446	1436654680
348,115;438,274;26,142	26,248;398,121;155,302	446	1436654686
385,52;218,391;129,166	70,22;96,342;383,25	446	1436654692
109,351;367,293;437,210	131,222;173,57;490,412	446	1436654698
190,12;205,373;332,87	483,329;11,134;481,386	446	1436654704
389,89;204,150;200,290	341,210;116,20;28,439	446	1436654710
43,236;379,412;248,230	95,359;295,255;39,154	446	1436654716
348,115;438,274;26,142	429,13;382,483;159,18	446	1436654722
250,434;394,168;173,377	30,105;319,360;355,307	446	1436654728
426,423;260,418;118,450	424,126;211,242;434,92	446	1436654734
211,46;114,86;343,332	301,218;469,450;231,20	446	1436654741
232,193;166,278;430,450	51,156;232,213;175,164	446	1436654746
194,118;168,256;366,62	369,119;110,453;57,116	446	1436654753
204,121;86,145;361,323	377,60;40,26;303,280	446	1436654759
27,166;224,232;336,184	316,178;310,226;381,240	446	1436654765
345,173;33,132;159,283	395,356;201,141;317,29	446	1436654771
254,421;291,307;450,150	240,251;225,405;473,202	446	1436654777
347,119;193,213;98,56	12,136;325,324;17,423	446	1436654783
34,194;35,103;306,433	262,92;49,296;259,357	446	1436654789
402,176;162,474;155,229	103,54;26,353;376,156	446	1436654795
232,450;479,56;58,230	477,184;305,142;463,309	446	1436654802
461,237;147,359;325,221	143,18;67,231;64,384	446	1436654807
169,489;162,280;360,180	322,453;14,413;369,286	446	1436654814
57,110;252,318;284,70	104,252;33,341;204,102	446	1436654820
175,203;277,140;251,452	223,340;420,30;153,317	446	1436654826
39,110;252,187;142,166	203,326;52,480;98,249	446	1436654832
436,397;257,297;167,38	358,298;336,202;181,427	446	1436654838
328,478;105,100;94,196	283,424;398,231;457,116	446	1436654844
165,353;21,269;375,230	348,390;367,79;324,80	446	1436654850
309,341;144,310;36,277	121,167;281,440;136,165	446	1436654856
281,293;134,442;28,68	404,353;236,48;31,179	446	1436654863
451,373;25,40;475,153	134,407;177,69;304,304	446	1436654868
53,87;271,443;320,346	410,38;170,183;447,119	446	1436654875
25,366;463,113;459,357	216,130;125,370;129,303	446	1436654881
121,381;321,89;390,224	94,245;303,334;143,100	446	1436654887
387,167;426,231;259,253	331,258;372,387;250,84	446	1436654893
14,381;248,59;194,65	424,383;281,223;204,97	446	1436654899
12,92;144,142;40,183	275,98;41,196;206,466	446	1436654905
225,81;142,400;235,414	107,68;197,427;103,131	446	1436654911
50,230;454,95;53,165	68,101;283,61;213,378	446	1436654917
27,166;224,232;336,184	64,410;317,162;448,81	446	1436654924
69,415;314,259;136,252	488,58;345,285;360,414	446	1436654929
367,14;142,80;418,272	346,169;182,115;20,330	446	1436654936
486,420;466,135;48,26	147,299;171,70;204,277	446	1436654941
179,30;138,322;132,275	280,345;450,190;446,114	446	1436654954
248,104;421,75;73,460	429,50;349,288;408,300	446	1436654960
398,474;21,332;153,380	398,474;21,332;153,380	446	1436654966
142,260;289,357;483,200	89,238;43,180;236,221	446	1436654972
47,391;148,373;38,126	339,253;104,80;97,314	446	1436654978
464,170;464,383;201,17	140,188;64,63;453,345	446	1436654984
89,325;174,202;481,355	202,421;249,111;468,146	446	1436654991
391,41;216,359;395,193	32,340;85,208;411,101	446	1436654996
391,41;216,359;395,193	425,326;390,357;31,311	446	1436655003
264,426;482,179;18,329	410,90;193,123;327,238	446	1436655009
281,293;134,442;28,68	287,230;50,313;55,138	446	1436655015
354,37;84,322;153,399	308,61;78,12;249,384	446	1436655021
215,192;480,472;474,272	484,161;486,416;79,25	446	1436655027
94,322;203,172;357,266	289,12;92,182;291,341	446	1436655033
89,383;336,248;463,374	350,309;323,54;245,196	446	1436655039
76,358;489,417;96,438	473,78;350,58;148,364	446	1436655045
361,351;363,67;427,305	331,427;436,88;261,88	446	1436655052
35,425;89,233;175,236	197,258;450,389;152,164	446	1436655057
352,130;236,484;85,263	332,304;182,55;284,85	446	1436655064
44,216;18,283;221,415	54,472;372,422;286,89	446	1436655070
97,271;239,382;190,210	86,190;365,274;135,365	446	1436655076
76,358;489,417;96,438	349,427;244,120;20,52	446	1436655082
20,476;320,470;204,281	26,139;320,109;241,312	446	1436655088
77,378;218,284;101,337	477,307;194,250;358,285	446	1436655094
419,475;306,335;396,328	306,200;13,248;454,309	446	1436655100
275,171;196,254;427,390	275,45;322,438;309,179	446	1436655106
472,215;100,255;419,377	22,416;223,393;20,99	446	1436655113
249,205;288,147;189,365	262,224;346,225;421,13	446	1436655118
21,264;421,164;334,488	426,74;157,126;225,390	446	1436655125
45,270;333,304;180,445	15,163;34,28;264,76	446	1436655131
281,293;134,442;28,68	287,302;244,127;475,260	446	1436655137
85,41;159,135;381,82	110,114;175,252;442,242	446	1436655143
114,92;60,216;67,43	105,186;212,181;123,204	446	1436655149
259,12;379,60;30,391	259,12;379,60;30,391	446	1436655155
43,236;379,412;248,230	280,115;241,18;93,324	446	1436655161
137,241;345,60;452,337	308,12;44,443;404,115	446	1436655167
50,230;454,95;53,165	64,129;124,455;258,232	446	1436655173
447,159;305,227;306,129	187,289;56,376;15,266	446	1436655179
215,192;480,472;474,272	384,62;246,336;212,76	446	1436655186
361,351;363,67;427,305	60,425;164,441;376,37	446	1436655191
457,300;287,284;452,148	256,63;290,452;129,110	446	1436655198
396,142;141,438;50,294	102,372;461,237;154,452	446	1436655204
328,478;105,100;94,196	325,411;121,52;246,217	325	1436655210
4E3w9R627