136	L	0.0.0.0	1436653599
86,169;120,216;436,399	144,391;208,137;457,168	966	1436653682
86,78;211,107;147,483	300,72;222,477;113,110	658	1436653708
42,319;93,132;46,412	429,92;312,197;119,197	1000	1436653715
321,361;415,193;224,237	321,361;415,193;224,237	2	1436653726
213,263;455,213;370,59	177,372;447,44;475,193	1000	1436653738
280,308;219,21;355,351	311,180;66,426;446,166	406	1436653749
437,319;434,366;263,222	188,249;297,73;407,19	1000	1436653761
328,478;105,100;94,196	226,482;25,341;159,90	1000	1436653768
302,153;253,50;22,320	151,443;11,371;396,68	218	1436653789
472,473;177,324;281,143	247,106;418,223;346,377	1000	1436653813
115,488;86,383;379,72	97,92;373,436;370,291	196	1436653832
127,351;154,223;338,151	148,85;165,467;139,265	1000	1436653841
115,72;67,147;76,253	304,333;20,425;39,253	1000	1436653847
162,363;69,384;150,292	445,431;277,442;338,396	641	1436653872
76,347;113,369;99,460	211,180;194,339;24,108	1000	1436653878
53,411;332,107;275,161	203,379;338,130;158,478	105	1436653889
94,322;203,172;357,266	188,24;233,424;85,475	974	1436653901
374,108;448,344;303,130	277,149;173,168;244,300	997	1436653908
393,113;214,80;96,118	466,29;28,90;32,117	970	1436653916
347,119;193,213;98,56	27,489;58,320;37,325	990	1436653922
281,293;134,442;28,68	252,339;30,299;211,153	975	1436653929
348,115;438,274;26,142	145,470;26,372;420,236	362	1436653935
67,215;473,407;217,122	113,65;487,343;283,429	46	1436653943
44,216;18,283;221,415	33,65;48,449;22,229	667	1436653950
43,236;379,412;248,230	177,369;292,477;139,124	139	1436653955
296,184;155,486;241,445	35,415;324,258;429,159	387	1436653963
453,108;203,62;223,163	467,49;272,104;205,404	759	1436653970
276,452;445,420;162,325	347,398;15,60;481,302	971	1436653975
448,116;148,189;248,384	81,172;41,199;214,297	972	1436653980
468,284;463,177;198,227	174,370;320,35;119,159	961	1436653984
461,159;403,470;38,306	460,26;300,384;305,185	960	1436653995
348,101;67,161;463,403	317,487;71,165;334,274	194	1436654000
421,166;418,470;354,366	27,469;483,409;435,342	735	1436654011
302,267;488,260;93,133	65,303;198,385;16,229	617	1436654018
480,200;18,58;163,93	109,186;388,295;300,248	167	1436654023
165,353;21,269;375,230	62,486;154,330;41,481	973	1436654028
137,485;29,24;162,282	250,173;408,414;276,231	957	1436654033
278,130;18,481;486,49	222,21;141,194;27,399	873	1436654037
83,486;84,230;32,399	140,436;402,71;233,342	822	1436654042
86,457;384,351;368,244	171,345;106,52;319,134	982	1436654047
76,358;489,417;96,438	337,431;202,359;40,201	936	1436654054
348,115;438,274;26,142	418,242;125,30;449,37	724	1436654059
199,300;62,129;239,115	475,58;277,326;483,447	704	1436654071
32,329;81,158;291,269	416,443;382,201;247,314	145	1436654077
367,14;142,80;418,272	410,433;300,330;88,447	597	1436654081
149,207;426,247;34,439	462,336;469,335;356,487	1000	1436654085
385,89;204,309;181,192	367,86;386,415;300,253	604	1436654091
244,336;22,332;348,265	128,197;35,206;78,51	991	1436654097
77,378;218,284;101,337	238,162;154,330;398,429	858	1436654103
347,119;193,213;98,56	172,386;26,90;417,53	551	1436654116
425,47;304,304;485,343	305,217;379,28;148,47	305	1436654120
76,358;489,417;96,438	94,53;484,222;281,202	244	1436654125
149,207;426,247;34,439	323,97;293,461;458,301	147	1436654130
54,476;207,232;319,143	197,57;433,264;306,456	664	1436654137
50,312;460,337;35,192	50,312;460,337;35,192	0	1436654142
267,213;172,251;111,274	19,24;307,369;449,196	1000	1436654147
94,307;461,136;180,138	62,79;175,107;194,372	326	1436654153
478,198;170,269;16,170	77,279;403,253;456,145	369	1436654158
87,328;263,384;438,283	450,89;340,313;139,195	579	1436654163
79,326;84,395;332,233	109,311;474,168;463,113	606	1436654172
149,207;426,247;34,439	116,324;291,439;137,460	720	1436654177
367,14;142,80;418,272	269,143;443,456;373,160	834	1436654182
35,425;89,233;175,236	157,55;285,20;335,469	870	1436654191
288,255;363,115;201,424	191,30;485,236;191,31	27	1436654200
80,481;154,280;176,316	374,428;35,330;428,283	730	1436654206
244,54;408,274;59,21	45,181;230,428;344,63	889	1436654211
209,368;29,214;489,123	80,289;335,374;197,430	768	1436654259
69,233;114,276;185,426	413,94;434,368;148,336	986	1436654264
107,77;32,329;418,19	147,402;388,153;18,179	597	1436654271
76,347;113,369;99,460	222,72;276,93;189,27	452	1436654282
141,43;184,327;109,322	110,184;24,47;368,482	770	1436654290
398,474;21,332;153,380	398,474;21,332;153,380	0	1436654295
348,115;438,274;26,142	50,222;368,277;182,28	359	1436654301
196,412;444,339;304,208	104,202;134,48;346,172	154	1436654307
133,325;443,196;463,109	290,442;190,164;311,376	176	1436654311
44,216;18,283;221,415	266,367;337,405;306,62	113	1436654320
115,72;67,147;76,253	172,302;218,210;289,238	357	1436654325
152,114;170,63;338,52	74,54;143,339;50,467	612	1436654332
259,12;379,60;30,391	259,12;379,60;30,391	0	1436654337
152,401;452,425;342,253	417,317;151,31;358,79	562	1436654345
347,119;193,213;98,56	420,258;59,405;234,482	586	1436654349
328,478;105,100;94,196	129,100;104,174;380,433	114	1436654354
270,294;104,251;304,394	102,327;285,199;153,118	575	1436654360
160,481;240,242;229,445	105,441;271,109;56,434	871	1436654365
17,46;151,56;365,187	369,74;348,449;249,487	830	1436654369
348,115;438,274;26,142	480,457;437,123;195,130	640	1436654374
276,47;212,373;185,261	472,192;213,388;413,106	684	1436654378
436,397;257,297;167,38	27,11;273,107;128,143	812	1436654384
347,119;193,213;98,56	338,440;153,379;411,87	743	1436654390
449,355;270,417;408,141	409,343;412,43;74,248	794	1436654394
392,219;282,229;231,459	84,300;273,150;280,387	642	1436654399
437,93;387,370;47,32	82,96;144,152;331,15	830	1436654403
237,152;242,200;252,74	287,446;430,487;237,462	537	1436654408
438,408;105,179;31,56	286,472;286,382;188,250	564	1436654428
309,341;144,310;36,277	118,126;82,174;416,334	674	1436654433
196,412;444,339;304,208	47,220;276,365;376,276	573	1436654440
106,64;466,431;23,193	440,100;394,318;65,271	725	1436654447
17,287;22,259;370,116	328,387;489,214;127,187	804	1436654458
321,317;146,171;312,218	307,325;104,412;338,281	687	1436654465
77,407;380,64;173,271	304,416;319,428;137,327	607	1436654473
83,486;84,230;32,399	20,486;65,152;244,140	686	1436654478
106,64;466,431;23,193	338,166;105,359;216,419	644	1436654483
391,41;216,359;395,193	413,241;490,469;84,37	633	1436654488
367,284;217,395;425,416	126,255;12,71;328,422	857	1436654492
302,153;253,50;22,320	291,330;184,251;449,209	746	1436654497
302,153;253,50;22,320	48,418;440,107;42,423	999	1436654502
76,347;113,369;99,460	211,426;484,161;386,345	723	1436654506
67,215;473,407;217,122	472,152;49,345;224,100	555	1436654510
237,152;242,200;252,74	205,207;357,71;115,244	606	1436654517
452,198;239,54;313,426	165,240;464,34;376,184	623	1436654521
44,216;18,283;221,415	476,244;440,227;278,275	609	1436654526
328,478;105,100;94,196	398,431;365,487;295,163	264	1436654533
205,299;145,450;414,192	51,30;156,168;33,103	549	1436654537
264,426;482,179;18,329	381,287;98,465;197,81	402	1436654547
165,353;21,269;375,230	365,141;163,185;37,95	232	1436654552
355,396;14,459;13,254	166,173;406,412;33,409	400	1436654556
35,425;89,233;175,236	221,250;461,218;60,395	639	1436654561
23,248;123,178;127,233	346,359;16,106;282,34	210	1436654570
490,112;372,218;284,337	71,78;108,436;136,40	673	1436654574
295,470;432,74;243,122	79,437;431,353;56,244	596	1436654583
76,347;113,369;99,460	111,121;187,42;247,123	632	1436654588
47,391;148,373;38,126	37,28;397,369;73,203	605	1436654592
302,153;253,50;22,320	423,391;373,176;117,317	739	1436654597
327,170;177,387;424,302	246,421;135,12;161,420	722	1436654602
391,308;130,24;20,61	444,11;390,460;309,49	428	1436654608
196,412;444,339;304,208	210,295;357,401;244,242	683	1436654613
281,293;134,442;28,68	92,120;240,335;345,231	628	1436654619
391,352;18,240;342,81	374,226;258,466;244,106	641	1436654624
420,155;335,411;113,334	154,386;186,212;221,427	829	1436654628
227,335;469,477;241,117	284,84;398,33;97,51	589	1436654655
237,486;262,211;20,408	411,451;19,271;95,418	666	1436654666
328,478;105,100;94,196	324,322;27,442;337,57	869	1436654673
14,381;248,59;194,65	140,420;199,23;192,479	115	1436654682
340,30;42,217;206,132	381,48;470,151;309,420	910	1436654687
222,87;30,28;480,77	230,164;437,486;203,346	764	1436654693
5D3y6L345