136	L	0.0.0.0	1436653737
86,169;120,216;436,399	144,391;208,137;457,168	986	1436653835
86,78;211,107;147,483	300,72;222,477;113,110	0	1436653851
42,319;93,132;46,412	429,92;312,197;119,197	1000	1436653858
321,361;415,193;224,237	321,361;415,193;224,237	0	1436653868
213,263;455,213;370,59	177,372;447,44;475,193	1000	1436653874
280,308;219,21;355,351	311,180;66,426;446,166	1000	1436653882
441,100;406,185;394,397	320,50;256,279;341,136	1000	1436653892
414,143;298,296;370,130	396,84;93,238;216,210	1000	1436653898
486,420;466,135;48,26	217,121;349,115;336,410	1000	1436653905
88,185;487,350;477,471	468,54;43,405;23,337	0	1436653911
273,91;379,471;397,464	340,451;447,445;51,204	1000	1436653917
52,268;154,80;78,283	411,199;284,48;335,73	1000	1436653923
145,443;100,283;481,341	305,426;477,158;276,106	0	1436653932
87,133;455,435;99,63	274,343;190,366;380,210	999	1436653938
308,141;121,362;28,113	487,81;108,461;153,281	1000	1436653948
422,179;272,248;370,272	464,220;261,413;366,345	1000	1436653954
233,210;379,177;269,373	417,22;404,66;281,58	1000	1436653972
14,381;248,59;194,65	176,78;128,334;79,452	1000	1436653983
361,351;363,67;427,305	217,346;367,361;22,441	1000	1436653992
83,486;84,230;32,399	290,252;110,137;309,476	1000	1436654004
208,456;197,291;73,80	21,262;280,348;153,300	1000	1436654013
198,48;410,471;54,117	177,101;182,173;402,162	0	1436654027
264,426;482,179;18,329	415,264;467,45;92,324	1000	1436654038
327,320;281,153;460,258	331,318;278,221;337,473	1000	1436654045
410,235;398,381;253,180	177,219;72,100;489,183	1000	1436654051
77,378;218,284;101,337	238,232;57,141;138,293	1000	1436654056
134,19;328,214;253,384	257,356;112,231;227,350	1000	1436654063
237,152;242,200;252,74	101,179;63,172;361,111	1000	1436654071
332,231;247,283;74,485	79,324;255,360;107,332	1000	1436654078
291,336;119,466;244,123	444,131;295,69;130,263	1000	1436654084
14,381;248,59;194,65	391,116;112,331;325,21	1000	1436654089
50,230;454,95;53,165	26,389;360,73;43,289	0	1436654121
83,257;454,269;464,300	91,98;93,367;102,277	1000	1436654127
187,170;300,450;229,158	429,255;399,90;412,381	990	1436654132
393,276;163,455;137,333	156,157;338,406;287,244	1000	1436654142
196,412;444,339;304,208	484,52;138,284;425,266	1000	1436654152
289,447;355,334;405,444	23,385;140,63;483,150	1000	1436654161
215,192;480,472;474,272	406,80;478,48;74,484	1000	1436654169
478,141;384,422;149,464	220,77;132,206;151,142	1000	1436654175
428,425;425,339;146,102	27,401;150,220;396,472	1000	1436654185
365,159;43,490;215,122	471,333;185,415;194,74	1000	1436654190
259,12;379,60;30,391	259,12;379,60;30,391	0	1436654204
111,29;269,311;167,257	234,320;135,162;253,322	994	1436654211
436,397;257,297;167,38	358,298;336,202;181,427	997	1436654216
348,436;44,123;313,151	128,169;430,380;475,197	14	1436654222
481,117;337,115;262,351	221,487;465,152;65,70	975	1436654227
111,13;164,335;300,481	166,107;471,123;396,343	992	1436654232
56,410;235,188;70,347	194,167;152,168;472,479	984	1436654241
264,426;482,179;18,329	113,183;216,375;109,402	997	1436654248
228,346;404,478;320,21	76,470;230,161;361,330	999	1436654257
254,421;291,307;450,150	133,332;183,468;179,477	985	1436654264
413,36;359,63;226,311	103,487;450,73;299,109	5	1436654269
486,420;466,135;48,26	346,315;34,470;51,91	983	1436654284
447,159;305,227;306,129	187,289;56,376;15,266	6	1436654294
83,486;84,230;32,399	375,179;124,485;333,186	987	1436654301
420,439;433,13;230,448	215,337;68,40;286,250	988	1436654308
434,46;256,333;263,59	313,366;361,224;174,250	999	1436654314
237,152;242,200;252,74	216,303;76,251;412,435	1000	1436654338
122,324;39,350;211,207	159,393;260,285;184,478	966	1436654345
241,182;365,56;218,205	409,151;20,371;107,125	990	1436654352
67,215;473,407;217,122	379,152;280,326;83,17	999	1436654358
428,58;228,125;188,159	445,18;384,53;165,412	989	1436654367
13,429;403,265;260,443	54,12;445,145;324,375	994	1436654374
257,356;335,18;354,345	55,59;58,90;405,177	982	1436654381
35,425;89,233;175,236	370,357;236,281;354,392	996	1436654386
451,398;119,210;123,346	140,209;48,369;404,207	991	1436654391
14,381;248,59;194,65	381,263;306,204;268,123	996	1436654397
261,409;350,267;163,82	203,106;124,336;386,413	985	1436654402
17,46;151,56;365,187	401,406;367,482;134,401	981	1436654409
78,55;472,314;336,296	103,48;28,480;74,352	995	1436654413
302,153;253,50;22,320	354,325;148,342;73,31	995	1436654420
430,321;167,177;252,84	168,409;241,184;248,99	996	1436654426
165,353;21,269;375,230	414,274;13,386;58,470	989	1436654434
50,312;460,337;35,192	50,312;460,337;35,192	0	1436654452
428,256;275,257;477,381	361,268;361,373;418,209	0	1436654459
119,345;238,432;89,135	195,289;82,70;249,437	995	1436654465
76,358;489,417;96,438	304,349;452,146;392,378	13	1436654472
200,381;163,110;469,441	229,437;442,306;20,144	9	1436654479
355,328;11,267;416,106	224,356;478,467;280,332	991	1436654487
254,411;204,226;33,172	150,116;409,153;354,373	6	1436654496
436,397;257,297;167,38	437,269;270,410;288,485	995	1436654503
449,258;17,126;408,307	97,53;147,25;468,335	5	1436654510
302,153;253,50;22,320	147,143;230,200;25,296	1	1436654515
300,360;312,457;170,365	195,367;27,160;268,238	990	1436654523
357,14;271,116;332,160	280,473;351,138;74,398	11	1436654529
181,181;466,80;52,328	61,124;63,350;150,88	988	1436654534
207,439;238,130;436,487	330,128;335,230;382,144	0	1436654541
165,353;21,269;375,230	295,60;228,396;215,306	994	1436654547
434,475;158,34;233,328	347,426;360,395;256,86	984	1436654554
264,426;482,179;18,329	486,450;408,32;52,374	988	1436654560
430,321;167,177;252,84	103,60;306,164;30,237	997	1436654566
451,398;119,210;123,346	307,436;176,323;490,306	981	1436654574
261,241;149,381;371,99	27,349;46,482;365,55	995	1436654591
348,115;438,274;26,142	22,474;146,228;352,414	2	1436654600
93,330;388,328;200,239	54,279;135,203;456,389	988	1436654609
179,16;147,327;112,363	190,17;390,296;26,408	992	1436654617
147,430;48,32;237,116	12,18;203,397;281,374	980	1436654623
407,271;401,270;178,105	244,267;401,160;11,314	992	1436654629
391,41;216,359;395,193	325,53;129,93;433,314	991	1436654635
422,485;437,26;317,235	474,256;70,180;402,463	995	1436654639
133,141;387,321;387,219	450,346;345,467;216,405	987	1436654644
164,450;452,69;467,174	120,50;173,43;155,372	981	1436654651
246,345;321,150;233,209	319,75;180,70;281,434	985	1436654658
309,341;144,310;36,277	92,419;277,129;315,93	978	1436654664
488,390;488,290;464,206	155,214;228,323;126,102	2	1436654672
405,51;42,418;477,224	477,149;392,328;23,238	10	1436654688
215,192;480,472;474,272	476,412;204,174;476,302	10	1436654695
27,166;224,232;336,184	361,109;490,288;319,142	966	1436654701
35,425;89,233;175,236	398,77;272,372;24,396	980	1436654707
149,207;426,247;34,439	341,378;33,112;469,301	992	1436654713
76,49;124,56;58,377	12,45;22,477;378,211	996	1436654720
43,236;379,412;248,230	419,195;151,95;289,444	982	1436654727
288,255;363,115;201,424	187,175;215,216;37,396	996	1436654732
398,474;21,332;153,380	398,474;21,332;153,380	0	1436654750
467,60;162,140;412,469	49,445;24,259;248,304	987	1436654756
77,378;218,284;101,337	354,389;427,447;191,85	986	1436654765
146,221;138,125;326,301	478,194;186,433;469,348	994	1436654771
132,173;72,359;17,327	359,401;198,198;149,341	992	1436654776
106,469;369,199;423,248	12,155;372,479;236,67	985	1436654782
320,214;302,129;101,275	68,72;475,448;330,378	984	1436654788
182,372;476,438;302,165	145,435;381,350;410,231	991	1436654794
345,173;33,132;159,283	395,356;201,141;317,29	993	1436654801
149,207;426,247;34,439	328,113;153,223;123,99	983	1436654807
328,478;105,100;94,196	337,413;169,110;114,153	987	1436654815
225,242;299,107;423,182	413,53;335,212;103,333	999	1436654821
486,420;466,135;48,26	455,469;460,354;203,249	7	1436654827
73,416;413,487;260,342	74,353;453,83;358,60	975	1436654833
235,310;109,428;57,128	151,198;91,194;143,204	998	1436654838
76,347;113,369;99,460	34,403;303,318;152,152	992	1436654847
410,294;414,147;241,23	226,74;436,118;266,28	31	1436654854
429,135;424,178;288,358	67,190;450,359;467,354	985	1436654861
106,300;329,335;344,151	489,300;45,178;318,177	989	1436654867
163,62;52,204;431,228	13,327;424,174;60,92	991	1436654872
451,398;119,210;123,346	453,396;403,459;357,29	994	1436654878
329,401;253,227;31,373	247,230;183,286;100,127	996	1436654885
4G7w9L393