136	L	0.0.0.0	1436646151
86,169;120,216;436,399	144,391;208,137;457,168	986	1436646272
86,78;211,107;147,483	300,72;222,477;113,110	224	1436646282
42,319;93,132;46,412	429,92;312,197;119,197	892	1436646293
321,361;415,193;224,237	321,361;415,193;224,237	0	1436646301
213,263;455,213;370,59	177,372;447,44;475,193	843	1436646310
280,308;219,21;355,351	311,180;66,426;446,166	684	1436646320
94,322;203,172;357,266	365,409;158,221;447,80	987	1436646333
204,39;272,205;439,280	282,203;476,453;104,54	980	1436646344
448,116;148,189;248,384	81,172;41,199;214,297	971	1436646355
436,397;257,297;167,38	450,342;443,484;15,381	735	1436646364
437,319;434,366;263,222	369,433;450,47;441,334	949	1436646374
47,391;148,373;38,126	339,253;104,80;97,314	896	1436646384
349,180;55,212;387,436	167,454;16,239;470,109	723	1436646395
215,64;319,329;141,217	365,238;110,101;183,462	831	1436646404
93,375;455,216;362,362	227,382;37,430;166,488	922	1436646415
434,46;256,333;263,59	331,12;74,90;147,290	302	1436646429
69,152;201,28;484,436	395,222;488,16;67,120	994	1436646438
142,260;289,357;483,200	89,238;43,180;236,221	1000	1436646448
298,458;242,174;180,300	61,129;201,236;442,264	716	1436646458
281,293;134,442;28,68	287,230;50,313;55,138	801	1436646470
136,235;56,45;62,32	375,456;45,418;11,279	1000	1436646479
163,62;52,204;431,228	337,290;479,52;342,482	806	1436646494
394,122;428,303;486,266	343,451;368,423;96,382	685	1436646510
154,238;467,70;310,310	21,280;357,68;284,308	837	1436646525
196,412;444,339;304,208	349,93;362,205;40,317	1000	1436646544
25,128;204,20;96,353	219,175;303,139;370,372	826	1436646555
428,58;228,125;188,159	285,168;250,68;13,250	1000	1436646561
321,139;227,30;395,84	164,360;335,110;202,338	1000	1436646568
149,207;426,247;34,439	162,414;445,136;19,34	398	1436646576
50,312;460,337;35,192	50,312;460,337;35,192	0	1436646584
27,166;224,232;336,184	396,105;463,302;203,340	951	1436646591
391,41;216,359;395,193	448,286;362,347;456,54	935	1436646598
43,236;379,412;248,230	22,107;392,460;391,361	963	1436646604
149,207;426,247;34,439	24,229;429,31;372,486	948	1436646617
342,279;99,116;100,391	147,399;22,33;255,121	397	1436646627
309,341;144,310;36,277	321,162;305,214;464,70	473	1436646639
76,358;489,417;96,438	192,462;415,144;228,367	737	1436646645
35,425;89,233;175,236	286,143;24,265;232,72	148	1436646652
273,108;55,449;177,344	116,456;113,31;218,109	402	1436646658
381,317;224,365;216,322	436,354;127,128;436,198	1000	1436646665
472,215;100,255;419,377	300,84;60,199;438,268	165	1436646672
309,341;144,310;36,277	479,451;241,171;454,90	1000	1436646680
44,216;18,283;221,415	429,50;88,288;197,125	798	1436646687
196,412;444,339;304,208	361,369;180,243;300,455	419	1436646694
13,471;24,230;322,125	81,149;316,115;120,403	382	1436646700
426,423;260,418;118,450	174,107;256,175;422,161	594	1436646706
51,406;294,62;250,133	96,29;73,103;196,153	1000	1436646713
340,52;327,227;464,443	22,374;379,149;244,317	35	1436646721
23,469;147,102;123,481	150,240;370,96;210,324	309	1436646727
486,420;466,135;48,26	455,469;460,354;203,249	292	1436646734
260,215;464,485;209,59	417,288;465,445;162,198	704	1436646740
285,164;399,462;488,120	475,26;478,459;129,81	309	1436646746
115,72;67,147;76,253	128,27;398,237;363,246	732	1436646754
87,328;263,384;438,283	450,89;340,313;139,195	622	1436646759
339,393;429,169;235,235	490,350;197,247;173,472	305	1436646766
351,245;464,25;157,411	296,369;453,284;419,429	907	1436646774
271,489;256,415;222,103	427,366;34,347;141,322	1000	1436646780
106,64;466,431;23,193	140,268;478,113;83,61	667	1436646786
94,322;203,172;357,266	269,366;50,160;368,230	448	1436646792
189,121;280,193;273,219	370,67;394,134;430,51	462	1436646798
430,321;167,177;252,84	29,368;283,297;275,435	262	1436646804
44,216;18,283;221,415	253,487;369,346;394,259	168	1436646810
391,333;115,44;465,145	172,389;403,152;60,146	136	1436646816
325,127;61,12;38,369	392,217;302,129;333,407	223	1436646822
254,421;291,307;450,150	465,26;130,363;332,126	721	1436646828
119,484;412,308;426,104	60,184;124,51;442,382	199	1436646835
144,140;310,173;282,24	78,319;266,312;261,202	139	1436646841
391,308;130,24;20,61	444,11;390,460;309,49	49	1436646847
19,24;54,122;446,484	329,108;99,182;215,100	934	1436646854
259,12;379,60;30,391	259,12;379,60;30,391	0	1436646859
237,152;242,200;252,74	110,73;321,127;375,162	878	1436646866
149,207;426,247;34,439	202,158;197,450;230,450	863	1436646872
434,46;256,333;263,59	324,63;195,296;51,277	404	1436646880
429,66;147,290;434,56	267,299;264,61;102,278	978	1436646886
44,216;18,283;221,415	11,105;338,414;32,31	601	1436646891
134,338;22,407;26,111	363,17;207,118;453,451	732	1436646898
451,398;119,210;123,346	59,467;443,372;347,132	721	1436646907
14,381;248,59;194,65	320,142;108,266;213,315	957	1436646915
115,72;67,147;76,253	422,26;262,234;232,490	748	1436646921
67,215;473,407;217,122	138,37;116,210;363,66	958	1436646927
13,484;125,87;389,447	144,104;215,333;427,308	843	1436646934
35,425;89,233;175,236	193,379;423,63;314,405	936	1436646942
437,319;434,366;263,222	349,345;98,380;236,161	819	1436646950
428,58;228,125;188,159	417,333;136,225;337,318	346	1436646955
43,236;379,412;248,230	47,37;455,30;81,279	442	1436646963
288,255;363,115;201,424	481,420;12,38;240,400	1000	1436646974
40,488;398,229;233,412	285,384;291,90;268,187	844	1436646979
53,120;250,58;258,141	78,200;389,38;129,336	451	1436646986
297,51;196,220;245,320	429,456;388,26;318,49	714	1436646991
344,160;213,36;64,343	229,32;407,376;474,280	397	1436646996
14,381;248,59;194,65	199,19;60,15;250,358	910	1436647004
253,271;43,388;246,120	307,19;458,88;261,412	784	1436647010
76,347;113,369;99,460	131,293;66,276;442,247	1000	1436647015
218,460;234,450;143,403	109,410;306,117;134,353	992	1436647021
348,115;438,274;26,142	26,248;398,121;155,302	588	1436647029
345,110;291,416;469,78	285,361;267,457;186,164	708	1436647035
348,490;125,173;408,282	161,400;387,361;74,198	444	1436647043
400,258;404,13;28,153	481,404;92,381;169,70	428	1436647050
426,423;260,418;118,450	422,324;340,342;32,254	601	1436647056
381,82;274,376;422,221	95,414;393,291;466,155	385	1436647063
436,397;257,297;167,38	152,19;105,470;26,276	28	1436647069
302,153;253,50;22,320	147,143;230,200;25,296	298	1436647074
207,439;238,130;436,487	330,128;335,230;382,144	864	1436647081
464,159;186,133;282,409	471,323;76,488;345,147	393	1436647094
428,58;228,125;188,159	382,395;54,111;396,417	124	1436647100
76,347;113,369;99,460	174,165;274,361;28,411	444	1436647107
428,58;228,125;188,159	445,18;384,53;165,412	824	1436647113
67,215;473,407;217,122	270,156;442,34;446,293	632	1436647119
164,450;452,69;467,174	120,50;173,43;155,372	569	1436647125
27,166;224,232;336,184	391,283;58,403;480,57	727	1436647132
398,113;161,279;464,128	63,150;466,239;337,187	587	1436647137
89,154;125,240;275,406	249,388;397,141;267,361	440	1436647143
215,192;480,472;474,272	179,229;451,249;222,43	384	1436647150
375,447;154,123;206,146	50,102;408,154;468,124	112	1436647156
398,474;21,332;153,380	398,474;21,332;153,380	0	1436647163
288,255;363,115;201,424	317,159;360,82;324,291	1000	1436647172
347,119;193,213;98,56	108,378;250,39;36,122	676	1436647178
437,319;434,366;263,222	339,223;246,71;442,181	578	1436647184
77,378;218,284;101,337	55,122;111,322;240,415	638	1436647189
149,207;426,247;34,439	161,285;404,363;448,288	595	1436647196
281,293;134,442;28,68	28,184;489,71;236,74	418	1436647201
14,193;405,407;189,95	159,164;244,308;336,296	945	1436647207
76,358;489,417;96,438	208,290;21,387;279,243	966	1436647214
300,240;369,472;450,287	105,285;43,459;59,272	401	1436647220
354,83;333,117;385,421	371,55;85,223;256,227	959	1436647251
120,421;472,311;267,13	477,266;313,294;267,467	757	1436647259
215,74;161,202;355,181	234,272;48,228;83,76	184	1436647265
387,167;426,231;259,253	331,258;372,387;250,84	915	1436647270
361,351;363,67;427,305	154,149;177,317;172,325	965	1436647276
257,468;429,144;181,111	255,412;252,348;405,55	892	1436647286
50,230;454,95;53,165	344,475;428,366;405,145	410	1436647294
302,153;253,50;22,320	469,363;258,108;17,167	207	1436647300
89,154;125,240;275,406	154,319;486,66;20,406	279	1436647306
394,19;269,372;231,245	487,155;328,128;208,459	87	1436647313
314,360;93,165;463,482	280,233;66,11;328,317	143	1436647320
1G4u9N945