137	L	0.0.0.0	1436647081
86,169;120,216;436,399	144,391;208,137;457,168	118	1436647162
86,78;211,107;147,483	300,72;222,477;113,110	302	1436647176
42,319;93,132;46,412	429,92;312,197;119,197	798	1436647190
321,361;415,193;224,237	321,361;415,193;224,237	1	1436647201
213,263;455,213;370,59	177,372;447,44;475,193	96	1436647210
280,308;219,21;355,351	311,180;66,426;446,166	78	1436647222
476,439;339,103;226,177	46,302;33,484;74,341	881	1436647231
95,249;294,15;97,465	199,228;30,231;138,397	787	1436647243
350,323;362,239;303,269	72,447;334,414;85,246	781	1436647257
391,41;216,359;395,193	416,280;441,46;108,452	172	1436647269
43,236;379,412;248,230	227,161;93,409;487,89	70	1436647282
128,110;149,298;419,51	162,442;182,93;81,334	180	1436647311
76,358;489,417;96,438	199,120;467,107;428,16	87	1436647325
165,353;21,269;375,230	82,297;449,33;314,396	664	1436647339
115,28;181,381;250,267	204,143;453,242;337,65	307	1436647352
436,397;257,297;167,38	188,179;126,406;37,85	614	1436647361
101,226;150,446;190,33	13,308;75,352;361,395	947	1436647369
344,202;190,90;239,342	361,168;45,341;281,430	20	1436647381
79,326;84,395;332,233	109,311;474,168;463,113	88	1436647391
436,397;257,297;167,38	276,337;252,215;181,448	115	1436647401
49,237;385,459;391,228	395,34;17,94;279,446	242	1436647410
327,34;370,122;297,198	145,121;263,60;411,79	473	1436647420
14,295;274,190;417,65	64,18;430,190;162,216	722	1436647428
115,317;220,111;313,259	116,203;54,278;128,271	386	1436647438
76,347;113,369;99,460	55,165;46,94;362,485	796	1436647447
428,58;228,125;188,159	431,73;404,87;227,51	59	1436647455
472,215;100,255;419,377	452,116;233,398;149,192	213	1436647463
268,398;482,170;216,312	397,199;487,312;470,115	535	1436647472
196,412;444,339;304,208	361,369;180,243;300,455	424	1436647479
426,423;260,418;118,450	230,206;371,193;205,20	949	1436647487
165,353;21,269;375,230	252,388;271,50;333,490	810	1436647496
457,300;287,284;452,148	256,63;290,452;129,110	825	1436647518
437,319;434,366;263,222	106,88;69,114;473,194	356	1436647528
340,30;42,217;206,132	139,215;37,189;241,415	842	1436647537
281,293;134,442;28,68	252,339;30,299;211,153	542	1436647546
148,272;164,108;103,201	173,13;140,13;25,100	649	1436647563
345,173;33,132;159,283	395,356;201,141;317,29	420	1436647575
44,216;18,283;221,415	306,259;16,156;377,76	447	1436647584
237,152;242,200;252,74	242,308;28,427;15,422	574	1436647593
43,236;379,412;248,230	411,125;192,91;309,416	555	1436647603
254,421;291,307;450,150	256,285;202,395;15,420	618	1436647610
47,391;148,373;38,126	24,294;178,258;312,66	409	1436647618
237,152;242,200;252,74	239,120;250,173;311,35	455	1436647626
253,392;213,333;459,469	378,413;144,317;367,460	459	1436647635
154,238;467,70;310,310	399,150;288,289;27,353	624	1436647644
106,64;466,431;23,193	125,171;356,169;387,459	583	1436647652
115,72;67,147;76,253	15,393;87,394;237,116	901	1436647661
259,12;379,60;30,391	259,12;379,60;30,391	0	1436647669
429,135;424,178;288,358	67,190;450,359;467,354	645	1436647677
349,151;208,317;95,172	413,109;303,355;207,84	101	1436647686
425,441;460,413;381,487	195,160;315,390;342,145	999	1436647693
430,321;167,177;252,84	159,117;398,456;311,130	229	1436647701
143,253;192,483;17,377	205,466;392,63;67,64	520	1436647711
271,489;256,415;222,103	427,366;34,347;141,322	749	1436647719
472,215;100,255;419,377	22,161;373,378;224,327	853	1436647726
381,205;308,167;191,444	263,15;311,126;241,47	718	1436647735
472,473;177,324;281,143	247,106;418,223;346,377	95	1436647744
360,65;163,274;48,300	440,402;456,38;402,286	20	1436647754
213,400;281,121;409,301	283,232;430,448;403,170	276	1436647760
309,341;144,310;36,277	93,123;435,70;454,237	978	1436647768
283,480;469,358;261,39	440,113;455,380;126,273	374	1436647775
471,490;469,484;328,267	186,377;77,417;436,262	138	1436647784
490,119;49,104;145,447	181,439;292,409;159,235	409	1436647792
163,62;52,204;431,228	168,292;452,98;483,201	259	1436647799
165,353;21,269;375,230	348,390;367,79;324,80	732	1436647806
27,166;224,232;336,184	119,314;108,269;367,390	613	1436647814
252,19;102,121;202,293	485,101;431,411;120,158	240	1436647822
30,231;131,192;281,449	189,108;90,242;244,233	553	1436647828
196,412;444,339;304,208	349,93;362,205;40,317	474	1436647836
472,215;100,255;419,377	138,278;265,22;469,390	466	1436647843
165,353;21,269;375,230	21,15;347,50;209,320	549	1436647849
246,461;276,13;198,279	220,126;279,449;443,355	634	1436647855
391,41;216,359;395,193	216,193;463,114;282,437	466	1436647864
237,152;242,200;252,74	193,441;364,310;450,181	335	1436647872
64,169;487,249;229,374	387,473;336,261;44,199	138	1436647881
237,152;242,200;252,74	205,207;357,71;115,244	169	1436647889
196,412;444,339;304,208	232,291;151,372;60,232	217	1436647897
41,280;16,149;382,372	267,33;112,235;100,418	124	1436647904
291,448;280,297;413,324	341,98;74,309;140,241	919	1436647912
163,62;52,204;431,228	480,287;134,112;67,348	158	1436647925
43,236;379,412;248,230	350,410;49,479;490,240	111	1436647932
42,406;237,425;223,115	313,231;445,339;436,275	662	1436647939
95,62;424,16;22,167	383,41;124,296;297,65	242	1436647946
76,358;489,417;96,438	398,253;159,432;179,394	597	1436647953
450,358;17,232;64,311	341,286;309,367;153,153	406	1436647960
386,314;64,242;41,146	472,434;111,396;27,416	416	1436647969
215,192;480,472;474,272	476,412;204,174;476,302	311	1436647977
67,215;473,407;217,122	26,58;79,270;230,130	471	1436647983
215,192;480,472;474,272	484,161;486,416;79,25	93	1436647992
292,187;266,388;355,220	356,443;166,126;392,235	525	1436647999
50,312;460,337;35,192	50,312;460,337;35,192	0	1436648008
391,41;216,359;395,193	373,452;242,84;321,271	895	1436648016
77,378;218,284;101,337	477,307;194,250;358,285	987	1436648023
89,383;336,248;463,374	350,309;323,54;245,196	249	1436648030
391,41;216,359;395,193	16,202;154,478;226,464	570	1436648039
115,72;67,147;76,253	225,235;120,460;250,50	396	1436648048
43,236;379,412;248,230	145,83;318,250;97,342	458	1436648055
451,398;119,210;123,346	140,209;48,369;404,207	562	1436648062
437,319;434,366;263,222	368,490;130,91;156,11	459	1436648069
89,154;125,240;275,406	447,302;78,387;441,374	548	1436648077
76,347;113,369;99,460	61,455;327,50;352,346	766	1436648084
361,351;363,67;427,305	424,169;58,354;43,396	607	1436648091
106,64;466,431;23,193	231,19;154,50;150,347	61	1436648100
302,153;253,50;22,320	426,312;254,290;354,16	163	1436648107
365,159;43,490;215,122	471,333;185,415;194,74	410	1436648114
314,360;93,165;463,482	280,233;66,11;328,317	242	1436648121
415,162;135,449;331,60	183,291;66,456;432,283	415	1436648128
323,49;351,327;93,154	447,297;290,60;33,292	67	1436648135
300,136;376,129;337,435	413,424;381,450;72,123	131	1436648142
43,236;379,412;248,230	464,89;155,282;86,389	671	1436648151
410,294;414,147;241,23	226,74;436,118;266,28	333	1436648158
77,378;218,284;101,337	257,90;460,111;339,74	142	1436648166
301,316;342,14;32,89	300,205;438,178;78,109	770	1436648176
154,238;467,70;310,310	439,30;69,384;272,209	898	1436648188
288,255;363,115;201,424	116,453;397,30;456,414	996	1436648195
429,66;147,290;434,56	267,299;264,61;102,278	988	1436648202
23,24;436,476;154,238	455,313;103,136;390,305	432	1436648210
163,62;52,204;431,228	413,43;155,136;216,415	101	1436648217
61,390;178,474;395,193	254,17;426,387;138,268	384	1436648224
328,478;105,100;94,196	23,311;125,208;346,26	576	1436648232
398,474;21,332;153,380	398,474;21,332;153,380	0	1436648238
51,207;342,471;103,232	142,486;260,262;414,95	352	1436648249
35,425;89,233;175,236	398,77;272,372;24,396	547	1436648257
34,238;481,41;459,54	447,77;471,46;343,195	863	1436648265
77,378;218,284;101,337	232,141;347,333;429,369	335	1436648272
50,230;454,95;53,165	204,363;172,466;209,314	910	1436648279
440,73;266,296;53,430	488,237;436,297;207,45	527	1436648286
340,379;107,473;117,374	81,69;32,341;267,388	455	1436648294
89,154;125,240;275,406	418,235;168,89;348,215	266	1436648301
106,64;466,431;23,193	329,218;402,235;373,188	953	1436648309
348,115;438,274;26,142	253,227;346,104;358,454	15	1436648323
405,436;101,292;58,122	118,176;199,142;413,211	117	1436648329
47,391;148,373;38,126	93,189;397,138;299,324	537	1436648336
426,423;260,418;118,450	363,384;200,50;293,279	373	1436648343
328,478;105,100;94,196	294,65;231,404;341,38	74	1436648350
154,238;467,70;310,310	270,191;374,437;354,220	113	1436648357
1D3w5N502