136	R	0.0.0.0	1436646729
86,169;120,216;436,399	144,391;208,137;457,168	827	1436646828
86,78;211,107;147,483	300,72;222,477;113,110	618	1436646849
42,319;93,132;46,412	429,92;312,197;119,197	952	1436646867
321,361;415,193;224,237	321,361;415,193;224,237	28	1436646884
213,263;455,213;370,59	177,372;447,44;475,193	927	1436646896
280,308;219,21;355,351	311,180;66,426;446,166	977	1436646906
44,216;18,283;221,415	21,67;476,432;146,409	960	1436646923
302,153;253,50;22,320	39,109;253,54;148,463	963	1436646933
398,474;21,332;153,380	398,474;21,332;153,380	9	1436646942
44,216;18,283;221,415	65,32;45,186;217,236	876	1436646954
280,387;159,457;316,121	179,469;58,70;428,120	966	1436646967
357,48;366,331;359,287	217,378;35,163;334,198	982	1436646976
83,486;84,230;32,399	475,280;459,119;276,172	983	1436646985
107,77;32,329;418,19	147,402;388,153;18,179	740	1436646998
223,282;25,193;74,245	266,354;311,275;440,279	963	1436647008
31,293;346,471;175,27	129,77;87,437;30,16	959	1436647019
468,284;463,177;198,227	174,370;320,35;119,159	940	1436647027
94,79;274,230;124,87	408,221;160,457;472,173	907	1436647036
277,65;218,404;376,340	279,410;26,475;432,490	860	1436647046
83,486;84,230;32,399	251,47;44,52;85,256	968	1436647055
462,290;336,373;18,373	272,334;208,265;88,128	985	1436647065
264,291;43,117;98,407	227,268;449,309;97,478	668	1436647075
344,366;91,297;178,387	408,391;313,388;188,23	975	1436647084
106,64;466,431;23,193	229,134;213,370;60,17	966	1436647091
476,479;133,144;446,439	109,168;190,228;45,399	986	1436647099
154,238;467,70;310,310	441,289;128,125;100,276	848	1436647107
271,458;99,443;140,490	418,107;367,300;437,332	557	1436647116
430,321;167,177;252,84	424,248;136,462;296,136	922	1436647124
347,486;436,94;124,465	65,109;444,99;440,235	860	1436647132
39,16;84,400;37,182	469,197;252,187;31,52	646	1436647140
428,58;228,125;188,159	227,105;212,192;410,489	866	1436647148
65,176;422,68;95,428	319,201;118,94;77,325	815	1436647155
419,475;306,335;396,328	306,200;13,248;454,309	960	1436647162
369,71;75,28;27,254	12,285;209,101;71,444	651	1436647168
106,433;402,82;218,138	70,460;101,95;191,305	959	1436647180
192,294;487,314;461,215	90,255;155,402;336,48	875	1436647188
259,12;379,60;30,391	259,12;379,60;30,391	20	1436647199
41,280;16,149;382,372	267,33;112,235;100,418	854	1436647207
196,412;444,339;304,208	162,324;239,215;187,347	984	1436647214
83,486;84,230;32,399	367,133;186,442;368,198	989	1436647220
76,347;113,369;99,460	62,42;81,20;367,144	988	1436647226
50,230;454,95;53,165	408,175;462,411;130,483	960	1436647232
34,465;187,14;196,124	422,153;312,157;447,21	977	1436647238
198,254;298,311;401,489	450,168;65,380;450,239	638	1436647243
409,309;346,134;12,156	474,210;83,46;129,384	587	1436647252
149,207;426,247;34,439	487,320;180,105;346,471	718	1436647257
154,238;467,70;310,310	478,53;267,146;270,446	307	1436647264
120,412;260,461;326,221	440,100;141,171;322,316	778	1436647271
332,313;148,100;450,224	375,480;151,241;89,319	720	1436647277
348,115;438,274;26,142	418,242;125,30;449,37	758	1436647283
457,357;145,382;487,279	264,171;304,401;261,264	962	1436647290
426,423;260,418;118,450	449,337;55,464;130,406	906	1436647298
349,151;208,317;95,172	413,109;303,355;207,84	553	1436647304
414,158;66,162;278,11	171,390;147,214;227,310	939	1436647310
55,368;85,403;371,269	325,86;208,348;234,16	972	1436647317
292,426;474,86;284,39	81,362;332,486;182,221	943	1436647324
79,326;84,395;332,233	109,311;474,168;463,113	559	1436647330
142,40;149,179;130,180	280,260;35,376;480,146	977	1436647335
274,201;471,116;162,35	489,13;78,408;383,392	970	1436647340
301,422;223,445;424,87	299,359;279,487;149,433	972	1436647346
315,349;239,69;118,324	273,296;197,156;270,450	967	1436647352
245,228;393,154;134,455	252,437;385,485;354,466	972	1436647360
340,30;42,217;206,132	475,327;463,284;461,273	978	1436647368
133,162;128,431;130,236	31,446;302,28;93,412	974	1436647375
108,418;221,203;58,133	152,440;353,99;164,275	966	1436647381
237,152;242,200;252,74	86,94;397,42;461,124	982	1436647387
225,242;299,107;423,182	413,53;335,212;103,333	977	1436647394
106,64;466,431;23,193	38,171;431,219;400,378	858	1436647401
76,347;113,369;99,460	273,104;214,87;122,290	916	1436647407
271,489;256,415;222,103	427,366;34,347;141,322	980	1436647413
367,14;142,80;418,272	390,54;200,136;418,454	889	1436647419
131,485;147,168;29,201	216,467;165,365;390,81	329	1436647424
361,351;363,67;427,305	387,468;402,231;136,294	894	1436647430
430,321;167,177;252,84	39,429;318,147;365,117	976	1436647435
361,351;363,67;427,305	389,238;269,191;223,355	952	1436647441
154,238;467,70;310,310	395,118;129,111;101,388	940	1436647447
430,321;167,177;252,84	336,467;194,458;275,271	958	1436647453
361,351;363,67;427,305	367,457;486,357;299,14	350	1436647458
93,375;455,216;362,362	227,382;37,430;166,488	926	1436647464
423,196;148,161;315,389	475,428;270,398;327,460	923	1436647469
21,405;209,205;68,213	171,346;112,327;449,130	929	1436647476
69,233;114,276;185,426	413,94;434,368;148,336	956	1436647483
354,37;84,322;153,399	308,61;78,12;249,384	979	1436647488
47,391;148,373;38,126	93,189;397,138;299,324	962	1436647495
165,353;21,269;375,230	348,390;367,79;324,80	986	1436647500
76,358;489,417;96,438	192,371;74,137;449,325	985	1436647506
347,119;193,213;98,56	108,378;250,39;36,122	972	1436647512
89,154;125,240;275,406	451,112;349,148;32,220	971	1436647518
452,198;239,54;313,426	165,240;464,34;376,184	977	1436647524
309,341;144,310;36,277	463,348;35,446;369,434	977	1436647530
50,230;454,95;53,165	383,361;348,154;436,443	970	1436647572
281,293;134,442;28,68	490,141;277,95;429,99	982	1436647578
381,435;363,360;239,70	237,387;453,53;411,363	989	1436647584
342,50;431,160;14,278	178,172;193,348;141,142	969	1436647589
440,171;64,240;344,248	14,34;340,94;266,93	967	1436647595
287,439;74,262;126,204	20,333;89,156;214,194	945	1436647601
175,17;177,346;408,78	291,468;302,75;30,168	346	1436647606
288,255;363,115;201,424	116,453;397,30;456,414	995	1436647611
419,197;116,277;249,57	326,456;336,393;46,105	987	1436647617
54,78;409,217;107,98	345,482;224,154;276,273	408	1436647622
160,320;402,90;38,34	300,144;195,62;320,326	887	1436647628
291,448;280,297;413,324	341,98;74,309;140,241	985	1436647634
110,197;96,332;172,131	227,488;449,210;328,290	939	1436647640
94,322;203,172;357,266	250,364;173,485;448,285	974	1436647646
315,296;108,325;378,323	192,437;85,347;330,54	976	1436647651
478,482;338,100;470,53	352,439;41,281;237,412	956	1436647657
281,293;134,442;28,68	132,317;289,123;402,288	701	1436647662
421,166;418,470;354,366	27,469;483,409;435,342	964	1436647668
69,196;136,162;276,240	122,216;143,226;403,171	984	1436647674
65,75;197,14;56,189	225,42;145,177;317,326	764	1436647681
149,207;426,247;34,439	462,336;469,335;356,487	971	1436647687
451,398;119,210;123,346	30,435;291,390;364,314	885	1436647692
27,166;224,232;336,184	489,414;127,480;143,123	942	1436647697
434,46;256,333;263,59	328,78;358,397;455,363	634	1436647703
50,312;460,337;35,192	50,312;460,337;35,192	168	1436647708
286,435;204,342;106,472	373,36;49,462;158,383	951	1436647713
41,291;277,476;147,331	381,110;251,40;107,46	918	1436647720
344,96;488,24;60,275	251,58;71,105;241,86	990	1436647725
478,141;384,422;149,464	220,77;132,206;151,142	964	1436647731
14,381;248,59;194,65	391,116;112,331;325,21	986	1436647737
165,353;21,269;375,230	270,439;24,321;48,81	751	1436647759
67,215;473,407;217,122	242,13;283,444;361,150	548	1436647767
27,166;224,232;336,184	64,410;317,162;448,81	945	1436647773
165,353;21,269;375,230	62,486;154,330;41,481	965	1436647779
17,46;151,56;365,187	402,427;51,427;54,191	971	1436647785
44,216;18,283;221,415	33,65;48,449;22,229	983	1436647792
149,207;426,247;34,439	341,378;33,112;469,301	929	1436647797
166,421;181,321;295,80	208,346;490,68;482,394	981	1436647804
340,30;42,217;206,132	146,161;448,295;338,85	989	1436647810
253,368;437,14;262,302	150,186;152,119;100,189	984	1436647820
23,28;369,459;24,30	479,97;465,95;79,92	180	1436647829
348,115;438,274;26,142	369,324;22,471;154,25	434	1436647834
115,72;67,147;76,253	305,422;29,210;154,313	960	1436647840
361,351;363,67;427,305	307,199;340,405;210,19	954	1436647846
119,345;238,432;89,135	195,289;82,70;249,437	974	1436647855
3B7w5P489