137	R	0.0.0.0	1436646051
86,169;120,216;436,399	144,391;208,137;457,168	830	1436646157
86,78;211,107;147,483	300,72;222,477;113,110	112	1436646174
42,319;93,132;46,412	429,92;312,197;119,197	385	1436646202
321,361;415,193;224,237	321,361;415,193;224,237	0	1436646210
213,263;455,213;370,59	177,372;447,44;475,193	703	1436646232
280,308;219,21;355,351	311,180;66,426;446,166	726	1436646246
370,434;188,334;212,161	247,441;133,135;77,446	830	1436646261
357,120;299,18;342,387	446,85;104,398;380,114	888	1436646271
302,153;253,50;22,320	105,76;489,316;217,303	731	1436646306
87,22;183,211;222,311	196,441;92,490;489,400	758	1436646324
344,202;190,90;239,342	361,168;45,341;281,430	128	1436646338
215,192;480,472;474,272	189,58;316,484;21,485	794	1436646350
481,374;60,332;354,153	460,85;287,45;295,295	179	1436646365
78,439;155,20;227,146	326,309;319,13;25,294	780	1436646377
389,89;204,150;200,290	341,210;116,20;28,439	788	1436646383
35,425;89,233;175,236	342,19;66,443;72,260	829	1436646398
381,205;308,167;191,444	263,15;311,126;241,47	232	1436646412
259,12;379,60;30,391	259,12;379,60;30,391	0	1436646421
326,42;338,386;170,183	163,267;327,379;235,323	958	1436646429
288,255;363,115;201,424	191,30;485,236;191,31	74	1436646444
76,358;489,417;96,438	453,59;179,170;484,217	401	1436646473
292,187;266,388;355,220	356,443;166,126;392,235	590	1436646484
67,215;473,407;217,122	458,106;201,290;272,61	650	1436646491
369,71;75,28;27,254	12,285;209,101;71,444	665	1436646502
343,437;278,351;412,243	218,121;48,337;331,345	754	1436646511
428,58;228,125;188,159	140,31;382,302;200,71	208	1436646521
430,321;167,177;252,84	146,264;204,196;308,430	541	1436646540
76,358;489,417;96,438	192,462;415,144;228,367	817	1436646545
51,59;484,306;144,45	241,114;45,398;281,17	535	1436646557
391,333;115,44;465,145	172,389;403,152;60,146	739	1436646563
365,285;164,362;318,39	247,214;304,143;26,243	532	1436646595
66,452;384,88;181,479	330,35;344,380;389,74	434	1436646616
347,119;193,213;98,56	78,351;55,381;205,266	889	1436646629
302,153;253,50;22,320	14,26;39,391;360,370	737	1436646636
27,166;224,232;336,184	276,129;262,35;89,393	673	1436646654
368,392;103,436;140,162	71,347;259,259;376,24	886	1436646662
196,412;444,339;304,208	362,283;351,308;329,129	931	1436646668
35,425;89,233;175,236	333,478;197,383;447,120	883	1436646675
163,62;52,204;431,228	322,454;40,462;299,44	56	1436646687
115,28;181,381;250,267	204,143;453,242;337,65	825	1436646694
361,351;363,67;427,305	331,427;436,88;261,88	784	1436646699
140,440;401,193;204,362	489,52;141,443;396,232	309	1436646710
22,234;410,399;65,307	258,114;81,46;341,182	593	1436646721
437,176;412,51;372,52	219,32;83,365;147,298	762	1436646729
436,397;257,297;167,38	256,191;268,278;260,158	748	1436646735
67,366;311,260;387,85	156,29;264,450;242,114	659	1436646742
94,322;203,172;357,266	365,409;158,221;447,80	558	1436646751
417,459;436,439;37,319	95,293;42,185;130,322	564	1436646756
328,478;105,100;94,196	452,458;390,421;230,269	864	1436646763
460,245;158,394;24,467	193,256;186,202;363,314	948	1436646769
241,450;67,212;96,236	430,406;304,388;105,309	893	1436646776
154,238;467,70;310,310	442,224;325,391;166,115	803	1436646784
309,341;144,310;36,277	232,184;249,59;287,19	897	1436646791
55,458;458,132;432,24	382,441;276,133;36,144	659	1436646807
277,263;170,246;177,390	277,410;424,472;225,190	748	1436646824
76,347;113,369;99,460	131,293;66,276;442,247	808	1436646832
480,200;18,58;163,93	96,42;259,252;245,189	791	1436646839
385,164;279,192;104,441	300,44;212,307;385,442	748	1436646845
328,478;105,100;94,196	93,446;420,42;263,168	657	1436646852
410,95;285,18;449,447	465,353;263,310;406,382	373	1436646865
134,64;131,247;225,178	428,399;271,25;408,68	667	1436646870
106,64;466,431;23,193	210,241;300,108;298,460	691	1436646875
17,46;151,56;365,187	21,46;426,325;344,299	873	1436646882
449,355;270,417;408,141	409,343;412,43;74,248	611	1436646892
428,58;228,125;188,159	227,105;212,192;410,489	855	1436646896
237,152;242,200;252,74	157,315;43,116;82,80	943	1436646902
280,387;159,457;316,121	179,469;58,70;428,120	897	1436646908
356,261;479,71;183,330	357,145;288,23;292,317	629	1436646913
216,14;470,443;286,332	204,22;294,369;36,54	686	1436646918
14,381;248,59;194,65	364,267;191,448;379,208	939	1436646926
215,192;480,472;474,272	59,124;447,23;114,442	819	1436646932
367,14;142,80;418,272	163,269;121,128;283,26	658	1436646938
430,321;167,177;252,84	343,208;195,386;308,101	693	1436646943
152,382;108,173;343,487	376,139;108,70;64,292	674	1436646954
44,216;18,283;221,415	392,35;399,227;435,238	843	1436646964
350,428;81,399;260,182	171,443;337,465;436,378	663	1436646972
76,347;113,369;99,460	174,165;274,361;28,411	823	1436646978
94,322;203,172;357,266	346,358;489,130;479,419	774	1436646987
91,170;14,221;231,152	230,85;248,69;101,91	695	1436646991
44,216;18,283;221,415	450,437;128,100;242,365	911	1436646997
426,423;260,418;118,450	408,353;127,61;485,357	913	1436647003
154,238;467,70;310,310	463,347;145,424;38,135	686	1436647007
18,137;86,382;213,302	33,260;170,421;436,61	173	1436647024
261,409;350,267;163,82	203,106;124,336;386,413	577	1436647031
43,236;379,412;248,230	354,58;272,446;252,186	558	1436647050
281,293;134,442;28,68	135,261;374,139;85,207	635	1436647056
196,412;444,339;304,208	231,393;218,80;193,459	836	1436647063
56,378;11,174;461,430	117,196;476,489;418,138	667	1436647069
94,322;203,172;357,266	382,420;78,286;171,161	746	1436647076
175,154;304,335;403,39	73,256;309,16;318,116	790	1436647081
347,119;193,213;98,56	436,290;127,227;312,164	449	1436647093
21,312;285,334;390,71	154,262;388,252;320,95	813	1436647112
480,200;18,58;163,93	119,57;432,331;335,31	809	1436647124
44,216;18,283;221,415	282,47;12,279;246,100	829	1436647129
309,341;144,310;36,277	121,167;281,440;136,165	805	1436647137
272,460;57,373;26,405	228,32;254,60;76,488	549	1436647151
237,152;242,200;252,74	101,179;63,172;361,111	858	1436647159
163,62;52,204;431,228	175,338;482,137;258,88	600	1436647166
149,207;426,247;34,439	366,119;403,248;378,490	698	1436647176
60,251;418,393;465,310	275,188;411,266;298,361	898	1436647182
37,199;83,217;133,28	135,488;348,464;161,15	110	1436647192
212,445;179,174;380,30	139,431;441,407;404,100	707	1436647202
266,481;284,70;235,307	97,408;105,245;454,49	597	1436647210
472,215;100,255;419,377	22,161;373,378;224,327	574	1436647217
428,58;228,125;188,159	427,313;380,250;251,21	543	1436647227
77,378;218,284;101,337	236,153;377,446;284,152	587	1436647232
454,150;330,203;41,29	177,53;321,240;159,198	773	1436647237
35,425;89,233;175,236	429,145;187,116;74,336	752	1436647244
391,41;216,359;395,193	16,202;154,478;226,464	865	1436647249
254,421;291,307;450,150	96,120;101,314;286,285	889	1436647254
200,93;21,334;329,359	467,379;192,465;469,371	1000	1436647263
52,49;59,407;345,63	463,49;412,375;49,88	328	1436647286
410,294;414,147;241,23	226,74;436,118;266,28	752	1436647291
83,486;84,230;32,399	185,93;78,178;241,75	763	1436647297
27,166;224,232;336,184	194,182;247,23;380,410	820	1436647303
94,322;203,172;357,266	427,325;160,356;326,67	737	1436647309
189,121;280,193;273,219	370,67;394,134;430,51	800	1436647317
394,468;235,307;343,48	209,471;173,400;112,286	1000	1436647322
50,312;460,337;35,192	50,312;460,337;35,192	0	1436647337
94,322;203,172;357,266	269,366;50,160;368,230	737	1436647346
77,378;218,284;101,337	448,466;472,322;244,107	887	1436647354
404,477;120,330;443,490	279,140;449,364;283,113	929	1436647362
309,341;144,310;36,277	115,116;55,50;344,379	694	1436647372
288,255;363,115;201,424	433,268;483,159;482,381	975	1436647381
475,14;216,211;203,146	103,13;401,455;420,440	679	1436647388
414,279;234,378;327,128	420,481;171,363;286,93	580	1436647408
451,398;119,210;123,346	66,152;314,58;373,347	765	1436647417
465,260;93,438;52,464	288,467;349,305;316,116	898	1436647424
115,72;67,147;76,253	185,132;202,292;195,472	596	1436647435
94,322;203,172;357,266	58,219;257,93;165,336	649	1436647440
43,236;379,412;248,230	408,428;284,66;130,453	795	1436647448
398,474;21,332;153,380	398,474;21,332;153,380	0	1436647454
279,177;37,482;90,282	24,308;190,296;469,471	469	1436647470
273,108;55,449;177,344	116,456;113,31;218,109	787	1436647475
35,425;89,233;175,236	192,206;160,224;345,388	661	1436647481
264,426;482,179;18,329	251,124;295,348;58,204	607	1436647486
4D3y9K124