136	R	0.0.0.0	1436646493
86,169;120,216;436,399	144,391;208,137;457,168	684	1436647316
86,78;211,107;147,483	300,72;222,477;113,110	99	1436647323
42,319;93,132;46,412	429,92;312,197;119,197	447	1436647330
321,361;415,193;224,237	321,361;415,193;224,237	134	1436647334
213,263;455,213;370,59	177,372;447,44;475,193	690	1436647340
280,308;219,21;355,351	311,180;66,426;446,166	275	1436647345
22,234;410,399;65,307	258,114;81,46;341,182	705	1436647351
76,358;489,417;96,438	164,163;249,12;210,280	627	1436647355
50,230;454,95;53,165	131,441;70,123;418,219	997	1436647359
50,312;460,337;35,192	50,312;460,337;35,192	52	1436647365
347,119;193,213;98,56	436,290;127,227;312,164	414	1436647370
14,381;248,59;194,65	115,217;84,258;57,472	338	1436647375
426,423;260,418;118,450	376,74;375,49;376,294	551	1436647380
367,14;142,80;418,272	390,54;200,136;418,454	581	1436647385
281,293;134,442;28,68	135,261;374,139;85,207	323	1436647389
181,63;482,423;371,275	18,122;264,75;320,226	999	1436647395
472,215;100,255;419,377	300,84;60,199;438,268	103	1436647400
391,41;216,359;395,193	472,46;326,13;83,295	248	1436647405
23,28;369,459;24,30	479,97;465,95;79,92	0	1436647409
69,270;129,267;106,441	101,395;42,82;104,57	391	1436647413
274,362;48,252;360,126	258,208;404,168;130,257	951	1436647419
486,420;466,135;48,26	244,138;94,400;474,282	821	1436647424
449,290;296,391;62,458	58,12;460,482;50,142	771	1436647429
367,14;142,80;418,272	276,63;21,92;419,365	198	1436647435
223,354;275,323;373,156	285,352;239,355;22,32	737	1436647439
434,46;256,333;263,59	201,144;389,113;203,128	886	1436647446
115,72;67,147;76,253	292,131;206,103;468,276	397	1436647450
17,41;362,33;266,267	454,149;188,468;359,63	721	1436647455
30,91;139,376;373,470	394,477;186,259;16,449	661	1436647459
334,175;30,443;201,65	126,444;176,284;71,16	637	1436647476
148,101;266,78;165,328	168,320;164,298;454,88	327	1436647480
469,55;136,66;89,152	156,312;160,18;331,274	309	1436647485
154,238;467,70;310,310	164,230;396,390;146,112	324	1436647490
347,119;193,213;98,56	410,238;125,257;327,105	287	1436647494
325,433;441,67;78,111	427,403;470,218;317,436	632	1436647500
44,216;18,283;221,415	119,205;152,42;196,217	634	1436647505
349,180;55,212;387,436	167,454;16,239;470,109	343	1436647520
76,358;489,417;96,438	114,58;223,125;45,359	339	1436647529
106,64;466,431;23,193	303,173;234,435;216,269	413	1436647536
453,248;406,252;487,119	289,24;388,170;265,103	20	1436647541
400,449;374,428;121,463	477,219;285,475;454,201	276	1436647547
34,317;87,141;14,149	150,106;172,87;212,109	875	1436647551
50,230;454,95;53,165	133,50;367,395;406,169	435	1436647556
118,71;352,404;451,404	461,431;182,15;372,97	302	1436647562
77,378;218,284;101,337	103,455;86,189;474,130	1000	1436647566
94,322;203,172;357,266	223,330;48,29;377,70	85	1436647571
429,66;147,290;434,56	267,299;264,61;102,278	1000	1436647579
427,366;117,188;73,75	320,339;40,425;73,385	284	1436647583
470,451;231,357;446,322	285,307;104,25;74,278	310	1436647588
206,38;452,472;82,271	442,102;222,170;357,461	317	1436647593
95,121;198,52;123,90	181,108;330,332;28,147	377	1436647598
43,236;379,412;248,230	146,134;221,450;316,258	314	1436647602
215,192;480,472;474,272	125,140;165,332;487,456	0	1436647608
106,64;466,431;23,193	50,418;208,291;143,379	995	1436647613
301,316;342,14;32,89	300,205;438,178;78,109	441	1436647618
173,283;236,207;210,236	439,379;428,442;470,378	423	1436647623
391,41;216,359;395,193	490,398;304,118;414,354	414	1436647628
339,139;437,263;235,235	72,96;473,45;477,208	399	1436647633
123,16;245,433;427,46	202,483;15,268;44,271	403	1436647637
33,82;460,405;231,339	246,393;341,198;442,393	400	1436647642
163,62;52,204;431,228	403,353;467,425;343,485	374	1436647648
309,341;144,310;36,277	31,466;159,317;78,383	389	1436647653
254,421;291,307;450,150	427,181;25,207;13,122	366	1436647659
68,282;389,465;290,59	408,406;348,456;390,142	676	1436647665
472,215;100,255;419,377	448,73;99,421;18,19	661	1436647670
451,398;119,210;123,346	81,218;123,453;432,209	281	1436647675
86,365;76,439;104,273	48,237;484,281;111,210	952	1436647680
480,200;18,58;163,93	20,475;302,57;284,144	344	1436647708
215,192;480,472;474,272	390,132;488,269;128,343	290	1436647712
430,321;167,177;252,84	456,340;310,421;284,399	396	1436647717
403,398;260,464;121,125	412,400;85,401;402,33	320	1436647721
302,153;253,50;22,320	105,76;489,316;217,303	180	1436647725
393,261;194,422;317,169	369,110;167,365;46,240	281	1436647730
77,378;218,284;101,337	232,141;347,333;429,369	568	1436647734
50,230;454,95;53,165	477,61;271,223;123,206	27	1436647738
451,398;119,210;123,346	285,80;418,18;21,405	246	1436647742
111,123;469,66;446,343	403,129;334,417;81,281	1	1436647746
361,351;363,67;427,305	208,55;142,333;311,292	299	1436647751
472,215;100,255;419,377	150,19;20,379;220,438	297	1436647756
190,12;205,373;332,87	483,329;11,134;481,386	740	1436647760
348,115;438,274;26,142	30,383;409,131;142,124	69	1436647765
391,41;216,359;395,193	448,286;362,347;456,54	118	1436647769
67,103;344,224;382,145	389,362;330,65;111,12	260	1436647774
34,465;187,14;196,124	422,153;312,157;447,21	819	1436647778
412,45;99,170;244,189	296,287;61,333;451,327	338	1436647812
44,216;18,283;221,415	65,32;45,186;217,236	330	1436647817
199,81;71,33;391,363	66,405;400,460;443,346	312	1436647822
281,73;467,484;142,73	14,241;210,315;439,27	334	1436647827
350,428;81,399;260,182	171,443;337,465;436,378	256	1436647831
149,207;426,247;34,439	194,385;415,389;28,37	338	1436647836
94,322;203,172;357,266	250,364;173,485;448,285	365	1436647841
430,321;167,177;252,84	217,193;358,104;254,49	329	1436647846
436,397;257,297;167,38	217,132;336,191;419,213	328	1436647851
95,249;294,15;97,465	199,228;30,231;138,397	699	1436647856
43,236;379,412;248,230	42,481;302,435;244,267	333	1436647860
131,227;89,67;338,141	265,472;23,173;449,102	276	1436647865
214,167;113,177;217,211	273,136;304,183;38,162	346	1436647869
47,391;148,373;38,126	268,435;471,183;132,70	328	1436647874
43,236;379,412;248,230	47,37;455,30;81,279	322	1436647878
436,397;257,297;167,38	113,197;371,240;234,60	781	1436647883
194,85;468,488;88,105	279,24;262,324;282,42	977	1436647888
426,423;260,418;118,450	277,431;48,272;464,88	946	1436647893
204,121;86,145;361,323	377,60;40,26;303,280	429	1436647897
486,315;321,423;129,435	230,92;273,114;63,215	348	1436647902
13,411;101,153;108,87	232,482;259,369;62,30	368	1436647906
27,166;224,232;336,184	12,484;355,52;253,125	701	1436647912
237,152;242,200;252,74	157,315;43,116;82,80	569	1436647916
169,488;480,342;209,212	353,425;465,429;248,125	629	1436647921
423,130;144,393;405,225	52,28;86,55;141,269	749	1436647925
328,313;30,477;434,463	313,304;247,343;94,474	992	1436647930
288,255;363,115;201,424	299,20;461,169;234,38	965	1436647934
259,12;379,60;30,391	259,12;379,60;30,391	0	1436647939
94,322;203,172;357,266	365,409;158,221;447,80	363	1436647944
300,232;230,83;30,223	60,209;170,421;211,15	773	1436647948
309,178;298,163;167,362	416,424;175,204;75,131	325	1436647953
47,391;148,373;38,126	101,373;133,338;336,417	567	1436647960
48,339;193,331;373,396	151,451;470,205;181,403	669	1436647964
374,277;427,307;249,208	156,358;138,342;326,134	617	1436647969
77,378;218,284;101,337	79,165;361,63;463,41	909	1436647973
165,353;21,269;375,230	348,478;69,193;183,338	963	1436647978
23,28;369,459;24,30	317,465;380,357;419,200	680	1436647983
27,166;224,232;336,184	455,116;346,477;213,471	874	1436647988
165,353;21,269;375,230	490,175;333,20;155,481	865	1436647993
50,230;454,95;53,165	37,75;20,83;438,395	897	1436647997
67,215;473,407;217,122	381,312;488,427;488,198	1000	1436648002
426,423;260,418;118,450	95,286;21,28;45,88	872	1436648008
253,301;267,14;389,273	140,25;324,394;274,42	877	1436648012
398,474;21,332;153,380	398,474;21,332;153,380	0	1436648017
162,321;22,192;29,45	145,286;26,103;104,112	277	1436648021
451,398;119,210;123,346	92,14;22,83;241,478	378	1436648026
41,127;285,139;352,176	61,201;125,230;220,234	343	1436648030
102,281;46,283;323,422	390,414;355,134;405,298	379	1436648035
326,42;338,386;170,183	163,267;327,379;235,323	971	1436648039
154,238;467,70;310,310	463,347;145,424;38,135	636	1436648044
281,293;134,442;28,68	28,184;489,71;236,74	785	1436648049
3D3u9M897