137	R	0.0.0.0	1436646037
86,169;120,216;436,399	144,391;208,137;457,168	901	1436646158
86,78;211,107;147,483	300,72;222,477;113,110	92	1436646171
42,319;93,132;46,412	429,92;312,197;119,197	458	1436646181
321,361;415,193;224,237	321,361;415,193;224,237	0	1436646188
213,263;455,213;370,59	177,372;447,44;475,193	440	1436646198
280,308;219,21;355,351	311,180;66,426;446,166	264	1436646232
106,64;466,431;23,193	130,184;375,147;423,368	646	1436646239
76,358;489,417;96,438	309,385;380,246;380,489	647	1436646247
215,27;219,183;455,63	357,374;24,11;389,151	863	1436646254
17,46;151,56;365,187	169,262;243,133;446,87	407	1436646262
43,236;379,412;248,230	133,441;76,201;444,105	353	1436646270
187,170;300,450;229,158	429,255;399,90;412,381	704	1436646274
50,230;454,95;53,165	160,342;198,294;109,399	985	1436646279
50,312;460,337;35,192	50,312;460,337;35,192	32	1436646286
358,347;108,41;252,466	115,222;317,263;361,121	874	1436646292
132,372;462,375;38,274	195,174;342,382;437,125	709	1436646298
344,366;91,297;178,387	408,391;313,388;188,23	612	1436646309
351,277;16,62;172,298	432,89;54,67;213,459	466	1436646320
76,347;113,369;99,460	80,361;99,376;316,440	924	1436646325
420,439;433,13;230,448	215,337;68,40;286,250	367	1436646332
451,398;119,210;123,346	451,86;463,384;148,195	755	1436646337
472,215;100,255;419,377	297,373;272,252;444,209	820	1436646342
43,236;379,412;248,230	80,229;39,367;79,61	350	1436646350
143,416;251,125;313,232	25,468;286,218;141,197	351	1436646356
106,64;466,431;23,193	456,421;191,472;190,220	868	1436646362
472,83;362,33;42,272	26,485;383,468;440,335	246	1436646367
17,46;151,56;365,187	37,117;95,440;38,338	738	1436646375
367,14;142,80;418,272	72,300;382,232;152,73	291	1436646381
346,301;20,369;393,394	96,280;403,274;366,389	443	1436646390
196,412;444,339;304,208	349,93;362,205;40,317	704	1436646395
392,219;282,229;231,459	84,300;273,150;280,387	657	1436646399
446,208;367,447;349,267	280,374;426,470;428,164	502	1436646411
437,319;434,366;263,222	339,223;246,71;442,181	401	1436646417
398,426;355,402;317,366	460,31;16,146;108,437	1000	1436646422
292,426;474,86;284,39	81,362;332,486;182,221	402	1436646426
254,421;291,307;450,150	133,332;183,468;179,477	958	1436646435
398,113;161,279;464,128	63,150;466,239;337,187	341	1436646440
214,461;452,229;11,436	41,383;185,25;293,12	693	1436646449
340,30;42,217;206,132	152,110;270,403;454,172	978	1436646453
254,421;291,307;450,150	222,225;31,39;422,436	1000	1436646461
471,346;404,135;459,119	167,232;323,195;414,201	648	1436646469
430,321;167,177;252,84	187,436;41,477;435,182	699	1436646476
389,482;441,156;461,339	329,475;269,285;277,434	430	1436646481
375,207;227,444;303,54	416,238;420,170;107,15	683	1436646489
237,152;242,200;252,74	242,308;28,427;15,422	926	1436646493
154,238;467,70;310,310	26,361;69,167;450,351	662	1436646499
419,257;464,191;276,14	356,56;409,470;226,202	585	1436646504
264,426;482,179;18,329	13,454;440,162;42,182	772	1436646509
169,456;296,212;52,115	70,385;458,396;287,14	713	1436646517
83,486;84,230;32,399	75,33;243,364;170,297	726	1436646522
254,421;291,307;450,150	164,319;459,294;484,371	825	1436646531
35,425;89,233;175,236	484,395;14,138;127,421	674	1436646536
439,365;425,63;231,182	215,151;445,373;184,459	688	1436646542
377,461;330,21;102,90	26,121;392,308;320,38	928	1436646547
472,215;100,255;419,377	233,86;185,483;97,233	775	1436646552
237,152;242,200;252,74	168,100;153,216;65,190	1000	1436646558
437,319;434,366;263,222	111,328;43,260;259,145	378	1436646568
223,354;275,323;373,156	285,352;239,355;22,32	380	1436646576
386,315;443,160;486,139	372,32;378,71;181,444	709	1436646581
94,322;203,172;357,266	464,88;411,455;303,61	671	1436646588
67,215;473,407;217,122	138,37;116,210;363,66	854	1436646593
67,215;473,407;217,122	85,258;201,100;351,375	462	1436646600
359,81;349,355;285,283	484,344;445,488;331,270	434	1436646607
47,391;148,373;38,126	395,238;316,48;165,402	708	1436646611
331,59;98,201;91,149	297,426;384,314;116,88	623	1436646618
302,153;253,50;22,320	230,22;151,179;454,204	580	1436646626
399,284;233,305;41,450	210,476;32,167;237,287	642	1436646630
436,397;257,297;167,38	437,269;270,410;288,485	446	1436646639
486,420;466,135;48,26	484,303;349,486;198,396	556	1436646650
254,421;291,307;450,150	193,354;32,339;69,353	753	1436646655
244,336;22,332;348,265	128,197;35,206;78,51	627	1436646660
145,357;308,455;337,22	87,29;411,177;460,47	284	1436646669
273,91;379,471;397,464	340,451;447,445;51,204	897	1436646674
136,446;210,186;172,266	403,264;304,105;472,248	948	1436646681
384,427;77,88;75,287	489,297;411,369;108,206	773	1436646689
237,152;242,200;252,74	366,271;477,180;246,285	1000	1436646694
225,81;142,400;235,414	107,68;197,427;103,131	924	1436646699
69,196;136,162;276,240	122,216;143,226;403,171	981	1436646707
207,86;344,115;103,413	148,436;327,24;445,107	308	1436646713
77,378;218,284;101,337	238,232;57,141;138,293	832	1436646720
94,322;203,172;357,266	188,24;233,424;85,475	797	1436646727
209,383;61,43;158,83	186,34;366,308;229,26	568	1436646735
471,416;458,427;20,198	299,141;390,362;353,298	404	1436646741
127,351;154,223;338,151	148,85;165,467;139,265	961	1436646749
315,264;142,472;399,101	164,429;384,339;372,362	696	1436646755
259,12;379,60;30,391	259,12;379,60;30,391	0	1436646760
76,358;489,417;96,438	459,64;52,287;43,298	1000	1436646768
23,28;369,459;24,30	308,67;300,94;261,179	264	1436646773
45,207;271,107;137,108	361,442;316,336;126,252	439	1436646780
391,41;216,359;395,193	32,340;85,208;411,101	637	1436646784
163,62;52,204;431,228	120,356;322,149;219,24	357	1436646792
145,443;100,283;481,341	305,426;477,158;276,106	396	1436646816
288,255;363,115;201,424	116,453;397,30;456,414	1000	1436646821
391,41;216,359;395,193	213,65;57,140;314,424	299	1436646826
90,349;86,272;60,159	328,34;320,454;294,213	568	1436646831
434,46;256,333;263,59	167,112;483,175;97,247	401	1436646840
305,20;237,116;138,327	389,412;292,221;374,365	363	1436646845
47,391;148,373;38,126	81,208;204,384;279,25	666	1436646852
443,470;306,312;381,341	352,80;276,205;370,387	756	1436646857
67,215;473,407;217,122	134,144;301,475;373,116	424	1436646862
81,305;170,352;100,55	279,412;124,429;468,158	372	1436646869
331,363;167,84;478,185	290,437;88,191;427,114	434	1436646873
228,346;404,478;320,21	76,470;230,161;361,330	593	1436646880
441,332;428,46;346,180	102,263;31,302;447,192	888	1436646884
395,272;180,447;156,165	417,452;240,24;144,359	418	1436646889
89,154;125,240;275,406	154,319;486,66;20,406	608	1436646898
76,358;489,417;96,438	137,121;292,471;432,252	574	1436646902
289,275;124,139;404,132	64,350;300,209;209,225	681	1436646907
446,202;317,202;490,290	307,365;347,374;46,128	964	1436646913
472,215;100,255;419,377	52,254;377,412;291,260	850	1436646919
347,119;193,213;98,56	338,440;153,379;411,87	385	1436646926
398,474;21,332;153,380	398,474;21,332;153,380	0	1436646936
86,457;384,351;368,244	171,345;106,52;319,134	425	1436646951
127,233;490,177;321,339	344,431;312,89;468,333	320	1436646958
17,46;151,56;365,187	460,210;116,485;106,355	552	1436646967
76,347;113,369;99,460	211,180;194,339;24,108	770	1436646973
50,230;454,95;53,165	190,353;360,159;461,146	396	1436646979
138,309;464,283;381,12	191,101;348,229;76,161	465	1436646991
157,110;444,484;444,151	280,50;239,358;404,178	460	1436646997
440,171;64,240;344,248	14,34;340,94;266,93	762	1436647015
14,381;248,59;194,65	271,335;36,87;475,470	738	1436647070
34,194;35,103;306,433	262,92;49,296;259,357	697	1436647076
451,398;119,210;123,346	192,235;479,231;441,155	427	1436647081
50,230;454,95;53,165	477,61;271,223;123,206	364	1436647087
67,215;473,407;217,122	15,395;157,371;305,487	605	1436647092
86,258;40,66;466,346	416,326;22,157;476,430	863	1436647100
462,290;336,373;18,373	272,334;208,265;88,128	997	1436647107
77,378;218,284;101,337	215,241;326,234;38,256	1000	1436647112
479,120;345,43;155,474	383,328;169,408;359,47	818	1436647119
148,196;103,91;115,470	388,45;272,68;17,87	836	1436647124
43,236;379,412;248,230	280,115;241,18;93,324	736	1436647128
154,238;467,70;310,310	70,446;199,181;30,135	361	1436647133
50,230;454,95;53,165	37,75;20,83;438,395	832	1436647138
288,255;363,115;201,424	364,366;57,22;193,203	972	1436647143
434,46;256,333;263,59	262,480;400,425;242,140	370	1436647147
437,92;119,438;398,282	228,303;339,291;346,67	690	1436647155
4C4t8Q641