137	R	0.0.0.0	1436653510
86,169;120,216;436,399	144,391;208,137;457,168	752	1436653635
86,78;211,107;147,483	300,72;222,477;113,110	124	1436653646
42,319;93,132;46,412	429,92;312,197;119,197	698	1436653653
321,361;415,193;224,237	321,361;415,193;224,237	0	1436653658
213,263;455,213;370,59	177,372;447,44;475,193	349	1436653663
280,308;219,21;355,351	311,180;66,426;446,166	741	1436653670
456,223;140,201;442,74	439,308;311,84;190,258	265	1436653677
89,154;125,240;275,406	447,302;78,387;441,374	751	1436653684
148,101;266,78;165,328	168,320;164,298;454,88	844	1436653690
461,237;147,359;325,221	143,18;67,231;64,384	199	1436653698
257,79;44,47;465,358	359,68;262,342;249,77	642	1436653703
476,208;333,23;409,454	40,321;332,142;71,144	743	1436653727
469,55;136,66;89,152	156,312;160,18;331,274	888	1436653735
76,358;489,417;96,438	208,290;21,387;279,243	805	1436653739
175,203;277,140;251,452	223,340;420,30;153,317	862	1436653744
309,341;144,310;36,277	438,437;117,53;479,425	714	1436653750
237,152;242,200;252,74	45,379;103,322;384,233	746	1436653756
132,462;348,313;185,356	71,150;466,397;371,219	743	1436653760
83,486;84,230;32,399	75,33;243,364;170,297	673	1436653774
288,255;363,115;201,424	116,453;397,30;456,414	920	1436653780
457,19;206,405;63,247	56,481;275,293;451,355	788	1436653785
144,409;41,15;104,154	24,392;267,148;307,112	643	1436653791
367,14;142,80;418,272	211,344;325,53;47,201	183	1436653796
249,205;288,147;189,365	262,224;346,225;421,13	400	1436653800
237,152;242,200;252,74	239,120;250,173;311,35	41	1436653806
85,408;294,292;318,435	147,475;36,444;85,353	657	1436653812
50,230;454,95;53,165	296,214;149,370;98,469	746	1436653831
426,423;260,418;118,450	469,211;229,81;453,232	695	1436653924
415,292;209,327;323,51	76,217;385,79;298,376	514	1436653934
94,322;203,172;357,266	261,488;333,161;445,213	347	1436653940
34,194;35,103;306,433	262,92;49,296;259,357	708	1436653960
165,353;21,269;375,230	106,159;435,43;478,413	584	1436653965
401,471;68,88;169,403	424,110;340,177;82,93	589	1436653970
289,438;28,139;41,283	278,306;45,295;191,355	633	1436653976
480,200;18,58;163,93	29,188;14,85;141,76	868	1436653980
196,412;444,339;304,208	408,164;431,473;260,161	776	1436653986
279,344;160,281;150,110	197,462;257,97;51,395	286	1436653991
154,238;467,70;310,310	142,94;69,429;294,144	686	1436653997
83,486;84,230;32,399	185,93;78,178;241,75	471	1436654002
50,230;454,95;53,165	255,475;77,181;85,46	897	1436654006
50,312;460,337;35,192	50,312;460,337;35,192	0	1436654011
391,41;216,359;395,193	413,241;490,469;84,37	779	1436654017
50,230;454,95;53,165	429,399;383,172;453,372	749	1436654022
58,402;213,400;381,146	149,288;325,327;25,398	819	1436654028
213,383;98,57;304,200	396,146;200,298;380,69	843	1436654034
50,230;454,95;53,165	484,91;125,384;21,344	712	1436654040
347,119;193,213;98,56	172,386;26,90;417,53	820	1436654046
426,423;260,418;118,450	233,108;445,400;311,184	387	1436654052
385,469;45,140;415,440	300,452;484,236;224,304	791	1436654056
67,215;473,407;217,122	138,37;116,210;363,66	662	1436654062
264,426;482,179;18,329	149,117;367,288;23,246	862	1436654067
70,269;193,221;253,338	241,405;13,288;114,399	630	1436654070
215,192;480,472;474,272	484,161;486,416;79,25	414	1436654076
154,238;467,70;310,310	463,347;145,424;38,135	691	1436654092
78,49;51,344;355,483	260,445;30,382;299,372	728	1436654096
196,412;444,339;304,208	162,324;239,215;187,347	720	1436654102
361,351;363,67;427,305	217,346;367,361;22,441	765	1436654107
154,238;467,70;310,310	478,53;267,146;270,446	672	1436654111
387,278;60,469;402,475	363,323;485,275;37,405	710	1436654115
23,28;369,459;24,30	383,212;438,362;300,233	883	1436654120
220,320;197,212;287,275	21,253;220,58;401,264	740	1436654125
430,321;167,177;252,84	65,283;382,32;179,376	718	1436654130
425,441;460,413;381,487	195,160;315,390;342,145	858	1436654134
130,163;253,239;399,287	421,419;133,478;398,242	831	1436654139
15,141;480,432;353,450	253,188;17,126;395,131	799	1436654145
76,358;489,417;96,438	192,462;415,144;228,367	754	1436654151
426,423;260,418;118,450	230,206;371,193;205,20	749	1436654156
193,103;105,35;311,337	478,363;121,139;245,171	354	1436654161
361,351;363,67;427,305	402,250;181,262;352,207	194	1436654167
347,119;193,213;98,56	420,258;59,405;234,482	314	1436654171
211,46;114,86;343,332	301,218;469,450;231,20	811	1436654175
89,154;125,240;275,406	269,133;387,345;341,466	865	1436654181
77,378;218,284;101,337	248,310;217,325;107,404	695	1436654188
399,284;233,305;41,450	210,476;32,167;237,287	290	1436654193
120,474;143,446;38,203	411,69;124,298;244,424	732	1436654198
17,46;151,56;365,187	274,158;266,436;245,144	863	1436654202
446,202;317,202;490,290	307,365;347,374;46,128	943	1436654207
149,207;426,247;34,439	328,113;153,223;123,99	808	1436654212
231,424;126,490;261,36	133,165;334,56;300,140	751	1436654216
43,236;379,412;248,230	371,269;183,310;180,380	661	1436654224
354,37;84,322;153,399	308,61;78,12;249,384	856	1436654228
294,255;46,185;278,176	295,313;93,288;67,188	369	1436654233
437,319;434,366;263,222	106,88;69,114;473,194	744	1436654238
166,421;181,321;295,80	208,346;490,68;482,394	794	1436654243
76,358;489,417;96,438	82,185;144,102;255,415	275	1436654247
83,486;84,230;32,399	107,460;397,79;209,402	836	1436654252
309,23;360,111;406,300	203,442;477,266;433,344	780	1436654257
187,170;300,450;229,158	429,255;399,90;412,381	807	1436654263
340,30;42,217;206,132	139,215;37,189;241,415	708	1436654268
51,78;78,214;266,179	361,389;374,241;119,138	741	1436654273
278,130;18,481;486,49	222,21;141,194;27,399	784	1436654277
398,474;21,332;153,380	398,474;21,332;153,380	0	1436654282
480,200;18,58;163,93	44,250;44,450;237,314	923	1436654286
429,386;132,306;26,69	256,274;44,94;316,310	775	1436654290
344,96;488,24;60,275	251,58;71,105;241,86	818	1436654295
164,413;335,411;112,73	245,155;201,420;291,471	816	1436654299
94,322;203,172;357,266	464,88;411,455;303,61	769	1436654303
436,397;257,297;167,38	450,342;443,484;15,381	742	1436654308
350,301;16,456;55,33	255,444;161,28;261,436	814	1436654312
274,166;363,356;11,444	322,484;381,29;206,191	773	1436654317
441,100;406,185;394,397	320,50;256,279;341,136	420	1436654322
47,391;148,373;38,126	101,373;133,338;336,417	709	1436654326
309,341;144,310;36,277	313,14;197,173;37,460	743	1436654330
240,292;79,112;138,295	362,298;437,394;227,431	756	1436654334
196,412;444,339;304,208	248,83;470,383;193,264	843	1436654340
23,28;369,459;24,30	337,358;396,296;200,456	855	1436654344
338,231;61,51;240,147	13,109;29,200;272,337	862	1436654352
272,228;180,71;245,474	294,250;367,390;292,92	781	1436654356
328,478;105,100;94,196	172,177;127,450;218,303	869	1436654361
304,57;161,158;54,139	451,344;226,315;412,433	836	1436654365
127,233;490,177;321,339	344,431;312,89;468,333	832	1436654370
174,283;179,124;480,242	250,355;19,312;379,21	797	1436654374
406,258;162,108;486,478	228,369;21,11;108,134	831	1436654379
44,216;18,283;221,415	357,142;452,122;401,340	359	1436654383
94,322;203,172;357,266	188,24;233,424;85,475	816	1436654388
357,120;299,18;342,387	446,85;104,398;380,114	769	1436654393
328,478;105,100;94,196	463,420;62,94;128,201	316	1436654397
43,236;379,412;248,230	356,466;387,109;404,232	802	1436654402
259,12;379,60;30,391	259,12;379,60;30,391	0	1436654407
92,280;287,461;482,97	366,224;301,229;398,157	875	1436654412
430,321;167,177;252,84	157,280;261,174;50,217	827	1436654419
207,358;310,351;298,229	219,344;80,52;125,298	877	1436654423
391,41;216,359;395,193	325,53;129,93;433,314	837	1436654428
98,26;446,333;364,178	243,149;79,437;122,86	930	1436654433
174,348;132,205;398,270	47,209;392,209;480,385	811	1436654438
451,363;160,306;379,308	489,302;292,124;182,411	426	1436654442
50,230;454,95;53,165	68,101;283,61;213,378	933	1436654447
486,420;466,135;48,26	244,138;94,400;474,282	861	1436654452
486,315;321,423;129,435	230,92;273,114;63,215	848	1436654456
434,46;256,333;263,59	489,222;11,295;342,12	238	1436654461
218,279;290,470;372,91	69,232;354,76;62,471	154	1436654465
474,386;89,147;461,238	141,350;451,34;203,354	949	1436654469
437,319;434,366;263,222	20,64;245,316;117,305	845	1436654473
439,479;314,286;38,166	209,334;455,191;136,226	805	1436654477
376,89;467,261;385,373	204,184;188,262;278,453	802	1436654482
475,14;216,211;203,146	103,13;401,455;420,440	885	1436654486
2D6v6Q402