136	L	0.0.0.0	1436646401
86,169;120,216;436,399	144,391;208,137;457,168	961	1436646476
86,78;211,107;147,483	300,72;222,477;113,110	18	1436646483
42,319;93,132;46,412	429,92;312,197;119,197	489	1436646494
321,361;415,193;224,237	321,361;415,193;224,237	0	1436646500
213,263;455,213;370,59	177,372;447,44;475,193	69	1436646507
280,308;219,21;355,351	311,180;66,426;446,166	85	1436646514
348,490;125,173;408,282	161,400;387,361;74,198	122	1436646522
165,353;21,269;375,230	106,159;435,43;478,413	481	1436646532
471,416;458,427;20,198	299,141;390,362;353,298	331	1436646539
330,440;137,289;287,176	454,235;282,114;70,250	139	1436646545
437,176;412,51;372,52	219,32;83,365;147,298	569	1436646551
110,311;412,270;173,22	56,367;227,180;434,331	387	1436646556
149,207;426,247;34,439	289,142;128,288;481,453	472	1436646562
483,288;358,370;376,107	74,280;331,249;162,485	446	1436646566
339,139;437,263;235,235	72,96;473,45;477,208	768	1436646573
89,154;125,240;275,406	249,388;397,141;267,361	918	1436646580
309,341;144,310;36,277	233,195;252,213;368,373	114	1436646588
34,465;187,14;196,124	422,153;312,157;447,21	972	1436646593
44,216;18,283;221,415	384,133;421,403;61,150	917	1436646597
398,474;21,332;153,380	398,474;21,332;153,380	0	1436646602
347,119;193,213;98,56	420,258;59,405;234,482	790	1436646607
231,461;117,268;267,348	87,274;478,227;65,437	786	1436646612
340,30;42,217;206,132	438,48;307,474;419,357	885	1436646617
309,341;144,310;36,277	479,451;241,171;454,90	973	1436646622
43,236;379,412;248,230	354,58;272,446;252,186	513	1436646627
438,131;341,374;85,227	193,458;331,324;406,447	401	1436646632
428,58;228,125;188,159	417,333;136,225;337,318	173	1436646638
199,300;62,129;239,115	475,58;277,326;483,447	521	1436646643
76,358;489,417;96,438	208,290;21,387;279,243	974	1436646648
386,315;443,160;486,139	372,32;378,71;181,444	486	1436646652
163,62;52,204;431,228	13,327;424,174;60,92	357	1436646658
111,13;164,335;300,481	166,107;471,123;396,343	786	1436646664
288,255;363,115;201,424	364,366;57,22;193,203	810	1436646668
43,222;168,301;63,315	266,309;365,171;322,38	567	1436646673
76,358;489,417;96,438	268,394;192,362;340,27	37	1436646680
83,486;84,230;32,399	376,70;253,281;124,161	606	1436646685
298,458;242,174;180,300	61,129;201,236;442,264	518	1436646690
27,166;224,232;336,184	103,108;93,436;143,25	600	1436646694
77,378;218,284;101,337	215,241;326,234;38,256	751	1436646700
436,397;257,297;167,38	317,370;182,278;338,113	686	1436646706
94,322;203,172;357,266	427,325;160,356;326,67	475	1436646711
320,418;228,280;13,41	153,373;477,330;289,71	992	1436646720
94,322;203,172;357,266	250,364;173,485;448,285	791	1436646726
50,230;454,95;53,165	131,441;70,123;418,219	995	1436646735
83,486;84,230;32,399	140,436;402,71;233,342	995	1436646740
110,197;96,332;172,131	227,488;449,210;328,290	712	1436646744
35,425;89,233;175,236	383,275;319,436;219,286	703	1436646749
462,290;336,373;18,373	272,334;208,265;88,128	995	1436646755
44,216;18,283;221,415	429,50;88,288;197,125	581	1436646759
50,230;454,95;53,165	441,212;277,278;20,462	543	1436646764
347,119;193,213;98,56	172,386;26,90;417,53	440	1436646769
79,296;21,137;58,269	153,48;92,103;14,107	475	1436646774
106,64;466,431;23,193	401,365;188,320;286,300	590	1436646783
434,46;256,333;263,59	277,145;466,104;296,424	77	1436646792
35,425;89,233;175,236	398,77;272,372;24,396	582	1436646799
196,467;426,393;357,285	380,153;375,433;488,258	458	1436646806
428,58;228,125;188,159	140,31;382,302;200,71	121	1436646810
215,192;480,472;474,272	384,62;246,336;212,76	374	1436646815
94,322;203,172;357,266	269,366;50,160;368,230	547	1436646820
105,141;402,394;353,201	270,460;12,459;476,110	327	1436646829
241,337;436,295;488,464	485,146;449,144;112,193	995	1436646833
451,398;119,210;123,346	81,218;123,453;432,209	579	1436646840
328,478;105,100;94,196	457,117;126,311;430,413	868	1436646845
304,407;295,58;159,280	276,377;310,39;397,72	565	1436646850
367,14;142,80;418,272	157,460;102,74;394,454	573	1436646856
80,114;109,236;381,48	444,479;302,135;112,484	959	1436646861
149,207;426,247;34,439	263,382;25,351;357,211	44	1436646866
372,26;122,227;271,268	293,78;48,326;324,271	749	1436646878
460,478;252,489;20,253	483,72;384,328;421,216	995	1436646883
381,435;363,360;239,70	237,387;453,53;411,363	995	1436646887
163,216;333,451;54,330	134,13;140,144;415,334	856	1436646891
246,345;321,150;233,209	319,75;180,70;281,434	923	1436646896
81,305;170,352;100,55	279,412;124,429;468,158	449	1436646900
328,478;105,100;94,196	428,367;211,50;333,350	0	1436646906
321,302;40,75;448,313	283,231;177,28;352,442	843	1436646910
447,159;305,227;306,129	187,289;56,376;15,266	219	1436646915
342,151;262,261;293,125	472,153;460,294;427,32	855	1436646920
430,321;167,177;252,84	82,381;231,84;221,198	906	1436646924
57,110;252,318;284,70	104,252;33,341;204,102	995	1436646928
281,293;134,442;28,68	32,387;319,211;70,17	948	1436646932
101,44;375,455;273,83	51,234;69,470;209,232	656	1436646936
70,269;193,221;253,338	241,405;13,288;114,399	794	1436646942
135,41;460,109;390,41	134,365;267,341;184,252	957	1436646946
428,58;228,125;188,159	431,73;404,87;227,51	128	1436646950
337,448;107,426;240,98	27,34;43,401;378,338	328	1436646956
115,72;67,147;76,253	186,212;54,48;355,365	809	1436646961
476,479;133,144;446,439	109,168;190,228;45,399	995	1436646966
347,119;193,213;98,56	182,431;303,162;460,283	857	1436646970
14,381;248,59;194,65	209,430;401,399;469,204	979	1436646975
83,486;84,230;32,399	107,460;397,79;209,402	806	1436646979
43,236;379,412;248,230	464,89;155,282;86,389	903	1436646983
259,12;379,60;30,391	259,12;379,60;30,391	0	1436646988
432,435;21,51;26,305	438,477;305,29;86,385	703	1436646992
328,478;105,100;94,196	309,397;125,137;162,201	995	1436646996
367,14;142,80;418,272	55,453;158,116;312,279	806	1436647001
44,216;18,283;221,415	46,37;23,444;247,267	984	1436647005
292,187;266,388;355,220	356,443;166,126;392,235	888	1436647009
114,257;265,302;299,378	80,93;86,460;240,120	953	1436647029
351,298;131,140;441,48	54,172;13,192;460,421	929	1436647176
76,358;489,417;96,438	193,105;157,486;60,349	586	1436647180
453,108;203,62;223,163	467,49;272,104;205,404	621	1436647185
21,159;433,409;377,176	155,263;234,448;348,67	132	1436647189
281,214;418,373;400,139	93,476;363,460;361,132	443	1436647194
367,71;96,237;210,74	475,117;255,194;73,388	390	1436647199
367,14;142,80;418,272	144,273;16,159;149,398	811	1436647205
27,166;224,232;336,184	280,409;187,89;207,174	995	1436647209
67,215;473,407;217,122	138,37;116,210;363,66	683	1436647214
200,56;252,93;105,169	47,119;408,238;285,176	953	1436647218
348,115;438,274;26,142	365,424;425,49;304,424	984	1436647223
332,313;148,100;450,224	375,480;151,241;89,319	823	1436647228
17,46;151,56;365,187	460,210;116,485;106,355	716	1436647232
89,154;125,240;275,406	148,64;330,84;163,259	995	1436647237
387,167;426,231;259,253	331,258;372,387;250,84	995	1436647242
455,167;384,95;111,429	322,184;20,266;371,38	706	1436647247
11,265;292,192;100,482	449,409;426,389;325,372	995	1436647251
422,179;272,248;370,272	464,220;261,413;366,345	995	1436647255
281,293;134,442;28,68	465,65;460,417;54,188	966	1436647260
27,166;224,232;336,184	141,298;458,262;286,168	750	1436647264
281,293;134,442;28,68	84,129;395,300;307,43	757	1436647269
442,72;382,370;455,357	95,391;382,202;82,152	964	1436647274
405,436;101,292;58,122	118,176;199,142;413,211	281	1436647280
50,230;454,95;53,165	190,353;360,159;461,146	378	1436647284
361,216;132,47;50,403	418,223;370,220;254,393	994	1436647288
484,140;283,393;112,280	225,139;340,239;245,280	946	1436647293
231,143;446,21;348,467	250,416;470,89;198,206	199	1436647297
417,137;308,231;475,150	239,318;368,294;124,127	263	1436647302
35,425;89,233;175,236	192,206;160,224;345,388	428	1436647306
352,130;236,484;85,263	332,304;182,55;284,85	835	1436647311
37,97;198,440;305,16	92,261;428,95;368,442	214	1436647315
132,173;72,359;17,327	359,401;198,198;149,341	940	1436647320
90,349;86,272;60,159	328,34;320,454;294,213	294	1436647326
50,312;460,337;35,192	50,312;460,337;35,192	14	1436647333
347,119;193,213;98,56	399,355;86,219;89,417	720	1436647339
215,192;480,472;474,272	34,408;473,25;72,14	457	1436647349
142,464;402,211;168,411	450,334;273,76;102,33	962	1436647353
1F3y5Q369