ziki	13,179	255,210	278,227	13:00:44
matifuma	220,255	453,130	323,321	13:00:56
puma	433,257	247,42	68,12	13:01:31
ziko	463,480	265,469	332,56	13:02:02
atatziki	178,151	326,467	344,345	13:02:28
matat	169,138	137,72	488,30	13:02:44
aziki	299,40	243,267	322,94	13:03:24
atziki	469,75	310,382	174,314	13:03:51
zizi	101,176	483,345	376,270	13:04:07
fifi	81,105	35,44	225,347	13:04:24
atakiku	354,167	114,111	198,172	13:04:58
atatziku	112,366	312,428	343,166	13:05:36
ataku	106,383	221,464	230,116	13:05:51
zizu	187,388	103,183	100,76	13:06:23
atatzizi	282,321	230,102	213,394	13:06:43
zitzaku	405,304	79,397	158,444	13:07:05
metafuma	177,229	58,201	262,273	13:07:18
metazizi	457,72	65,232	51,387	13:07:47
metzakiku	277,209	35,403	271,32	13:08:36
fifi	57,126	430,161	226,138	13:08:46
atatziko	323,328	13,145	265,345	13:09:09
metaziki	423,79	61,175	336,373	13:09:37
zizi	259,432	265,470	405,484	13:09:59
metakiko	95,102	382,188	274,471	13:10:25
metatziki	253,241	52,308	462,93	13:10:42
pitafuma	205,249	291,229	162,71	13:10:59
fuma	250,94	140,301	259,466	13:11:10
metatziki	183,28	407,437	487,322	13:11:32
atatzizu	431,92	413,323	269,196	13:12:09
metaziko	300,56	176,40	147,379	13:12:31
fuma	423,62	192,12	448,339	13:12:45
atzizi	446,134	78,14	325,330	13:12:57
pitapita	276,372	445,215	42,181	13:13:19
metazizi	303,31	427,345	329,398	13:13:47
zizko	427,43	156,228	261,307	13:14:14
pitafuma	342,355	18,345	489,273	13:14:32
ziku	199,299	319,365	329,455	13:14:44
metakiki	253,262	27,434	263,464	13:14:57
puma	283,218	108,350	222,422	13:15:10
zizi	289,21	391,418	311,159	13:15:32
metatzizi	394,483	176,311	430,173	13:15:59
metatziku	189,487	303,144	212,335	13:16:20
atatziko	315,63	199,322	397,197	13:16:55
atziko	142,371	254,64	203,32	13:17:13
matafuma	250,15	53,186	350,371	13:17:29
pitafuma	93,286	403,239	23,174	13:18:03
fifi	55,301	184,436	229,484	13:18:26
puma	104,133	477,270	433,416	13:18:42