atafuma	391,41	216,359	395,193	13:15:28	39
metafuma	486,420	466,135	48,26	13:14:36	36
matat	77,378	218,284	101,337	13:00:50	1
zizi	17,46	151,56	365,187	13:08:55	20
metafuma	451,398	119,210	123,346	13:10:34	24
ziki	480,200	18,58	163,93	13:10:49	25
atziku	115,72	67,147	76,253	13:14:47	37
fifi	23,28	369,459	24,30	13:05:39	12
atatziki	154,238	467,70	310,310	13:13:42	33
atatzizu	47,391	148,373	38,126	13:16:13	41
metapuma	281,293	134,442	28,68	13:12:42	30
metazizi	196,412	444,339	304,208	13:05:14	11
mataziki	14,381	248,59	194,65	13:02:35	5
puma	302,153	253,50	22,320	13:11:38	28
ziki	254,421	291,307	450,150	13:17:44	45
petafuma	76,358	489,417	96,438	13:06:53	15
metafuma	94,322	203,172	357,266	13:17:23	44
zazo	472,215	100,255	419,377	13:08:42	19
akiki	83,486	84,230	32,399	13:13:06	32
matzku	35,425	89,233	175,236	13:06:06	13
puma	44,216	18,283	221,415	13:15:39	40
metaziki	264,426	482,179	18,329	13:18:51	48
atatzizi	50,230	454,95	53,165	13:11:20	27
pitapita	67,215	473,407	217,122	13:04:37	10
mataziki	428,58	228,125	188,159	13:04:01	8
atziki	27,166	224,232	336,184	13:01:07	2
pitapita	436,397	257,297	167,38	13:09:48	22
atazuma	237,152	242,200	252,74	13:18:21	46
metatziki	348,115	438,274	26,142	13:17:04	43
pumatziku	163,62	52,204	431,228	13:16:33	42
puma	361,351	363,67	427,305	13:12:48	31
pumifuma	434,46	256,333	263,59	13:02:52	6
matzizi	328,478	105,100	94,196	13:03:36	7
petakiko	43,236	379,412	248,230	13:09:25	21
atziki	347,119	193,213	98,56	13:10:12	23
matakiki	437,319	434,366	263,222	13:04:18	9
pitafuma	340,30	42,217	206,132	13:12:19	29
metatziki	367,14	142,80	418,272	13:07:40	17
fifi	288,255	363,115	201,424	13:02:05	4
matazuma	165,353	21,269	375,230	13:06:30	14
zizi	309,341	144,310	36,277	13:01:37	3
metazizi	149,207	426,247	34,439	13:15:03	38
zuma	426,423	260,418	118,450	13:14:23	35
zizo	89,154	125,240	275,406	13:11:07	26
metazizi	430,321	167,177	252,84	13:07:13	16
fuma	106,64	466,431	23,193	13:13:58	34
fuma	215,192	480,472	474,272	13:18:32	47
atakumo	76,347	113,369	99,460	13:07:56	18