popumo	423,250	409,129	59,439	12:05:52
zakudo	310,193	95,479	450,53	12:06:00
fapo	34,67	90,325	472,37	12:06:13
zafudo	312,158	438,21	57,125	12:06:23
fazimu	473,218	374,202	248,204	12:06:45
zapufo	35,180	443,434	298,12	12:07:04
pafimu	382,117	194,467	105,153	12:07:14
kipazimi	29,129	210,108	443,191	12:07:31
zizu	226,275	338,487	266,361	12:07:52
zukama	292,56	226,100	203,22	12:08:00
kipa	403,70	307,117	319,407	12:08:16
fapuzi	125,421	205,99	138,367	12:08:28
popomi	370,240	336,153	142,373	12:08:42
pufomi	180,358	158,28	354,413	12:08:50
zupomi	378,156	458,113	245,171	12:09:03
kipafu	125,158	231,422	264,59	12:09:11
pufazu	339,379	470,53	468,117	12:09:19
zukimi	410,347	346,256	489,478	12:09:32
zikima	139,179	345,286	196,209	12:09:40
fapimu	209,84	354,177	187,109	12:09:50
zikizu	337,301	256,78	233,30	12:10:00
fapu	126,82	399,105	125,376	12:10:07
zizi	212,45	233,67	290,232	12:10:13
kipafu	54,419	400,389	214,106	12:10:22
pufozi	107,413	179,450	99,355	12:10:31
izifu	69,426	166,315	13,389	12:10:44
pafimi	334,128	461,243	223,95	12:10:53
izifu	128,425	129,351	481,409	12:11:03
pufomi	92,45	338,482	424,62	12:11:11
pafizu	98,40	464,266	480,72	12:11:21
pafami	131,58	487,286	362,489	12:11:32
mufimu	184,206	127,154	438,340	12:11:41
pufimu	239,76	274,358	416,265	12:11:48
zuzimu	277,18	300,124	490,233	12:11:55
zupizi	135,265	338,82	275,385	12:12:05
zufimi	197,258	112,80	449,350	12:12:13
pufizi	274,473	39,227	416,326	12:12:21
pufiza	228,307	433,411	283,47	12:12:31
fapozi	74,302	165,274	400,118	12:12:37
pafimu	454,44	372,302	116,157	12:12:49
kiku	196,302	405,298	372,363	12:12:58
zipofa	157,155	346,186	372,271	12:13:11
pafimu	21,110	88,444	30,361	12:13:17
pafamu	481,94	172,156	357,82	12:13:25
fapizi	264,321	116,146	132,221	12:13:33
kikuzo	292,318	33,207	125,395	12:13:46
kikudo	79,271	60,414	447,421	12:13:53
kipazi	195,458	40,273	411,60	12:14:07