izima	391,41	216,359	395,193	12:08:58	14
zupafi	486,420	466,135	48,26	12:10:57	27
zizi	77,378	218,284	101,337	12:08:45	13
pafoma	17,46	151,56	365,187	12:09:07	15
pufizu	451,398	119,210	123,346	12:12:00	34
zikuda	480,200	18,58	163,93	12:07:09	6
zakufi	115,72	67,147	76,253	12:10:11	22
zafuzo	23,28	369,459	24,30	12:06:09	2
pafiki	154,238	467,70	310,310	12:13:08	41
kazuzi	47,391	148,373	38,126	12:07:49	8
fupofa	281,293	134,442	28,68	12:09:37	18
zizi	196,412	444,339	304,208	12:05:55	1
pafomu	14,381	248,59	194,65	12:10:03	21
pafuzi	302,153	253,50	22,320	12:10:17	23
zuzana	254,421	291,307	450,150	12:11:35	31
zapami	76,358	489,417	96,438	12:13:21	43
zupafa	94,322	203,172	357,266	12:11:52	33
zufoma	472,215	100,255	419,377	12:10:27	24
zizumi	83,486	84,230	32,399	12:11:25	30
zapimu	35,425	89,233	175,236	12:06:52	5
pufazi	44,216	18,283	221,415	12:12:10	35
pofima	264,426	482,179	18,329	12:09:24	17
zapifu	50,230	454,95	53,165	12:12:26	37
kizufa	67,215	473,407	217,122	12:08:23	11
zapo	428,58	228,125	188,159	12:12:41	39
zipumo	27,166	224,232	336,184	12:06:32	4
zufo	436,397	257,297	167,38	12:07:22	7
zifizi	237,152	242,200	252,74	12:13:42	45
zakido	348,115	438,274	26,142	12:13:49	46
popumo	163,62	52,204	431,228	12:06:19	3
zipuda	361,351	363,67	427,305	12:13:28	44
fapu	434,46	256,333	263,59	12:09:53	20
kizufa	328,478	105,100	94,196	12:08:38	12
zikomu	43,236	379,412	248,230	12:08:07	10
zuzimi	347,119	193,213	98,56	12:11:44	32
pafizu	437,319	434,366	263,222	12:12:17	36
zupimu	340,30	42,217	206,132	12:09:46	19
kaziku	367,14	142,80	418,272	12:14:13	48
zizifi	288,255	363,115	201,424	12:13:15	42
pafizi	165,353	21,269	375,230	12:12:34	38
zikipa	309,341	144,310	36,277	12:09:14	16
papufo	149,207	426,247	34,439	12:07:56	9
zuzimu	426,423	260,418	118,450	12:11:15	29
mipazizu	89,154	125,240	275,406	12:12:54	40
pufomi	430,321	167,177	252,84	12:11:06	28
zupofu	106,64	466,431	23,193	12:10:49	26
pizi	215,192	480,472	474,272	12:10:39	25
fazuzo	76,347	113,369	99,460	12:13:59	47