zakudo	45,195	384,91	44,126	08:21:30
zakido	235,109	173,27	200,374	08:21:43
zakimo	205,242	383,267	94,230	08:22:03
pufomi	345,252	76,220	266,464	08:22:13
pufomi	43,392	387,479	179,117	08:22:29
zakoba	195,214	301,88	294,334	08:22:50
pufimo	203,38	432,365	55,142	08:23:11
kipafima	452,25	338,411	443,68	08:23:26
pufomi	459,334	217,426	332,178	08:23:44
kiki	307,441	226,419	306,261	08:23:50
zakimo	261,451	270,476	19,211	08:24:02
popoma	175,127	93,403	407,449	08:24:19
zakumo	210,368	463,58	288,415	08:24:29
zikumo	116,257	258,322	192,99	08:24:45
pofomi	490,489	49,225	418,344	08:24:59
fifi	476,188	304,256	173,313	08:25:10
pokomi	456,338	429,59	250,345	08:25:21
zafumo	17,450	222,469	17,19	08:25:36
zikumo	394,123	265,161	434,447	08:25:50
pukimo	250,434	445,288	168,373	08:26:01
pufoma	142,154	70,436	399,233	08:26:18
zokoba	258,365	80,196	414,320	08:26:37
pozoni	50,420	280,262	399,286	08:26:53
zakini	270,302	399,45	453,342	08:27:05
zokini	482,212	285,437	490,443	08:27:20
pafimo	319,141	107,378	86,15	08:27:35
zikini	121,334	370,191	39,293	08:27:46
fapo	20,79	223,289	331,131	08:27:56
puzimo	85,111	423,473	145,385	08:28:09
zazumi	325,136	107,120	82,106	08:28:20
pafimo	72,391	236,168	279,312	08:28:30
pufima	173,389	155,53	89,184	08:28:37
kifino	249,250	373,141	27,457	08:28:58
zupumo	361,361	219,426	90,474	08:29:09
fapo	400,123	375,296	111,63	08:29:22
iziko	403,295	267,213	372,70	08:29:31
mufizi	57,85	98,478	439,143	08:29:38
mupafo	130,198	382,13	329,398	08:29:48
pupuma	459,199	268,187	135,348	08:30:00
miziko	171,44	460,55	330,81	08:30:11
pamuzo	108,242	366,365	444,248	08:30:29
zamupu	424,11	322,32	479,270	08:30:45
pomizi	164,118	458,56	121,296	08:30:57
zozomi	444,89	485,222	266,129	08:31:10
pofomi	79,427	162,49	471,481	08:31:16
zupuma	119,89	233,474	443,187	08:31:27
makiza	231,377	187,62	399,175	08:31:37
mazizi	322,73	282,289	118,392	08:31:48