zifini	391,41	216,359	395,193	08:25:45	18
pafumo	486,420	466,135	48,26	08:31:19	45
zupimo	77,378	218,284	101,337	08:28:16	29
puzima	17,46	151,56	365,187	08:27:31	25
papoma	451,398	119,210	123,346	08:26:48	22
mizika	480,200	18,58	163,93	08:30:19	40
zazumi	115,72	67,147	76,253	08:22:10	3
fapini	23,28	369,459	24,30	08:27:42	26
mupoza	154,238	467,70	310,310	08:29:52	38
mafipa	47,391	148,373	38,126	08:29:35	36
izimi	281,293	134,442	28,68	08:29:26	35
pafumi	196,412	444,339	304,208	08:28:23	30
pafimo	14,381	248,59	194,65	08:27:52	27
pozini	302,153	253,50	22,320	08:27:01	23
zakima	254,421	291,307	450,150	08:22:54	6
popoma	76,358	489,417	96,438	08:24:15	11
puzumo	94,322	203,172	357,266	08:29:05	33
kiki	472,215	100,255	419,377	08:23:54	10
pafima	83,486	84,230	32,399	08:23:18	7
zukima	35,425	89,233	175,236	08:28:04	28
zupino	44,216	18,283	221,415	08:29:19	34
zakimo	264,426	482,179	18,329	08:24:33	13
pafimo	50,230	454,95	53,165	08:22:19	4
pakima	67,215	473,407	217,122	08:25:26	17
pumupu	428,58	228,125	188,159	08:30:50	42
pufima	27,166	224,232	336,184	08:26:10	20
zakimu	436,397	257,297	167,38	08:22:40	5
zizi	237,152	242,200	252,74	08:23:47	9
makupo	348,115	438,274	26,142	08:31:41	47
pufimo	163,62	52,204	431,228	08:28:34	31
zukuzo	361,351	363,67	427,305	08:31:34	46
popofa	434,46	256,333	263,59	08:24:54	14
zukimo	328,478	105,100	94,196	08:28:44	32
pofima	43,236	379,412	248,230	08:24:24	12
muzuko	347,119	193,213	98,56	08:30:04	39
kiki	437,319	434,366	263,222	08:21:48	2
mokiki	340,30	42,217	206,132	08:31:55	48
pazini	367,14	142,80	418,272	08:26:30	21
fakumo	288,255	363,115	201,424	08:25:07	15
fapimi	165,353	21,269	375,230	08:23:37	8
zikini	309,341	144,310	36,277	08:27:10	24
pafima	149,207	426,247	34,439	08:21:37	1
ikaza	426,423	260,418	118,450	08:31:03	43
zumopa	89,154	125,240	275,406	08:30:39	41
mufini	430,321	167,177	252,84	08:29:41	37
fapoma	106,64	466,431	23,193	08:25:16	16
zopomi	215,192	480,472	474,272	08:31:13	44
pufini	76,347	113,369	99,460	08:25:56	19