zokomi	286,238	239,139	19,235	09:48:58
kiki	47,125	76,192	76,121	09:49:04
pufima	400,411	24,369	110,29	09:49:11
iziku	377,277	460,194	168,321	09:49:25
kipumi	419,398	477,462	36,313	09:49:35
pufima	437,311	60,186	440,68	09:49:53
pokumi	411,476	183,476	178,248	09:50:06
kipafima	106,87	169,120	446,269	09:50:18
zikini	138,333	55,108	36,213	09:50:36
mufizi	418,445	120,405	417,146	09:50:43
zokodo	227,364	447,276	59,396	09:50:56
zazumi	334,460	382,26	445,69	09:51:09
mikuzo	264,61	146,423	170,101	09:51:21
zikumo	202,298	423,246	395,449	09:51:29
pafimo	449,323	403,78	237,330	09:51:39
zokoda	214,453	203,170	239,252	09:51:56
fifi	75,82	221,446	98,175	09:52:08
zakoni	25,352	226,160	285,385	09:52:20
pafimo	250,476	192,183	232,97	09:52:35
pumizo	142,190	409,54	258,155	09:52:50
zakino	374,461	118,86	140,346	09:53:05
pufima	327,205	418,58	161,26	09:53:15
iziku	223,175	367,438	324,162	09:53:37
zokoba	333,84	147,34	256,368	09:53:44
komizo	120,388	68,39	431,315	09:54:04
mupifo	379,336	205,151	155,312	09:54:19
zakimo	185,373	244,345	40,172	09:54:35
pafimo	74,139	479,237	147,133	09:54:43
mopifu	239,112	369,344	372,125	09:55:06
zikini	129,37	64,384	136,154	09:55:16
pomifu	73,25	480,268	166,144	09:55:30
zamizi	89,340	27,323	194,56	09:55:37
fapo	484,258	184,473	484,321	09:55:48
iziki	115,233	422,474	86,304	09:56:03
mazizi	109,205	331,162	99,457	09:56:16
kiki	305,161	471,295	419,147	09:56:22
fapo	428,17	477,444	330,180	09:56:31
mifiku	490,323	428,184	305,421	09:56:44
mufipo	14,409	164,426	393,239	09:56:58
pumifa	239,11	434,80	162,42	09:57:15
miziko	46,457	193,27	261,121	09:57:30
zamuzi	163,199	128,149	153,447	09:57:37
kiki	319,153	280,256	326,94	09:57:51
muzimo	187,330	13,340	265,395	09:58:02
zapumi	89,14	395,32	83,67	09:58:16
mukiza	64,118	33,246	135,284	09:58:29
pofomi	357,287	473,474	426,135	09:58:36
zakozi	431,255	277,220	21,113	09:58:48