mazimo	391,41	216,359	395,193	09:51:50	15
mufipo	486,420	466,135	48,26	09:53:12	21
kiki	77,378	218,284	101,337	09:49:06	2
fipo	17,46	151,56	365,187	09:58:22	45
mazizi	451,398	119,210	123,346	09:51:25	13
fifi	480,200	18,58	163,93	09:54:09	25
kiki	115,72	67,147	76,253	09:53:39	23
kipafima	23,28	369,459	24,30	09:50:48	10
makimo	154,238	467,70	310,310	09:52:57	20
iziku	47,391	148,373	38,126	09:58:33	46
pomizu	281,293	134,442	28,68	09:55:40	32
zifuma	196,412	444,339	304,208	09:56:08	34
zazumi	14,381	248,59	194,65	09:49:30	4
mazizi	302,153	253,50	22,320	09:52:40	19
zufima	254,421	291,307	450,150	09:52:29	18
zokoni	76,358	489,417	96,438	09:55:21	30
zakoda	94,322	203,172	357,266	09:53:48	24
fapo	472,215	100,255	419,377	09:57:32	41
mufiku	83,486	84,230	32,399	09:49:47	5
fipuma	35,425	89,233	175,236	09:53:26	22
zamuzi	44,216	18,283	221,415	09:55:12	29
mazumi	264,426	482,179	18,329	09:54:26	26
mizuki	50,230	454,95	53,165	09:56:39	37
pofumi	67,215	473,407	217,122	09:49:18	3
makizi	428,58	228,125	188,159	09:58:54	48
fipu	27,166	224,232	336,184	09:57:49	42
zamiki	436,397	257,297	167,38	09:56:49	38
kiki	237,152	242,200	252,74	09:52:10	17
fapo	348,115	438,274	26,142	09:55:50	33
zikuma	163,62	52,204	431,228	09:54:51	28
zokodo	361,351	363,67	427,305	09:49:02	1
zakoba	434,46	256,333	263,59	09:58:43	47
zamizi	328,478	105,100	94,196	09:57:25	40
pamiko	43,236	379,412	248,230	09:57:09	39
pufima	347,119	193,213	98,56	09:54:39	27
mazomi	437,319	434,366	263,222	09:51:05	11
fifi	340,30	42,217	206,132	09:56:25	36
fapo	367,14	142,80	418,272	09:56:20	35
fifi	288,255	363,115	201,424	09:57:57	43
zikumi	165,353	21,269	375,230	09:50:01	6
zazmui	309,341	144,310	36,277	09:51:32	14
mufizi	149,207	426,247	34,439	09:55:33	31
mipumo	426,423	260,418	118,450	09:58:10	44
zokini	89,154	125,240	275,406	09:50:39	9
pifuma	430,321	167,177	252,84	09:50:28	8
mazizi	106,64	466,431	23,193	09:50:11	7
pofima	215,192	480,472	474,272	09:51:12	12
kiki	76,347	113,369	99,460	09:51:59	16