pafimo	370,271	14,431	188,94	11:27:46
zikuzi	92,91	81,428	171,235	11:28:04
kiki	88,123	58,63	236,200	11:28:19
putafima	382,74	98,379	116,358	11:28:32
pafima	148,370	243,192	482,349	11:28:46
zukima	56,362	129,59	302,306	11:29:06
zakino	143,383	387,213	321,68	11:29:22
fifi	438,398	180,485	451,405	11:29:34
pafimo	194,342	468,282	230,94	11:29:43
muzizo	150,368	453,383	69,445	11:29:58
zakimo	241,114	316,360	163,127	11:30:12
pafimo	175,295	20,71	18,330	11:30:34
fapo	128,445	237,298	440,197	11:30:43
muzizo	212,144	49,190	416,268	11:30:57
zokoda	274,75	145,237	448,203	11:31:10
fifi	191,198	307,17	67,459	11:31:17
miziko	134,232	263,143	293,271	11:31:30
fifi	463,411	226,209	219,175	11:31:45
pafima	396,420	308,434	120,234	11:32:04
muzizo	212,383	298,347	129,256	11:32:21
pufima	60,310	443,357	317,20	11:32:30
miziko	325,440	242,98	93,45	11:32:48
muziko	359,65	446,94	264,174	11:32:59
zokoda	258,170	104,76	114,213	11:33:10
zakino	299,316	106,107	173,225	11:33:16
pumizo	352,222	44,305	88,351	11:33:27
pufima	445,288	471,470	103,396	11:33:47
zokoda	441,97	325,232	241,152	11:34:05
pufima	56,382	367,337	407,30	11:34:15
miziko	81,390	413,175	68,303	11:34:27
pumizo	46,26	373,118	389,86	11:34:37
kiki	385,344	363,365	323,456	11:34:54
pokima	271,274	62,105	15,293	11:35:08
muziza	247,60	184,124	387,101	11:35:23
mazizi	144,458	481,67	142,58	11:35:53
pufimo	315,403	301,67	11,383	11:36:09
zikomi	101,359	438,56	442,212	11:36:26
zakino	219,210	371,312	275,474	11:36:39
pafima	35,84	300,130	180,462	11:36:51
fapo	344,42	193,378	336,271	11:37:45
zokodo	359,178	74,242	285,453	11:38:01
pumizo	317,179	306,190	54,139	11:38:11
pokozi	155,315	403,207	410,408	11:38:34
fapo	489,167	458,182	280,355	11:38:50
kazizi	273,414	322,263	470,453	11:39:27
kiki	238,161	184,49	217,184	11:39:32
zikomi	421,307	53,369	353,484	11:39:53
iziku	310,339	141,374	90,415	11:40:32