zakino	391,41	216,359	395,193	11:30:07	10
pufumi	486,420	466,135	48,26	11:28:16	2
kiki	77,378	218,284	101,337	11:27:52	1
fapo	17,46	151,56	365,187	11:34:17	29
zokoda	451,398	119,210	123,346	11:33:59	27
fifi	480,200	18,58	163,93	11:32:26	20
kiki	115,72	67,147	76,253	11:32:34	21
pufima	23,28	369,459	24,30	11:33:41	26
zokoda	154,238	467,70	310,310	11:36:36	37
zokoma	47,391	148,373	38,126	11:31:03	14
pufima	281,293	134,442	28,68	11:34:51	31
muziko	196,412	444,339	304,208	11:31:59	18
fifi	14,381	248,59	194,65	11:29:37	8
pumizo	302,153	253,50	22,320	11:38:20	42
zukina	254,421	291,307	450,150	11:29:52	9
pufima	76,358	489,417	96,438	11:40:00	47
muzizo	94,322	203,172	357,266	11:36:44	38
zakozi	472,215	100,255	419,377	11:38:06	41
zokodo	83,486	84,230	32,399	11:38:58	44
fapo	35,425	89,233	175,236	11:33:22	25
zakimo	44,216	18,283	221,415	11:36:58	39
muzizo	264,426	482,179	18,329	11:38:40	43
zokoda	50,230	454,95	53,165	11:31:35	17
mizuzo	67,215	473,407	217,122	11:34:12	28
fifi	428,58	228,125	188,159	11:35:58	35
mizuzo	27,166	224,232	336,184	11:29:12	6
zakino	436,397	257,297	167,38	11:31:14	15
kiki	237,152	242,200	252,74	11:33:12	24
pafuma	348,115	438,274	26,142	11:32:51	22
pumizo	163,62	52,204	431,228	11:30:50	13
iziki	361,351	363,67	427,305	11:39:35	46
pufomi	434,46	256,333	263,59	11:40:46	48
fapo	328,478	105,100	94,196	11:39:30	45
zakima	43,236	379,412	248,230	11:29:30	7
zikazo	347,119	193,213	98,56	11:28:38	4
fapo	437,319	434,366	263,222	11:35:10	33
fifi	340,30	42,217	206,132	11:34:31	30
muziko	367,14	142,80	418,272	11:34:59	32
pufima	288,255	363,115	201,424	11:36:15	36
muzizo	165,353	21,269	375,230	11:30:20	11
fapo	309,341	144,310	36,277	11:32:13	19
muzizi	149,207	426,247	34,439	11:30:41	12
pufima	426,423	260,418	118,450	11:31:24	16
kiki	89,154	125,240	275,406	11:28:54	5
fapo	430,321	167,177	252,84	11:28:25	3
zakozi	106,64	466,431	23,193	11:37:50	40
pufima	215,192	480,472	474,272	11:35:35	34
kiki	76,347	113,369	99,460	11:33:01	23