fapo	161,448	218,242	442,78	12:49:41
mazizu	58,372	19,111	440,459	12:49:55
pufimo	426,350	150,422	423,126	12:50:11
zokodo	403,332	215,128	471,206	12:50:32
pafima	370,114	213,134	218,227	12:51:01
fifi	434,368	185,162	120,136	12:51:11
zikoda	230,168	17,238	268,447	12:51:37
iziku	206,203	306,346	135,238	12:51:50
muziko	462,47	79,186	164,60	12:52:15
fapo	382,43	164,105	167,371	12:52:25
zikoda	322,110	249,16	262,358	12:52:39
iziku	142,481	35,149	229,293	12:52:50
zikodo	105,425	485,401	281,130	12:53:07
fifi	149,252	166,217	428,319	12:53:16
ikizu	267,320	352,420	414,28	12:53:33
muzizu	301,246	128,59	251,380	12:53:47
fifi	406,382	370,431	40,109	12:54:03
zikoda	233,135	43,228	45,314	12:54:20
pufimo	347,183	75,22	390,13	12:54:36
fimo	331,166	322,192	96,246	12:54:55
iziku	210,386	481,327	435,241	12:55:06
zikodo	360,150	273,193	448,405	12:55:42
zikodo	231,119	458,31	109,298	12:56:06
pafimo	163,162	95,181	49,349	12:56:19
kiki	286,327	465,373	358,377	12:56:28
ikizu	458,370	372,387	171,167	12:56:46
pafimo	216,351	133,96	291,163	12:56:53
pafima	195,33	287,227	250,322	12:57:05
fimo	51,107	14,115	118,394	12:57:15
ikizu	117,439	70,429	140,156	12:57:28
pafimo	184,339	51,175	176,476	12:57:46
muziza	405,382	336,48	467,136	12:58:02
pafima	200,171	159,477	388,399	12:58:13
mazuzi	308,429	15,312	53,123	12:58:31
fapo	218,40	307,481	223,265	12:58:39
kiki	395,444	374,362	465,472	12:58:45
kiki	170,137	144,254	307,182	12:58:54
fima	112,103	18,86	465,366	12:59:25
muzizo	215,160	71,274	99,201	12:59:45
fima	419,273	49,460	437,215	13:00:18
izuki	453,432	245,335	329,406	13:00:32
muzizo	12,56	436,308	46,169	13:00:38
miziko	83,431	122,446	303,97	13:01:07
zokoda	446,351	106,291	389,83	13:01:28
putafima	427,462	223,80	225,40	13:01:36
aziko	252,327	133,260	403,107	13:02:00
kapo	416,98	244,85	84,142	13:02:19
mazizu	473,382	80,478	203,123	13:02:26