pafima	391,41	216,359	395,193	12:59:31	38
mazizu	486,420	466,135	48,26	12:52:42	11
kiki	77,378	218,284	101,337	12:52:54	12
fifi	17,46	151,56	365,187	12:57:09	28
pumizo	451,398	119,210	123,346	13:02:05	46
putafimo	480,200	18,58	163,93	12:56:10	23
kiki	115,72	67,147	76,253	13:02:22	47
putafimo	23,28	369,459	24,30	12:58:43	35
zikodo	154,238	467,70	310,310	12:57:55	31
ikizu	47,391	148,373	38,126	12:56:58	27
mazizu	281,293	134,442	28,68	12:52:19	9
iziku	196,412	444,339	304,208	12:49:50	1
fifi	14,381	248,59	194,65	12:58:37	34
ikizu	302,153	253,50	22,320	12:50:46	4
fifi	254,421	291,307	450,150	12:56:25	24
zokodo	76,358	489,417	96,438	12:52:02	8
muziza	94,322	203,172	357,266	12:57:22	29
pufimo	472,215	100,255	419,377	12:54:11	17
zikoda	83,486	84,230	32,399	12:53:55	16
pafimo	35,425	89,233	175,236	12:55:22	21
zikodo	44,216	18,283	221,415	12:54:51	19
mazizu	264,426	482,179	18,329	13:00:35	41
fimo	50,230	454,95	53,165	12:56:00	22
mazizu	67,215	473,407	217,122	12:51:07	5
fimo	428,58	228,125	188,159	12:53:42	15
zikodo	27,166	224,232	336,184	13:00:00	39
muzizo	436,397	257,297	167,38	12:52:32	10
kiki	237,152	242,200	252,74	12:58:15	33
iziku	348,115	438,274	26,142	13:02:31	48
fima	163,62	52,204	431,228	13:01:33	44
pokoda	361,351	363,67	427,305	12:50:05	2
muziza	434,46	256,333	263,59	12:58:07	32
fapo	328,478	105,100	94,196	12:50:20	3
pufima	43,236	379,412	248,230	12:57:41	30
pofima	347,119	193,213	98,56	13:01:11	43
kiki	437,319	434,366	263,222	13:01:41	45
fifi	340,30	42,217	206,132	12:56:30	25
pafimo	367,14	142,80	418,272	12:53:21	14
putafima	288,255	363,115	201,424	13:00:22	40
pufima	165,353	21,269	375,230	12:51:26	6
putafimo	309,341	144,310	36,277	12:59:01	37
mazizo	149,207	426,247	34,439	12:54:28	18
kiki	426,423	260,418	118,450	12:51:44	7
putafimo	89,154	125,240	275,406	12:54:59	20
izizu	430,321	167,177	252,84	12:53:11	13
izizu	106,64	466,431	23,193	13:00:48	42
muzizo	215,192	480,472	474,272	12:58:51	36
kiki	76,347	113,369	99,460	12:56:48	26