izuki	447,292	235,486	124,470	09:03:45
fifi	458,332	276,274	150,184	09:04:07
kiki	387,365	434,184	408,247	09:04:28
kiki	162,79	68,132	114,71	09:04:38
fima	373,103	157,175	346,368	09:04:51
izuzi	245,218	88,398	359,198	09:05:11
putafima	86,210	366,335	71,386	09:05:21
izuki	390,447	260,334	141,178	09:05:33
mazuzi	91,292	246,148	414,349	09:05:51
muzuki	208,297	442,355	462,297	09:06:05
izuki	233,216	25,310	123,373	09:06:25
azizo	18,199	93,374	43,153	09:06:54
fifi	460,41	350,235	121,418	09:07:12
muzizo	192,381	81,218	321,401	09:07:41
uziki	269,423	110,39	266,240	09:07:50
putafima	206,347	42,441	485,445	09:07:59
muzizu	300,202	252,252	67,223	09:08:25
aziku	164,380	132,253	22,270	09:08:52
putafima	110,459	71,334	455,185	09:09:00
muzizu	313,422	27,98	206,166	09:09:12
kiki	272,175	197,131	400,308	09:09:18
muzizu	59,101	198,129	309,29	09:09:32
muziku	39,463	398,161	225,410	09:09:47
aziku	421,324	379,482	168,343	09:10:09
aziku	176,470	274,192	78,469	09:10:27
makiku	348,340	154,55	460,64	09:11:00
mazizu	58,289	429,73	109,61	09:11:10
maziku	436,117	249,38	480,281	09:11:16
fifi	181,259	214,280	287,470	09:11:33
mazizu	29,483	326,60	434,320	09:11:44
makizu	15,243	32,257	485,89	09:12:03
maziku	352,29	155,60	147,453	09:12:28
muzizi	78,176	426,466	327,160	09:12:46
akizu	385,257	474,273	248,151	09:13:00
mutakiki	126,414	131,389	116,199	09:13:20
akiki	368,454	48,32	18,17	09:13:40
akizu	469,52	367,407	114,466	09:14:03
mutafina	458,60	92,217	87,82	09:14:25
fima	85,360	35,229	409,172	09:14:40
akiki	488,257	330,211	47,126	09:15:04
mutakiki	190,65	119,25	115,62	09:15:28
mutazika	335,119	295,357	365,289	09:15:58
mutafima	192,476	338,127	451,174	09:16:08
mukiza	277,346	421,261	129,179	09:16:32
azizu	435,344	330,312	261,434	09:16:59
akiku	401,244	102,42	143,208	09:17:04
muzozo	230,21	171,267	43,179	09:17:17
mutafima	274,117	48,299	336,446	09:17:27