muziza	391,41	216,359	395,193	09:06:34	11
putafima	486,420	466,135	48,26	09:04:47	4
kiki	77,378	218,284	101,337	09:11:35	29
mazuzo	17,46	151,56	365,187	09:07:02	12
mufifi	451,398	119,210	123,346	09:13:33	35
kiki	480,200	18,58	163,93	09:05:59	9
kiki	115,72	67,147	76,253	09:17:33	48
kiki	23,28	369,459	24,30	09:09:16	20
mazuzo	154,238	467,70	310,310	09:06:15	10
fima	47,391	148,373	38,126	09:14:37	38
akizu	281,293	134,442	28,68	09:13:59	36
zukida	196,412	444,339	304,208	09:04:24	2
izuki	14,381	248,59	194,65	09:07:44	14
mutafima	302,153	253,50	22,320	09:15:37	41
akiki	254,421	291,307	450,150	09:15:19	40
akido	76,358	489,417	96,438	09:07:55	15
mutafima	94,322	203,172	357,266	09:16:37	44
akiku	472,215	100,255	419,377	09:17:02	45
izuzu	83,486	84,230	32,399	09:17:22	47
mukido	35,425	89,233	175,236	09:07:20	13
akizu	44,216	18,283	221,415	09:12:33	32
putafima	264,426	482,179	18,329	09:05:36	8
makizu	50,230	454,95	53,165	09:11:49	30
putafima	67,215	473,407	217,122	09:09:58	23
kiki	428,58	228,125	188,159	09:11:05	26
mazuzo	27,166	224,232	336,184	09:05:29	7
muziku	436,397	257,297	167,38	09:09:38	22
kiki	237,152	242,200	252,74	09:05:14	6
akizu	348,115	438,274	26,142	09:14:08	37
putafima	163,62	52,204	431,228	09:09:03	19
azizu	361,351	363,67	427,305	09:08:37	17
putafima	434,46	256,333	263,59	09:03:55	1
ikafima	328,478	105,100	94,196	09:14:57	39
fifi	43,236	379,412	248,230	09:08:06	16
fima	347,119	193,213	98,56	09:04:33	3
aziku	437,319	434,366	263,222	09:10:38	25
muzozo	340,30	42,217	206,132	09:17:13	46
makizu	367,14	142,80	418,272	09:12:25	31
izuki	288,255	363,115	201,424	09:05:02	5
mazuzo	165,353	21,269	375,230	09:10:16	24
kiki	309,341	144,310	36,277	09:11:12	27
fifi	149,207	426,247	34,439	09:08:56	18
mutafima	426,423	260,418	118,450	09:16:04	42
kiki	89,154	125,240	275,406	09:09:20	21
akiku	430,321	167,177	252,84	09:12:53	33
mukiki	106,64	466,431	23,193	09:13:13	34
makiku	215,192	480,472	474,272	09:11:26	28
aziku	76,347	113,369	99,460	09:16:13	43