mutafima	276,109	67,40	371,78	09:53:59
zuzo	313,373	185,317	385,268	09:54:10
mutafima	305,113	262,486	424,423	09:54:21
akiki	467,181	443,402	340,374	09:54:41
mutafima	336,110	90,135	86,182	09:55:05
maziki	300,257	417,365	425,293	09:55:21
matziki	159,394	274,197	161,328	09:55:41
fifi	203,352	281,259	381,161	09:55:48
makiki	327,204	44,22	30,419	09:56:01
akiki	279,324	41,50	319,455	09:56:19
zuki	463,296	145,416	208,475	09:56:37
azizo	299,54	94,379	179,170	09:57:04
fifi	70,372	31,341	140,401	09:57:14
mazuki	12,456	115,46	467,134	09:57:26
akuzo	454,256	447,485	296,276	09:57:37
fima	449,269	82,104	194,280	09:57:46
akiki	88,482	324,172	371,12	09:57:56
fifi	332,431	373,353	281,23	09:58:06
fima	264,283	469,368	318,446	09:58:16
mazuzi	11,282	211,448	276,17	09:58:29
kiki	234,235	275,305	329,458	09:58:39
makiki	95,407	450,408	89,330	09:59:00
fima	410,410	270,293	273,61	09:59:10
azuzo	305,46	333,284	403,160	09:59:20
mutazuki	239,404	432,440	362,218	09:59:43
mutatiki	370,112	372,147	327,150	09:59:59
mutatziki	100,411	429,470	310,395	10:00:17
akuma	483,153	460,367	425,14	10:00:29
matzuzi	312,235	261,238	109,196	10:00:49
atatziki	41,258	99,305	444,250	10:01:32
muzizo	446,105	442,230	400,281	10:01:52
zuzi	197,484	197,156	402,276	10:02:03
azuzo	476,321	195,256	123,458	10:02:20
amatzuki	307,418	13,149	211,406	10:02:41
matziku	142,324	352,24	460,189	10:03:03
puma	164,69	110,102	48,409	10:03:21
puma	487,41	72,456	398,486	10:03:34
matzuma	460,219	230,230	447,329	10:03:50
zuzi	416,477	96,24	291,50	10:04:00
mazuki	264,422	363,125	436,332	10:04:14
atizu	304,109	390,403	201,428	10:04:32
putafima	322,197	458,383	163,365	10:04:44
akizumi	379,132	94,119	352,50	10:04:54
zizu	299,439	320,240	389,191	10:05:19
atziku	448,344	286,399	83,195	10:05:37
azuzo	190,269	189,377	415,100	10:05:45
putafima	162,401	411,347	166,44	10:05:55
akizu	314,462	451,317	121,172	10:06:21