azuki	391,41	216,359	395,193	10:03:45	37
putafima	486,420	466,135	48,26	09:57:11	12
akiki	77,378	218,284	101,337	10:04:48	42
azima	17,46	151,56	365,187	09:57:59	17
matzuki	451,398	119,210	123,346	09:59:04	22
fifi	480,200	18,58	163,93	10:05:23	44
puma	115,72	67,147	76,253	10:01:45	30
akiki	23,28	369,459	24,30	10:05:40	45
putafima	154,238	467,70	310,310	09:59:13	23
putafima	47,391	148,373	38,126	09:55:56	8
zuzi	281,293	134,442	28,68	09:57:53	16
zuzi	196,412	444,339	304,208	09:54:36	3
matatiki	14,381	248,59	194,65	10:06:04	47
matziki	302,153	253,50	22,320	10:01:01	29
azizo	254,421	291,307	450,150	09:58:36	20
putafima	76,358	489,417	96,438	09:57:44	15
akuzo	94,322	203,172	357,266	10:05:51	46
putafima	472,215	100,255	419,377	10:02:06	32
mazuzi	83,486	84,230	32,399	09:56:12	9
matzuzi	35,425	89,233	175,236	10:05:14	43
matzuki	44,216	18,283	221,415	10:01:56	31
maziki	264,426	482,179	18,329	09:57:31	14
matziki	50,230	454,95	53,165	10:06:25	48
mazuzo	67,215	473,407	217,122	09:55:25	6
fifi	428,58	228,125	188,159	10:04:35	41
akuzo	27,166	224,232	336,184	10:03:28	36
matzuki	436,397	257,297	167,38	10:04:18	40
fifi	237,152	242,200	252,74	09:54:44	4
zizu	348,115	438,274	26,142	10:02:59	34
matzuma	163,62	52,204	431,228	10:02:33	33
matzuki	361,351	363,67	427,305	09:58:23	19
putafima	434,46	256,333	263,59	09:54:03	1
akiki	328,478	105,100	94,196	09:55:13	5
mazuzo	43,236	379,412	248,230	09:56:50	11
matzuki	347,119	193,213	98,56	10:00:35	28
atzuki	437,319	434,366	263,222	09:59:26	24
akiki	340,30	42,217	206,132	09:55:45	7
muzuzo	367,14	142,80	418,272	10:00:06	26
akiki	288,255	363,115	201,424	10:04:07	39
akuma	165,353	21,269	375,230	10:03:56	38
akiki	309,341	144,310	36,277	10:03:09	35
putafima	149,207	426,247	34,439	09:54:16	2
akiki	426,423	260,418	118,450	09:57:17	13
akiki	89,154	125,240	275,406	09:58:09	18
azuzo	430,321	167,177	252,84	09:58:50	21
fima	106,64	466,431	23,193	09:56:26	10
zuzi	215,192	480,472	474,272	10:00:25	27
kiki	76,347	113,369	99,460	09:59:48	25