puma	457,155	417,135	187,376	16:25:35
pumafima	254,393	138,210	407,69	16:25:48
matatziki	395,478	367,156	54,201	16:25:56
zizi	453,66	26,55	300,189	16:26:19
ataziku	157,421	85,76	13,255	16:26:33
mataziki	473,217	236,437	56,190	16:26:40
atatziku	431,423	194,56	401,73	16:26:52
mutaziki	76,457	313,70	221,423	16:27:14
akakiki	224,27	373,49	250,130	16:27:40
matatziku	199,397	61,273	463,63	16:27:51
fatumimo	37,445	270,263	392,316	16:28:15
puma	211,114	288,299	282,404	16:28:33
ziku	184,249	68,111	374,245	16:28:38
matat	477,138	147,124	337,64	16:28:50
pumifuma	183,241	51,59	387,94	16:29:21
atziko	443,332	249,147	378,160	16:29:38
manukuma	209,443	126,31	23,336	16:29:53
zizi	444,236	352,327	275,112	16:30:17
fifi	250,349	150,266	394,439	16:30:22
aziki	444,115	63,241	404,335	16:30:45
mutafima	155,97	93,212	198,456	16:30:55
matatzi	447,185	103,103	299,430	16:31:10
zizi	157,471	181,197	40,77	16:31:33
atatzizi	447,463	19,18	246,471	16:31:43
pumafima	70,273	425,330	45,326	16:31:52
fifi	155,477	168,393	133,55	16:32:01
akuma	62,332	487,178	353,19	16:32:18
atat	23,307	245,365	143,30	16:32:30
pitapita	467,100	482,475	107,237	16:32:45
azumo	455,167	19,390	486,54	16:33:06
atziki	226,151	40,383	54,163	16:33:27
azumi	427,106	484,424	273,347	16:33:36
atatpuma	433,285	163,187	160,296	16:33:57
marakizo	281,279	416,420	55,319	16:34:07
akikuma	368,488	423,421	239,336	16:34:25
puma	206,136	385,198	120,482	16:34:46
zimuma	425,85	159,434	465,155	16:35:10
matatziki	477,200	295,27	92,339	16:35:24
akuma	180,29	434,174	442,216	16:35:33
zuma	30,384	11,182	81,160	16:35:42
matzumo	468,277	286,362	465,396	16:35:52
atatziki	265,383	423,347	105,131	16:36:21
azumo	313,61	305,406	154,113	16:36:29
matziko	345,300	94,36	487,123	16:36:36
ziki	102,277	392,27	207,436	16:36:45
matziki	335,85	433,268	15,182	16:36:54
akumatizi	114,269	74,47	126,169	16:37:12
matziki	167,428	220,462	344,363	16:37:26