atziki	391,41	216,359	395,193	16:30:49	20
ziki	486,420	466,135	48,26	16:27:29	8
matatziko	77,378	218,284	101,337	16:30:00	17
fifi	17,46	151,56	365,187	16:35:27	38
atatzuma	451,398	119,210	123,346	16:33:41	32
fifi	480,200	18,58	163,93	16:27:55	10
zizi	115,72	67,147	76,253	16:34:12	34
fifi	23,28	369,459	24,30	16:31:45	24
matatzuma	154,238	467,70	310,310	16:37:36	48
akiko	47,391	148,373	38,126	16:32:15	26
ziki	281,293	134,442	28,68	16:36:25	42
atziko	196,412	444,339	304,208	16:28:45	13
zizi	14,381	248,59	194,65	16:28:35	12
aziko	302,153	253,50	22,320	16:34:00	33
kimo	254,421	291,307	450,150	16:30:33	19
akuna	76,358	489,417	96,438	16:33:11	30
aziki	94,322	203,172	357,266	16:26:46	6
zizi	472,215	100,255	419,377	16:36:50	45
aziki	83,486	84,230	32,399	16:26:27	4
akuna	35,425	89,233	175,236	16:37:17	47
zaza	44,216	18,283	221,415	16:31:59	25
puma	264,426	482,179	18,329	16:36:57	46
atatzumo	50,230	454,95	53,165	16:29:44	16
pumafima	67,215	473,407	217,122	16:31:15	22
fifi	428,58	228,125	188,159	16:28:18	11
kiki	27,166	224,232	336,184	16:30:20	18
matafima	436,397	257,297	167,38	16:26:02	3
fifi	237,152	242,200	252,74	16:33:29	31
matatpuma	348,115	438,274	26,142	16:36:17	41
matatziku	163,62	52,204	431,228	16:25:40	1
akiki	361,351	363,67	427,305	16:36:41	44
puma	434,46	256,333	263,59	16:26:59	7
fifi	328,478	105,100	94,196	16:27:44	9
puma	43,236	379,412	248,230	16:32:27	27
atatziki	347,119	193,213	98,56	16:35:47	40
fifi	437,319	434,366	263,222	16:31:37	23
fifi	340,30	42,217	206,132	16:32:33	28
patat	367,14	142,80	418,272	16:34:59	36
fifi	288,255	363,115	201,424	16:25:51	2
azuma	165,353	21,269	375,230	16:36:31	43
fifi	309,341	144,310	36,277	16:26:35	5
azuzo	149,207	426,247	34,439	16:32:53	29
fifi	426,423	260,418	118,450	16:29:25	15
atatziko	89,154	125,240	275,406	16:28:58	14
matatziki	430,321	167,177	252,84	16:35:38	39
matziki	106,64	466,431	23,193	16:35:17	37
zazimo	215,192	480,472	474,272	16:34:41	35
puma	76,347	113,369	99,460	16:30:59	21