matat	404,153	34,250	282,15	11:27:12
azuma	408,460	187,445	264,276	11:27:23
mataziku	144,44	444,315	193,248	11:27:40
atatziku	285,38	429,84	405,436	11:28:04
akuma	462,274	327,75	357,236	11:28:10
pumifuma	331,303	18,96	175,92	11:28:59
zuma	172,109	141,274	261,242	11:29:07
matatziki	430,439	83,195	247,171	11:29:19
azuma	86,302	326,405	447,173	11:29:50
atazizi	120,89	234,143	328,26	11:30:12
zizi	148,246	475,325	201,249	11:30:20
fuma	110,334	282,63	159,464	11:30:41
ziki	301,433	12,240	27,407	11:31:14
puma	404,284	27,393	440,130	11:31:30
pumifuma	337,412	394,174	477,261	11:31:56
pitapita	185,347	219,193	433,384	11:32:01
matatziki	274,63	462,18	196,300	11:32:20
zuma	34,333	55,18	167,246	11:32:32
zuma	399,158	359,49	421,129	11:33:04
atatziki	281,360	78,353	65,314	11:33:36
fuma	256,266	89,48	319,238	11:33:48
matazi	22,129	181,23	358,197	11:33:59
pitapita	420,53	54,149	236,477	11:34:04
fifi	42,19	49,13	27,234	11:34:07
fuma	302,50	76,347	58,233	11:34:44
azizi	33,141	126,349	55,82	11:34:51
azuma	31,449	356,48	352,305	11:35:12
mazumo	102,304	489,181	341,317	11:35:24
matat	409,352	436,99	365,304	11:35:38
ataziku	286,295	346,330	433,91	11:36:09
matat	168,198	227,71	361,213	11:36:16
fifi	321,269	360,190	308,291	11:36:25
pitapita	309,98	161,376	441,216	11:36:32
puma	200,464	346,315	323,391	11:36:51
ziko	386,343	349,252	381,210	11:36:57
puma	67,58	397,283	119,268	11:37:10
matifuma	485,430	47,355	129,344	11:37:25
atatziko	156,427	432,306	313,383	11:37:41
atatzizi	31,22	357,367	326,189	11:37:51
atazumi	316,465	100,355	467,117	11:38:14
fifi	98,279	157,164	136,204	11:38:21
atatzizi	386,228	17,385	399,348	11:38:47
atipuma	268,222	42,126	463,412	11:39:01
hatafimo	326,39	460,233	312,88	11:39:18
zizi	490,306	27,47	170,146	11:39:25
atziki	380,315	83,322	131,385	11:39:35
zizi	215,152	396,81	29,232	11:39:42
atatzu	260,286	444,291	401,417	11:40:04