matatzizi	391,41	216,359	395,193	11:32:24	17
matat	486,420	466,135	48,26	11:29:12	7
fuma	77,378	218,284	101,337	11:36:52	34
matizuma	17,46	151,56	365,187	11:32:14	16
azizi	451,398	119,210	123,346	11:35:35	28
zizi	480,200	18,58	163,93	11:31:59	15
fuma	115,72	67,147	76,253	11:31:32	14
fifi	23,28	369,459	24,30	11:29:04	6
puma	154,238	467,70	310,310	11:28:32	5
zuma	47,391	148,373	38,126	11:28:07	4
mazumo	281,293	134,442	28,68	11:29:58	9
atziki	196,412	444,339	304,208	11:34:55	26
zuma	14,381	248,59	194,65	11:39:45	47
azuma	302,153	253,50	22,320	11:35:14	27
atifuma	254,421	291,307	450,150	11:36:23	31
pumafima	76,358	489,417	96,438	11:30:18	10
atazizi	94,322	203,172	357,266	11:30:49	12
pitapita	472,215	100,255	419,377	11:38:24	41
atziki	83,486	84,230	32,399	11:40:08	48
fina	35,425	89,233	175,236	11:38:18	40
pumafima	44,216	18,283	221,415	11:39:31	45
atafina	264,426	482,179	18,329	11:27:46	3
pumafima	50,230	454,95	53,165	11:35:41	29
atatzumo	67,215	473,407	217,122	11:38:11	39
zizi	428,58	228,125	188,159	11:34:47	25
matat	27,166	224,232	336,184	11:36:59	35
matifuma	436,397	257,297	167,38	11:36:14	30
fifi	237,152	242,200	252,74	11:34:06	23
atatziki	348,115	438,274	26,142	11:30:30	11
matat	163,62	52,204	431,228	11:39:21	44
zuma	361,351	363,67	427,305	11:37:15	36
matifuma	434,46	256,333	263,59	11:34:15	24
atzizi	328,478	105,100	94,196	11:39:39	46
haraziko	43,236	379,412	248,230	11:36:46	33
matatzizi	347,119	193,213	98,56	11:32:56	18
akiki	437,319	434,366	263,222	11:34:02	22
zizi	340,30	42,217	206,132	11:36:29	32
akikuma	367,14	142,80	418,272	11:27:20	1
zizi	288,255	363,115	201,424	11:29:24	8
atatfina	165,353	21,269	375,230	11:37:35	37
zizi	309,341	144,310	36,277	11:38:51	42
atatziki	149,207	426,247	34,439	11:31:21	13
zizi	426,423	260,418	118,450	11:27:33	2
fifi	89,154	125,240	275,406	11:39:04	43
pumafima	430,321	167,177	252,84	11:33:53	21
atatzizi	106,64	466,431	23,193	11:37:47	38
atatzizi	215,192	480,472	474,272	11:33:45	20
zizi	76,347	113,369	99,460	11:33:08	19