gata	485,199	94,104	283,41
sofi	46,356	223,313	244,191
zipamuto	336,127	149,455	20,161
tasumu	444,339	278,154	439,63
datadazi	105,83	24,335	475,138
giga	314,37	219,225	430,32
zupuduga	262,296	245,85	50,427
zafupo	411,167	85,375	177,237
tigipiti	329,26	24,473	455,394
fimoso	46,70	467,60	395,451
dadozami	189,219	478,398	435,207
zigozifa	223,176	282,263	112,203
posomi	420,188	88,107	415,407
topu	123,430	390,88	333,426
dazudoti	149,309	477,54	269,83
soga	208,184	13,405	397,179
gimi	197,169	281,391	99,460
sadomi	469,196	385,386	310,324
gofu	285,388	166,220	46,466
satamipu	206,91	245,372	345,11
pupimadi	445,62	186,448	458,93
difisu	136,165	253,408	65,342
sapasisu	377,43	48,271	420,348
zadodado	105,214	246,262	424,237
zozosizi	140,364	472,21	218,474
sififapo	456,271	170,414	238,253
fizazopu	391,198	167,338	482,364
mitogo	459,62	355,46	416,133
tazu	92,115	426,189	460,362
zuto	489,325	365,440	372,359
dapo	148,457	454,421	488,355
famatofo	129,164	202,120	249,370
zado	475,217	423,340	254,348
fufo	463,337	453,399	35,422
pogatati	270,34	257,144	465,139
mosu	13,122	105,457	53,103
fufututi	322,173	258,33	283,16
pidosoga	394,268	224,326	118,469
dosapa	183,90	316,146	479,342
supatosi	78,259	366,325	393,455
difatu	397,453	69,364	15,162
mota	195,179	411,219	453,417
dofuto	122,230	151,438	338,129
zapisi	131,419	435,267	408,336
fimatafi	176,162	170,78	12,135
mamupi	466,456	194,339	462,347
zogasa	43,150	267,252	112,364
dozigozi	333,335	312,181	454,433
dazupugo	109,399	210,26	195,192
zodo	348,216	261,350	341,315