pupo	45,85	286,382	118,426
sofoti	36,24	206,205	345,211
musi	420,365	422,259	175,23
futi	341,43	127,379	260,115
fufo	262,323	90,483	397,281
difo	231,43	407,464	267,52
gipi	392,293	67,107	488,403
duga	308,418	277,240	186,443
pofagopo	254,37	477,371	406,477
famizusa	177,79	76,170	467,348
pugudopi	391,19	264,365	276,266
sazasisi	79,365	363,77	277,485
mufu	159,361	47,343	235,187
podufatu	64,411	181,16	174,208
pafu	56,60	151,480	160,60
fopopo	199,177	245,244	360,102
sofazito	483,54	123,239	41,107
gugi	452,285	446,352	294,219
pafoga	226,80	36,482	149,391
zugusuma	355,217	177,45	212,231
simatu	451,130	443,301	357,268
tofa	446,383	238,129	100,231
gopumi	336,432	63,228	60,480
mopa	377,412	37,229	156,398
dopa	407,203	449,67	193,119
moda	117,382	286,353	136,155
pafisopi	446,96	276,398	388,142
sasadu	175,234	84,229	452,135
zago	219,339	57,246	77,203
tida	154,474	397,113	51,99
tizudi	222,159	472,17	21,118
samupu	174,214	461,206	15,279
pufumo	304,457	73,259	318,357
padu	468,53	428,14	45,87
muzidago	395,390	294,82	425,15
sosi	304,381	388,52	20,479
zotu	162,457	205,428	365,103
madudopo	80,50	327,155	269,289
zofidi	280,479	137,327	235,205
gitizisi	40,379	189,428	483,230
pozaga	37,214	380,19	222,391
sifimi	127,374	358,322	312,233
fumo	416,383	273,252	47,318
zugafu	40,178	155,266	374,186
fuzosa	155,72	123,147	293,151
fasu	351,182	160,82	83,278
ditu	447,431	110,269	174,35
zipo	273,185	202,244	381,207
zigodo	32,194	173,96	443,482
tusafudu	161,437	277,198	480,319