pufiku	177,241	220,401	251,107
ziko	232,286	90,401	27,461
fiko	140,83	317,116	410,444
dodi	344,87	184,360	241,480
dakapa	156,332	417,260	148,112
zupaku	310,160	306,202	402,317
mizudiki	343,35	336,415	226,105
kada	170,385	472,376	156,157
madupa	488,483	263,178	426,107
kizuzi	46,139	44,163	435,470
dodiziki	137,389	170,414	367,80
zamazopo	271,352	487,240	301,213
kuzi	16,218	348,83	303,88
kafuzopu	144,139	263,436	83,24
fopizupu	168,275	355,408	467,405
pozu	13,259	222,130	85,51
mizo	242,116	461,38	176,229
pika	317,369	169,408	79,23
kozokifo	73,358	270,193	64,23
mozuzudo	283,241	266,238	90,84
zofa	16,260	79,322	359,320
kokupo	396,214	346,339	75,104
podufu	156,69	108,305	478,64
faku	275,101	346,262	316,295
difu	194,328	214,117	116,349
kadazu	36,392	303,161	424,69
zomi	22,216	126,83	191,124
famukuki	394,400	69,409	319,383
fomi	181,340	37,202	145,151
fokikopo	68,77	287,179	146,426
pafaki	293,299	259,441	31,343
zapizafi	24,57	468,294	103,432
fukukoda	26,111	56,100	82,450
dazika	357,177	178,66	285,216
komupuzo	97,431	333,403	264,51
kipaka	244,47	102,128	204,338
zikufi	295,147	349,181	37,304
kuzufa	436,485	357,238	73,84
fufomiki	442,162	210,334	180,14
difumupu	129,297	384,214	401,92
fipupodi	372,418	339,192	101,324
daki	205,328	446,397	60,399
zikizoko	68,387	105,327	392,251
zifikidi	299,117	313,317	415,469
zazuzopi	391,126	489,418	481,485
pupa	411,70	489,75	443,264
fodipa	334,44	433,458	111,228
mipa	294,194	58,126	239,147