kiki	256,349	67,79	40,370	10:33:58
kikkid	442,358	383,224	383,135	10:34:30
domod	486,265	301,443	461,36	10:35:07
kiki	394,424	73,285	109,429	10:35:35
kikilauzu	476,215	313,214	14,374	10:36:17
dod	46,472	155,334	264,480	10:36:32
domo	233,78	110,367	285,92	10:37:02
dod	367,156	433,345	14,247	10:37:24
raifiki	385,28	290,15	47,257	10:37:37
kikilauzu	446,98	312,448	323,23	10:38:03
dod	92,88	362,148	157,391	10:38:13
domod	27,60	325,90	334,424	10:38:24
raifiki	29,210	89,451	65,93	10:38:49
zaifiki	208,440	111,488	444,147	10:39:17
mino	484,236	440,377	450,332	10:39:29
raifiki	21,446	106,311	398,77	10:39:41
domod	337,383	281,160	107,285	10:39:59
kiki	254,400	235,76	358,67	10:40:38
kikilauzu	88,439	145,439	96,291	10:41:00
kikkid	340,113	340,174	193,184	10:41:13
dodo	107,211	383,186	172,438	10:41:24
kikid	44,142	267,188	466,40	10:41:53
zaifiki	178,209	108,277	85,382	10:42:13
mino	269,369	388,369	366,341	10:42:37
kikid	26,130	251,250	195,118	10:42:58
kik	306,273	66,441	221,152	10:43:11
mino	241,71	254,91	234,437	10:43:27
dodo	264,331	158,157	27,319	10:43:40
dodo	105,285	198,482	163,73	10:43:48
kikid	333,179	193,93	418,377	10:44:00
zaifiki	201,234	159,256	184,370	10:44:33
kikizaulo	359,79	128,309	445,87	10:44:49
kikkid	150,455	42,246	276,430	10:44:59
raikfiki	312,123	323,103	272,419	10:45:16
kik	377,305	71,153	483,47	10:45:45
pandu	183,170	246,280	437,321	10:46:08
pandu	172,306	389,290	124,344	10:46:47
kikizaulu	398,415	430,162	15,174	10:47:09
duomo	108,268	14,255	415,31	10:47:33
kikki	83,29	305,270	20,458	10:48:01
kikki	367,264	308,399	19,94	10:48:17
raifikiki	338,321	206,170	413,468	10:48:39
duomo	99,300	283,159	443,275	10:48:49
kik	196,135	435,431	405,382	10:49:13
panzu	333,342	146,36	425,74	10:49:34
kikilauzo	262,86	197,160	365,310	10:49:47
zaifikiki	14,242	84,312	150,92	10:50:08
pazu	395,477	403,111	157,325	10:50:43