raifiki	391,41	216,359	395,193	10:50:20	47
domod	486,420	466,135	48,26	10:38:57	13
raifiki	77,378	218,284	101,337	10:40:51	18
kik	17,46	151,56	365,187	10:44:36	31
kik	451,398	119,210	123,346	10:43:35	27
zaifikiki	480,200	18,58	163,93	10:34:52	2
mino	115,72	67,147	76,253	10:36:27	5
mino	23,28	369,459	24,30	10:47:36	39
kikkid	154,238	467,70	310,310	10:48:45	42
zaifiki	47,391	148,373	38,126	10:34:12	1
dodo	281,293	134,442	28,68	10:39:35	15
dodo	196,412	444,339	304,208	10:41:17	20
zaifiki	14,381	248,59	194,65	10:44:10	30
kik	302,153	253,50	22,320	10:43:54	29
raifikiki	254,421	291,307	450,150	10:47:24	38
kikilauzu	76,358	489,417	96,438	10:42:55	24
dod	94,322	203,172	357,266	10:48:54	43
kiki	472,215	100,255	419,377	10:38:16	11
kiklauzu	83,486	84,230	32,399	10:45:55	35
kikid	35,425	89,233	175,236	10:42:20	23
kikilauzo	44,216	18,283	221,415	10:39:27	14
domod	264,426	482,179	18,329	10:35:26	3
kikizaulo	50,230	454,95	53,165	10:43:24	26
maolozu	67,215	473,407	217,122	10:36:04	4
zaifiki	428,58	228,125	188,159	10:43:06	25
zaifiki	27,166	224,232	336,184	10:49:53	46
raifikiki	436,397	257,297	167,38	10:46:57	37
mino	237,152	242,200	252,74	10:49:37	45
kik	348,115	438,274	26,142	10:49:17	44
kik	163,62	52,204	431,228	10:44:53	32
zaifiki	361,351	363,67	427,305	10:48:23	41
kikid	434,46	256,333	263,59	10:38:35	12
raifiki	328,478	105,100	94,196	10:41:06	19
dodo	43,236	379,412	248,230	10:37:51	9
panduz	347,119	193,213	98,56	10:46:18	36
raifiki	437,319	434,366	263,222	10:38:10	10
zaifiki	340,30	42,217	206,132	10:36:43	6
domod	367,14	142,80	418,272	10:41:57	22
domo	288,255	363,115	201,424	10:40:28	17
zaifiki	165,353	21,269	375,230	10:41:43	21
mino	309,341	144,310	36,277	10:37:28	8
domod	149,207	426,247	34,439	10:45:03	33
panzu	426,423	260,418	118,450	10:50:52	48
kikid	89,154	125,240	275,406	10:45:30	34
dodo	430,321	167,177	252,84	10:39:49	16
kiki	106,64	466,431	23,193	10:37:16	7
pandu	215,192	480,472	474,272	10:48:10	40
domod	76,347	113,369	99,460	10:43:46	28