piku	53,441	232,55	11,183	17:03:38
mizo	62,95	107,135	302,430	17:03:48
faku	327,83	140,431	104,448	17:04:05
mikoza	388,183	287,279	388,275	17:04:24
dodi	367,160	395,372	145,106	17:04:34
mizo	201,187	56,423	232,56	17:04:47
fupika	116,283	140,212	408,432	17:05:05
fupika	305,156	464,112	92,365	17:05:52
kapaka	152,244	25,282	185,118	17:06:07
kuku	239,83	291,36	351,188	17:06:23
kupu	300,227	337,204	109,472	17:06:41
paku	300,299	169,345	232,391	17:07:02
dodimika	336,159	93,295	448,105	17:07:17
dodo	280,171	135,315	283,66	17:07:36
dada	341,427	142,444	344,200	17:07:48
dokapa	460,489	433,31	58,42	17:08:12
ukafa	334,352	188,307	453,269	17:08:20
kokpika	182,298	418,265	103,375	17:08:49
kofupika	390,337	184,40	59,101	17:09:05
fodokipaka	461,200	335,476	471,29	17:09:19
dodo	359,373	56,483	197,328	17:09:37
fodokipaka	59,48	265,190	481,118	17:09:59
kifu	379,451	116,322	471,164	17:10:17
kofokipaza	354,315	25,51	132,468	17:10:31
faku	104,220	102,384	246,442	17:10:54
dodi	82,55	179,409	249,277	17:11:02
kadafapupa	390,58	86,69	392,308	17:11:24
fukapadodi	309,303	276,236	78,369	17:11:46
kipaka	449,292	154,142	322,203	17:12:04
kokufudaka	233,293	393,77	278,374	17:12:15
kifa	96,371	103,187	265,338	17:12:31
kofu	139,336	383,307	254,142	17:12:45
zipakdafa	94,154	189,170	212,91	17:12:55
koduku	467,170	373,131	302,204	17:13:03
kiso	323,44	486,225	111,273	17:13:20
pikazu	108,196	154,201	373,408	17:13:36
fodokila	49,21	254,421	318,17	17:13:47
mizo	72,401	160,251	80,362	17:14:02
mizuku	332,56	41,215	176,333	17:14:24
kifu	121,426	251,167	419,438	17:14:32
fadka	485,467	475,260	167,465	17:14:50
fudaka	367,56	426,473	367,407	17:15:00
kafuu	146,230	231,160	271,353	17:15:13
fodoka	408,489	366,403	223,466	17:15:39
fudu	186,321	171,330	32,54	17:15:50
kadafa	248,70	65,11	481,372	17:16:06
fudaku	18,62	282,168	303,352	17:16:16
pakafu	39,145	397,70	349,83	17:16:30