fupu	391,41	216,359	395,193	17:10:13	22
kapfka	486,420	466,135	48,26	17:07:43	14
kapaku	77,378	218,284	101,337	17:15:56	45
kizo	17,46	151,56	365,187	17:11:28	27
fapaki	451,398	119,210	123,346	17:03:57	2
pakupa	480,200	18,58	163,93	17:05:22	7
mizo	115,72	67,147	76,253	17:08:15	16
fopuku	23,28	369,459	24,30	17:09:01	18
podokifa	154,238	467,70	310,310	17:12:27	30
fduiopakafa	47,391	148,373	38,126	17:06:15	9
fukaza	281,293	134,442	28,68	17:16:33	48
kilo	196,412	444,339	304,208	17:13:41	36
mizu	14,381	248,59	194,65	17:15:47	44
fukau	302,153	253,50	22,320	17:16:12	46
kipaka	254,421	291,307	450,150	17:12:08	29
kimakapaku	76,358	489,417	96,438	17:09:50	21
fidaka	94,322	203,172	357,266	17:14:06	38
kappa	472,215	100,255	419,377	17:13:00	33
kifakupaka	83,486	84,230	32,399	17:12:37	31
fapu	35,425	89,233	175,236	17:11:08	26
fukokipaza	44,216	18,283	221,415	17:10:48	24
kafudkafa	264,426	482,179	18,329	17:15:30	43
fokopkaka	50,230	454,95	53,165	17:07:57	15
fikoda	67,215	473,407	217,122	17:04:19	3
kadafu	428,58	228,125	188,159	17:14:30	39
kafu	27,166	224,232	336,184	17:14:55	41
odopozika	436,397	257,297	167,38	17:15:08	42
dodi	237,152	242,200	252,74	17:09:10	19
mizakpaka	348,115	438,274	26,142	17:13:59	37
baku	163,62	52,204	431,228	17:07:23	13
fakuzu	361,351	363,67	427,305	17:16:25	47
fipaka	434,46	256,333	263,59	17:06:45	11
dozu	328,478	105,100	94,196	17:12:49	32
paku	43,236	379,412	248,230	17:13:32	35
baku	347,119	193,213	98,56	17:07:07	12
aufkapa	437,319	434,366	263,222	17:06:31	10
mizo	340,30	42,217	206,132	17:11:00	25
fodopakifa	367,14	142,80	418,272	17:09:35	20
mizu	288,255	363,115	201,424	17:11:53	28
foduku	165,353	21,269	375,230	17:13:11	34
urzo	309,341	144,310	36,277	17:04:53	6
fapaku	149,207	426,247	34,439	17:04:39	5
dodikipaka	426,423	260,418	118,450	17:08:32	17
fodukipaka	89,154	125,240	275,406	17:06:01	8
fadaku	430,321	167,177	252,84	17:14:43	40
dodi	106,64	466,431	23,193	17:03:43	1
fapudu	215,192	480,472	474,272	17:04:28	4
kapadopu	76,347	113,369	99,460	17:10:22	23