kokukipaza	353,471	357,263	141,31	09:11:01
kipaza	179,244	22,482	426,283	09:11:11
fudaku	184,480	356,278	417,406	09:11:20
kokukipaza	298,486	171,338	412,208	09:11:31
kufuu	240,384	411,198	470,279	09:11:48
fodupika	470,332	259,337	105,389	09:12:00
fodupika	357,273	143,368	264,78	09:12:10
fodupika	161,437	67,27	225,474	09:12:22
pikaza	423,33	469,103	361,390	09:12:43
kipazu	301,110	284,221	297,263	09:12:51
fodukipa	490,277	104,258	123,198	09:13:07
kokokidafu	157,470	461,289	348,234	09:13:23
dayapu	356,18	181,413	35,395	09:13:39
kidazu	396,447	417,375	59,287	09:13:51
kokida	275,349	387,68	80,194	09:14:04
pazu	320,79	461,414	327,93	09:14:14
kafu	122,473	73,92	271,411	09:14:26
dakapa	316,137	419,486	60,443	09:14:39
fadka	390,445	399,317	329,448	09:14:47
mizo	113,113	306,490	171,375	09:14:52
kipazu	193,481	444,163	404,280	09:14:59
kafu	246,36	263,309	117,44	09:15:19
mizuku	229,423	171,157	418,220	09:15:27
mizo	110,318	174,18	144,13	09:15:37
kodifa	455,247	115,271	246,276	09:15:48
faduku	156,429	266,109	101,180	09:16:04
dakapa	11,106	489,276	274,398	09:16:17
kafuku	387,482	101,389	482,330	09:16:35
pakuzifa	214,372	481,197	221,212	09:16:46
mizuku	43,275	276,146	165,371	09:16:57
mizo	73,124	44,125	188,200	09:17:02
padaku	155,188	295,154	454,79	09:17:18
pazuku	61,351	70,152	249,62	09:17:29
fadka	471,453	423,461	159,154	09:17:38
pakudiku	183,192	418,449	328,93	09:17:49
kozu	329,390	207,362	25,385	09:18:01
kadafu	72,170	83,356	314,46	09:18:07
pazuku	424,365	386,484	26,145	09:18:22
mizu	56,487	108,469	457,256	09:18:27
kokokidapa	132,150	438,60	108,276	09:18:43
kazufu	143,426	176,339	297,191	09:18:52
ukafu	233,358	350,305	224,174	09:19:01
dafuku	341,158	48,237	152,64	09:19:17
dodo	372,197	60,469	176,27	09:19:31
dafuzu	235,297	166,183	347,263	09:19:40
fadka	448,479	198,133	328,485	09:19:49
pazu	313,71	353,173	365,86	09:19:55
kofu	336,216	234,374	443,375	09:20:05