paku	391,41	216,359	395,193	09:13:55	14
dukapa	486,420	466,135	48,26	09:19:11	42
mizu	77,378	218,284	101,337	09:14:49	19
mizo	17,46	151,56	365,187	09:18:25	38
kofu	451,398	119,210	123,346	09:18:03	36
fadka	480,200	18,58	163,93	09:15:51	25
mizo	115,72	67,147	76,253	09:13:27	12
kofukida	23,28	369,459	24,30	09:17:07	31
dukafu	154,238	467,70	310,310	09:17:56	35
fuduu	47,391	148,373	38,126	09:11:41	4
ukapu	281,293	134,442	28,68	09:17:43	34
fodukazu	196,412	444,339	304,208	09:15:14	21
dodi	14,381	248,59	194,65	09:19:34	44
kufuu	302,153	253,50	22,320	09:14:19	16
pakuzu	254,421	291,307	450,150	09:15:34	23
fodukipa	76,358	489,417	96,438	09:13:11	11
kofu	94,322	203,172	357,266	09:11:06	1
kokukidafu	472,215	100,255	419,377	09:19:27	43
mizu	83,486	84,230	32,399	09:14:41	18
mizu	35,425	89,233	175,236	09:12:15	7
kidazu	44,216	18,283	221,415	09:12:30	8
ukafu	264,426	482,179	18,329	09:17:34	33
fakudiku	50,230	454,95	53,165	09:18:48	40
kifazu	67,215	473,407	217,122	09:16:52	29
fadaka	428,58	228,125	188,159	09:11:26	3
kufu	27,166	224,232	336,184	09:12:57	10
kufu	436,397	257,297	167,38	09:15:21	22
fakukidu	237,152	242,200	252,74	09:18:35	39
mizufu	348,115	438,274	26,142	09:18:57	41
fukazu	163,62	52,204	431,228	09:11:53	5
fodukipa	361,351	363,67	427,305	09:14:55	20
kipazu	434,46	256,333	263,59	09:12:06	6
kudafuu	328,478	105,100	94,196	09:16:11	26
fodupika	43,236	379,412	248,230	09:12:49	9
kidafu	347,119	193,213	98,56	09:16:38	28
dokifu	437,319	434,366	263,222	09:20:02	47
mizo	340,30	42,217	206,132	09:11:15	2
kidafa	367,14	142,80	418,272	09:14:29	17
kafuu	288,255	363,115	201,424	09:19:46	45
kidapaku	165,353	21,269	375,230	09:20:12	48
mizufu	309,341	144,310	36,277	09:15:44	24
fodupika	149,207	426,247	34,439	09:14:09	15
kupuu	426,423	260,418	118,450	09:17:23	32
mizo	89,154	125,240	275,406	09:19:53	46
kafukida	430,321	167,177	252,84	09:16:28	27
gadafuu	106,64	466,431	23,193	09:18:15	37
fadka	215,192	480,472	474,272	09:16:59	30
kupayu	76,347	113,369	99,460	09:13:45	13