pizu	136,365	49,370	210,367	13:33:57
kokkioazu	286,211	413,232	29,449	13:34:06
dayapu	390,101	389,22	56,202	13:34:17
pizu	108,473	173,320	63,388	13:34:29
kuduu	350,305	224,472	74,136	13:34:40
pizu	89,199	11,127	79,210	13:34:46
dodo	484,355	411,406	96,429	13:34:55
kikikopaza	365,475	39,263	486,85	13:35:07
mizo	454,103	67,137	413,119	13:35:21
paduka	34,273	413,248	254,477	13:35:35
pizo	373,332	186,374	449,254	13:35:41
paduku	93,442	118,13	358,203	13:36:00
dodo	94,196	163,423	313,463	13:36:09
kokodufa	130,302	475,205	351,65	13:36:23
dafuka	157,424	52,121	95,139	13:36:38
pizo	430,184	422,127	206,47	13:36:44
mizo	45,105	49,76	201,475	13:36:49
dafuu	467,284	181,139	216,484	13:36:56
kaduka	112,336	296,96	50,156	13:37:12
mizo	151,197	90,192	307,175	13:37:17
dod	320,247	348,252	363,64	13:37:25
kadafi	289,398	158,328	463,348	13:37:37
faduka	312,440	142,482	88,348	13:37:53
oizo	476,190	193,281	276,232	13:37:58
dod	427,416	419,26	117,235	13:38:03
dafuka	191,427	472,48	189,344	13:38:11
pizo	102,467	251,249	304,224	13:38:15
pakudaza	107,125	173,238	117,251	13:38:26
padafu	95,102	431,277	372,216	13:38:34
fufudaka	19,309	141,427	324,247	13:38:46
fakada	172,24	184,153	62,362	13:39:00
dodo	487,153	338,248	392,151	13:39:05
fadka	462,488	266,144	236,373	13:39:14
faduku	385,321	465,325	108,347	13:39:28
fadada	50,116	165,181	53,479	13:39:42
dakiki	417,215	12,110	357,64	13:39:56
kikikopaza	462,354	206,309	111,108	13:40:03
zazaifa	432,232	188,460	484,184	13:40:17
pazikika	54,448	276,111	95,199	13:40:28
dakapiza	220,118	461,143	356,225	13:40:43
dafaka	129,238	67,304	121,25	13:40:57
kadafiki	68,204	456,175	207,323	13:41:08
dod	368,148	64,66	118,58	13:41:23
dakifika	239,161	16,25	261,100	13:41:39
kadafi	213,471	208,184	123,73	13:41:50
kufu	399,241	301,455	55,412	13:42:01
pakafu	469,112	126,434	277,322	13:42:15
kikikopaza	267,155	460,321	210,87	13:42:25