dodo	391,41	216,359	395,193	13:36:47	16
kakadafaka	486,420	466,135	48,26	13:41:30	43
mizo	77,378	218,284	101,337	13:35:38	10
mizo	17,46	151,56	365,187	13:39:02	31
dakafuu	451,398	119,210	123,346	13:39:38	34
pizo	480,200	18,58	163,93	13:37:19	20
mizo	115,72	67,147	76,253	13:34:57	7
pizo	23,28	369,459	24,30	13:38:00	24
faduku	154,238	467,70	310,310	13:37:50	22
kofo	47,391	148,373	38,126	13:42:08	46
kokupiza	281,293	134,442	28,68	13:34:22	3
kazapika	196,412	444,339	304,208	13:40:34	39
mizo	14,381	248,59	194,65	13:37:56	23
kakadafuka	302,153	253,50	22,320	13:37:05	18
mizo	254,421	291,307	450,150	13:36:42	15
dafuku	76,358	489,417	96,438	13:34:11	2
kokokipaza	94,322	203,172	357,266	13:40:49	40
kofufu	472,215	100,255	419,377	13:36:53	17
dafaku	83,486	84,230	32,399	13:38:53	30
dodo	35,425	89,233	175,236	13:37:14	19
faduka	44,216	18,283	221,415	13:38:08	25
kadufa	264,426	482,179	18,329	13:41:02	41
kofo	50,230	454,95	53,165	13:34:51	6
pazifa	67,215	473,407	217,122	13:40:22	38
zafadi	428,58	228,125	188,159	13:42:29	48
kikikozaz	27,166	224,232	336,184	13:39:59	36
fadka	436,397	257,297	167,38	13:39:17	33
mizo	237,152	242,200	252,74	13:38:13	26
kokidafu	348,115	438,274	26,142	13:34:01	1
dayapu	163,62	52,204	431,228	13:35:15	8
kokidafu	361,351	363,67	427,305	13:37:33	21
daduku	434,46	256,333	263,59	13:39:52	35
fadka	328,478	105,100	94,196	13:41:43	44
dayapu	43,236	379,412	248,230	13:42:20	47
dafuka	347,119	193,213	98,56	13:38:39	29
kofu	437,319	434,366	263,222	13:41:59	45
mizo	340,30	42,217	206,132	13:34:43	5
paduka	367,14	142,80	418,272	13:38:30	28
faduku	288,255	363,115	201,424	13:36:06	12
dayapu	165,353	21,269	375,230	13:38:21	27
kokudofu	309,341	144,310	36,277	13:36:28	14
dodo	149,207	426,247	34,439	13:35:43	11
paza	426,423	260,418	118,450	13:40:05	37
mizo	89,154	125,240	275,406	13:34:32	4
gadafa	430,321	167,177	252,84	13:39:10	32
kufuza	106,64	466,431	23,193	13:36:13	13
padafi	215,192	480,472	474,272	13:41:17	42
foduka	76,347	113,369	99,460	13:35:30	9