dodo	467,402	129,117	142,161	15:10:08
dod	467,337	113,11	375,296	15:10:28
fadka	78,220	14,37	187,185	15:10:53
dod	458,132	125,276	48,223	15:11:31
piza	220,418	327,459	15,273	15:11:40
dafuu	361,120	313,236	11,144	15:11:54
padufa	109,415	334,150	421,322	15:12:37
dafuu	212,468	56,330	94,188	15:13:09
kikikoapaza	447,271	235,483	214,62	15:13:52
zazaifa	403,167	371,285	364,325	15:14:13
dodo	481,71	35,103	71,399	15:15:22
fadakiza	388,38	40,23	304,78	15:15:58
kikikoapazu	236,34	486,72	482,490	15:16:30
padafu	320,149	37,25	377,401	15:17:08
fadka	282,444	131,286	470,307	15:18:12
pizu	334,352	120,157	98,120	15:18:26
padaka	291,299	97,336	139,181	15:19:12
fadaka	461,88	232,304	228,162	15:19:31
pizu	135,185	422,359	178,146	15:19:51
dod	34,129	241,58	221,302	15:20:51
kikikoaoiza	446,119	330,476	132,144	15:21:32
zazaifa	411,90	302,292	364,175	15:21:49
dafuu	64,357	167,59	418,159	15:22:18
mizu	126,194	314,153	208,200	15:23:01
dodo	59,262	21,168	409,108	15:23:08
pizu	278,209	396,364	55,45	15:23:16
fakada	55,78	163,286	125,374	15:23:51
piza	64,480	153,185	275,132	15:24:14
faduku	482,245	210,223	58,428	15:24:35
fadaka	375,183	123,307	52,290	15:25:32
zazaifa	97,81	483,417	66,124	15:25:56
piza	70,120	470,226	169,398	15:26:11
faduak	374,217	169,384	374,88	15:27:04
aoiza	442,452	370,253	253,243	15:27:22
padaka	418,369	427,241	32,144	15:27:57
padzuka	430,85	133,93	260,397	15:29:34
padzuka	482,161	286,387	35,330	15:30:19
mizo	422,79	398,94	354,32	15:30:52
fadziki	458,441	103,450	368,158	15:31:22
kikikopazu	83,427	268,63	163,426	15:32:21
mizo	214,251	152,414	464,199	15:32:34
padafu	352,348	371,464	164,413	15:32:42
kiki	264,116	374,143	359,136	15:32:59
pduka	450,46	152,129	420,36	15:33:33
mizo	206,412	186,481	308,211	15:33:49
dafiki	321,240	279,228	323,143	15:34:17
padaka	250,290	94,342	250,451	15:35:12
faduku	376,286	15,312	37,36	15:35:24