kikikoapaza	391,41	216,359	395,193	15:35:40	48
fakiki	486,420	466,135	48,26	15:12:25	6
pizu	77,378	218,284	101,337	15:33:42	44
dafuu	17,46	151,56	365,187	15:31:45	39
padafu	451,398	119,210	123,346	15:14:54	10
mizo	480,200	18,58	163,93	15:11:35	4
dafuu	115,72	67,147	76,253	15:27:32	34
zazaifa	23,28	369,459	24,30	15:23:04	24
dafiki	154,238	467,70	310,310	15:11:19	3
pizu	47,391	148,373	38,126	15:14:09	9
padafu	281,293	134,442	28,68	15:23:28	26
padafu	196,412	444,339	304,208	15:25:42	30
fadaka	14,381	248,59	194,65	15:13:32	8
fadaka	302,153	253,50	22,320	15:10:22	1
dafiki	254,421	291,307	450,150	15:29:42	36
kikikopaza	76,358	489,417	96,438	15:10:45	2
padaku	94,322	203,172	357,266	15:31:06	38
dod	472,215	100,255	419,377	15:24:16	28
fadzuka	83,486	84,230	32,399	15:28:57	35
dafuu	35,425	89,233	175,236	15:32:31	40
dod	44,216	18,283	221,415	15:26:03	31
mizu	264,426	482,179	18,329	15:26:17	32
kikikoapaza	50,230	454,95	53,165	15:25:02	29
dodo	67,215	473,407	217,122	15:17:27	14
dafuu	428,58	228,125	188,159	15:18:39	16
fakada	27,166	224,232	336,184	15:30:39	37
fadaka	436,397	257,297	167,38	15:32:38	41
mizo	237,152	242,200	252,74	15:32:46	42
dod	348,115	438,274	26,142	15:12:57	7
piza	163,62	52,204	431,228	15:23:13	25
piza	361,351	363,67	427,305	15:19:19	17
fadaka	434,46	256,333	263,59	15:33:56	45
padafa	328,478	105,100	94,196	15:20:59	20
aziki	43,236	379,412	248,230	15:22:36	23
dodo	347,119	193,213	98,56	15:19:41	18
mizu	437,319	434,366	263,222	15:21:45	21
pizo	340,30	42,217	206,132	15:16:43	13
dodo	367,14	142,80	418,272	15:24:03	27
zazaifa	288,255	363,115	201,424	15:35:16	47
pizu	165,353	21,269	375,230	15:18:23	15
mizu	309,341	144,310	36,277	15:27:09	33
fod	149,207	426,247	34,439	15:20:46	19
mizo	426,423	260,418	118,450	15:15:44	11
padufu	89,154	125,240	275,406	15:33:27	43
padafa	430,321	167,177	252,84	15:22:11	22
kadafu	106,64	466,431	23,193	15:16:09	12
dafuka	215,192	480,472	474,272	15:11:47	5
fadaika	76,347	113,369	99,460	15:34:37	46