dafiki	318,113	217,123	326,161	14:52:45
dodo	101,426	29,287	334,289	14:52:56
kikikoapazu	35,287	63,469	397,243	14:53:04
dodo	287,399	99,180	292,296	14:53:13
kiki	159,265	128,211	251,117	14:53:19
zafiki	376,79	219,102	191,55	14:53:27
dafiki	253,282	470,272	78,313	14:53:37
kiki	70,103	110,122	81,16	14:53:43
kikikoaoizu	355,358	405,444	48,206	14:54:14
pduka	338,468	89,137	81,246	14:54:25
zaifiki	181,243	405,438	475,458	14:54:47
dodo	249,196	461,366	396,221	14:54:53
pduka	472,282	289,201	373,470	14:55:03
zaifiki	245,136	261,225	397,329	14:55:12
mizo	47,457	421,146	89,12	14:55:25
faduku	152,433	359,66	386,396	14:55:36
dod	262,144	102,232	20,488	14:55:41
mizu	442,481	279,241	192,162	14:55:56
paduka	220,426	287,470	160,194	14:56:14
kiki	309,197	160,239	333,238	14:56:18
mizu	240,474	181,109	50,77	14:56:23
fudaku	15,301	211,106	42,220	14:56:41
dod	103,474	211,371	224,392	14:56:57
dod	42,434	327,319	414,477	14:57:06
mizu	23,232	184,172	461,26	14:57:15
dafuku	400,210	490,91	309,49	14:57:34
faduka	157,313	340,357	409,372	14:57:48
zaifuku	87,21	355,287	382,89	14:58:07
pduka	188,414	33,25	242,436	14:58:25
zaifiki	12,254	178,185	416,148	14:58:40
kikikoaoiza	200,326	348,199	406,166	14:59:02
dafuku	379,399	288,398	197,245	14:59:10
dafuku	247,334	245,305	25,374	14:59:19
kikikoaoiza	473,20	373,102	467,473	14:59:37
kikikoaoiza	238,73	469,88	419,387	14:59:45
paduka	449,16	397,314	292,289	14:59:57
faduka	392,470	212,415	485,444	15:00:15
fazuka	360,486	208,47	181,133	15:00:27
kikikoaluza	185,370	449,42	79,364	15:00:42
dafuka	197,307	426,175	384,355	15:00:53
dafuka	72,342	360,459	165,162	15:01:03
faduka	257,67	141,458	471,135	15:01:08
piza	412,341	131,129	378,301	15:01:21
mizo	251,73	180,209	104,249	15:01:26
piza	83,291	65,19	456,439	15:01:30
piza	363,37	290,233	485,445	15:01:41
dafiki	384,251	22,34	219,483	15:01:55
mizo	159,140	334,279	258,221	15:02:06