dod	391,41	216,359	395,193	14:59:48	35
mizu	486,420	466,135	48,26	14:52:48	1
kiki	77,378	218,284	101,337	14:58:42	30
dodo	17,46	151,56	365,187	14:55:39	16
dod	451,398	119,210	123,346	14:52:59	2
faduka	480,200	18,58	163,93	15:00:01	36
pduka	115,72	67,147	76,253	15:01:19	42
zafuka	23,28	369,459	24,30	15:00:50	39
faduka	154,238	467,70	310,310	15:00:17	37
paduka	47,391	148,373	38,126	14:56:21	20
padaku	281,293	134,442	28,68	14:53:32	6
dafuku	196,412	444,339	304,208	14:59:40	34
dafuku	14,381	248,59	194,65	14:58:20	28
iza	302,153	253,50	22,320	15:01:22	43
mizu	254,421	291,307	450,150	14:53:17	4
pduka	76,358	489,417	96,438	15:01:57	47
dafuka	94,322	203,172	357,266	14:54:21	9
kikikoapuza	472,215	100,255	419,377	14:58:35	29
zaifiki	83,486	84,230	32,399	14:53:52	8
kikikoaiza	35,425	89,233	175,236	14:56:11	18
paduka	44,216	18,283	221,415	15:02:11	48
faduku	264,426	482,179	18,329	14:59:13	32
kikiaoizu	50,230	454,95	53,165	14:55:22	14
mizu	67,215	473,407	217,122	14:57:53	27
faduku	428,58	228,125	188,159	14:57:42	26
dafiki	27,166	224,232	336,184	14:55:31	15
dafiki	436,397	257,297	167,38	14:56:46	22
kiki	237,152	242,200	252,74	14:53:21	5
dod	348,115	438,274	26,142	15:00:56	40
pduka	163,62	52,204	431,228	14:53:10	3
kikikoapazu	361,351	363,67	427,305	14:54:31	10
dod	434,46	256,333	263,59	15:01:05	41
mizo	328,478	105,100	94,196	15:01:33	45
pduka	43,236	379,412	248,230	14:56:30	21
piza	347,119	193,213	98,56	15:01:28	44
kikikoapoiza	437,319	434,366	263,222	14:57:26	25
zaifiki	340,30	42,217	206,132	14:57:03	23
padaku	367,14	142,80	418,272	14:53:41	7
mizu	288,255	363,115	201,424	15:01:47	46
dod	165,353	21,269	375,230	14:57:08	24
kiki	309,341	144,310	36,277	14:56:17	19
daifiki	149,207	426,247	34,439	15:00:31	38
mizu	426,423	260,418	118,450	14:54:55	12
mizu	89,154	125,240	275,406	14:55:07	13
dod	430,321	167,177	252,84	14:59:05	31
dod	106,64	466,431	23,193	14:59:21	33
dafuku	215,192	480,472	474,272	14:55:49	17
kiki	76,347	113,369	99,460	14:54:49	11