dod	329,416	196,155	111,244	10:36:18
dodo	27,276	308,244	489,470	10:36:26
dodo	291,25	291,335	479,44	10:36:32
pini	93,143	192,206	337,173	10:36:39
dodo	40,202	475,431	430,145	10:36:46
mizu	60,269	71,246	413,171	10:36:51
dod	479,429	436,296	183,434	10:36:57
mizu	275,463	449,76	307,437	10:37:05
kiki	109,389	90,291	105,416	10:37:11
dod	454,135	128,438	76,68	10:37:20
pazuka	92,125	326,153	361,248	10:37:26
pazuka	313,349	187,259	155,359	10:37:33
miki	202,420	332,161	485,148	10:37:40
miki	107,104	47,187	384,142	10:37:46
panzu	113,348	266,230	295,331	10:37:51
reno	287,377	446,123	39,316	10:38:05
panzu	360,342	175,57	110,319	10:38:12
kik	405,302	248,246	452,243	10:38:19
panzu	384,69	336,421	245,230	10:38:31
kiki	73,347	87,328	87,372	10:38:35
mino	169,364	259,124	476,287	10:38:43
pani	430,346	138,114	392,237	10:38:51
domo	423,307	49,180	63,490	10:39:03
zauku	413,437	69,259	368,303	10:39:11
zaifiki	479,430	160,75	267,237	10:39:20
mizu	437,425	110,205	59,95	10:39:29
rafiki	180,205	274,459	347,440	10:39:36
kikikozau	217,434	191,62	333,454	10:39:44
domod	105,413	480,356	141,166	10:39:53
kiki	118,157	47,11	178,336	10:40:01
zafikiki	233,24	101,91	444,113	10:40:15
kikikoazu	323,134	307,107	102,164	10:40:26
pandu	56,308	108,237	360,430	10:40:33
pandu	200,454	352,190	320,483	10:40:37
zimi	345,427	149,381	428,317	10:40:48
wikiki	227,170	330,317	251,283	10:41:02
raifiki	419,84	406,236	180,18	10:41:11
mikiki	390,226	316,488	452,185	10:41:23
domo	427,162	149,289	341,458	10:41:31
domo	282,195	394,420	86,332	10:41:38
paduka	246,302	12,86	129,252	10:41:51
rafikiki	359,57	326,275	283,15	10:42:02
mikiki	282,183	231,107	180,193	10:42:13
modo	282,117	345,420	396,195	10:42:31
modo	387,187	380,291	117,456	10:42:35
kikioaluzu	132,352	268,134	428,386	10:42:51
demikiki	375,296	433,210	80,225	10:43:02
demo	215,351	398,436	448,87	10:43:13