panzu	391,41	216,359	395,193	10:38:33	19
dodo	486,420	466,135	48,26	10:38:37	20
kiki	77,378	218,284	101,337	10:39:38	27
zauku	17,46	151,56	365,187	10:39:13	24
dod	451,398	119,210	123,346	10:41:57	41
mizu	480,200	18,58	163,93	10:41:05	36
kiki	115,72	67,147	76,253	10:40:28	32
mizo	23,28	369,459	24,30	10:38:47	21
panzu	154,238	467,70	310,310	10:39:24	25
pani	47,391	148,373	38,126	10:38:53	22
dod	281,293	134,442	28,68	10:39:46	28
kikikoazu	196,412	444,339	304,208	10:38:27	18
mizu	14,381	248,59	194,65	10:41:26	38
pandu	302,153	253,50	22,320	10:40:35	33
pizi	254,421	291,307	450,150	10:37:01	7
modo	76,358	489,417	96,438	10:42:33	44
paduka	94,322	203,172	357,266	10:41:36	39
dod	472,215	100,255	419,377	10:36:55	6
modo	83,486	84,230	32,399	10:42:38	45
panzu	35,425	89,233	175,236	10:39:32	26
panzu	44,216	18,283	221,415	10:37:54	15
dodo	264,426	482,179	18,329	10:36:48	5
pazu	50,230	454,95	53,165	10:36:29	2
dod	67,215	473,407	217,122	10:40:41	34
mizu	428,58	228,125	188,159	10:41:13	37
mino	27,166	224,232	336,184	10:38:16	17
dod	436,397	257,297	167,38	10:41:47	40
kiki	237,152	242,200	252,74	10:39:05	23
dodo	348,115	438,274	26,142	10:36:34	3
dod	163,62	52,204	431,228	10:37:22	10
pini	361,351	363,67	427,305	10:36:41	4
dod	434,46	256,333	263,59	10:42:07	42
pazo	328,478	105,100	94,196	10:36:23	1
miki	43,236	379,412	248,230	10:37:43	13
pazuka	347,119	193,213	98,56	10:37:30	11
zaduka	437,319	434,366	263,222	10:42:24	43
mizu	340,30	42,217	206,132	10:37:13	9
dod	367,14	142,80	418,272	10:37:36	12
mizu	288,255	363,115	201,424	10:40:18	31
demiki	165,353	21,269	375,230	10:42:57	46
mizu	309,341	144,310	36,277	10:40:03	30
dod	149,207	426,247	34,439	10:37:48	14
mizu	426,423	260,418	118,450	10:43:07	47
mizu	89,154	125,240	275,406	10:38:07	16
panzu	430,321	167,177	252,84	10:39:57	29
panzu	106,64	466,431	23,193	10:40:50	35
pazu	215,192	480,472	474,272	10:37:08	8
kiki	76,347	113,369	99,460	10:43:14	48