raifiki	260,320	475,235	472,279	13:36:54
domod	63,460	346,409	169,328	13:37:03
zaifiki	405,449	50,188	150,247	13:37:14
domo	437,387	211,66	231,463	13:37:24
reno	23,104	330,90	375,323	13:37:31
miki	271,144	153,256	369,134	13:37:42
mikiki	44,421	104,380	340,262	13:37:57
zaifiki	217,254	220,257	432,360	13:38:08
dod	14,378	256,214	434,477	13:38:17
mino	187,447	90,26	47,454	13:38:35
kiki	339,308	108,481	74,466	13:38:53
zaifiki	125,107	397,218	476,247	13:39:01
mino	469,203	490,199	449,432	13:39:19
reno	69,452	320,315	176,264	13:39:32
kiki	301,352	220,381	368,257	13:39:50
dod	344,216	74,442	206,137	13:40:03
zakiki	417,320	234,324	48,220	13:40:16
dod	80,27	412,80	215,371	13:40:30
domod	21,274	333,331	99,19	13:40:41
reno	104,389	360,313	279,238	13:40:50
kiki	80,133	443,144	85,159	13:41:05
kik	271,11	469,14	325,26	13:41:17
domod	224,394	42,146	464,247	13:41:28
mikiki	26,475	31,349	315,119	13:41:43
miki	357,408	18,227	231,287	13:42:09
makiki	24,478	212,288	230,147	13:42:27
mino	389,96	290,147	167,126	13:43:01
raifiki	454,300	410,407	434,484	13:43:25
domo	76,214	485,54	218,319	13:43:43
panzu	70,431	223,102	87,197	13:43:52
panzu	339,103	181,360	441,485	13:44:06
pandu	76,296	412,263	29,184	13:44:45
demikiki	37,239	248,102	122,255	13:45:06
domo	182,26	77,389	392,171	13:45:23
panzu	53,406	158,255	204,378	13:45:39
miki	391,102	463,190	238,139	13:46:01
kik	306,304	425,227	77,443	13:46:13
pandu	401,103	191,158	195,303	13:46:29
kikiluazu	403,366	318,469	265,219	13:46:48
kikiluazau	468,308	402,476	45,143	13:47:31
kik	150,308	135,298	72,328	13:47:45
pandu	185,452	419,157	152,166	13:48:01
mafiki	273,488	433,192	405,376	13:48:25
zafiki	186,471	99,180	34,307	13:48:42
mafiki	489,94	248,222	186,324	13:48:49
rafiki	408,34	416,98	384,367	13:49:25
maozu	286,447	460,220	184,46	13:49:57
mafiki	92,361	185,484	347,219	13:50:14