raifkiki	391,41	216,359	395,193	13:37:38	5
domo	486,420	466,135	48,26	13:36:57	1
kik	77,378	218,284	101,337	13:46:32	38
zaifiki	17,46	151,56	365,187	13:41:50	24
domod	451,398	119,210	123,346	13:38:23	9
zafiki	480,200	18,58	163,93	13:48:45	44
kiki	115,72	67,147	76,253	13:40:06	16
zaifiki	23,28	369,459	24,30	13:47:52	41
mikiki	154,238	467,70	310,310	13:46:09	36
demiki	47,391	148,373	38,126	13:40:26	17
domod	281,293	134,442	28,68	13:37:27	4
domo	196,412	444,339	304,208	13:40:45	19
mikiki	14,381	248,59	194,65	13:38:48	10
domo	302,153	253,50	22,320	13:38:13	8
maziki	254,421	291,307	450,150	13:39:30	13
domo	76,358	489,417	96,438	13:43:14	27
demikiki	94,322	203,172	357,266	13:42:33	26
padzu	472,215	100,255	419,377	13:43:56	30
raifiki	83,486	84,230	32,399	13:39:14	12
mino	35,425	89,233	175,236	13:41:01	20
kikoluazu	44,216	18,283	221,415	13:44:33	31
reno	264,426	482,179	18,329	13:37:45	6
mafiki	50,230	454,95	53,165	13:48:37	43
dod	67,215	473,407	217,122	13:37:19	3
mikiki	428,58	228,125	188,159	13:47:43	40
demikiki	27,166	224,232	336,184	13:41:37	23
zaifiki	436,397	257,297	167,38	13:50:18	48
kik	237,152	242,200	252,74	13:43:45	29
dod	348,115	438,274	26,142	13:41:24	22
rafiki	163,62	52,204	431,228	13:48:20	42
kikioluazu	361,351	363,67	427,305	13:44:59	32
raifiki	434,46	256,333	263,59	13:41:10	21
mikiki	328,478	105,100	94,196	13:40:37	18
demikiki	43,236	379,412	248,230	13:43:36	28
demikiki	347,119	193,213	98,56	13:39:46	14
zaifiki	437,319	434,366	263,222	13:45:29	34
zaifiki	340,30	42,217	206,132	13:45:16	33
moazu	367,14	142,80	418,272	13:50:04	47
kik	288,255	363,115	201,424	13:39:57	15
reno	165,353	21,269	375,230	13:42:20	25
kik	309,341	144,310	36,277	13:46:15	37
domo	149,207	426,247	34,439	13:45:46	35
miki	426,423	260,418	118,450	13:37:08	2
zafiki	89,154	125,240	275,406	13:48:53	45
reno	430,321	167,177	252,84	13:38:01	7
panzu	106,64	466,431	23,193	13:49:34	46
domo	215,192	480,472	474,272	13:38:57	11
kik	76,347	113,369	99,460	13:46:50	39