domo	182,289	326,138	336,458	15:37:12
rafiki	221,90	410,135	265,65	15:37:21
zaifiki	260,434	59,368	478,483	15:37:36
dod	377,32	80,30	346,362	15:37:52
pazu	437,108	62,337	310,345	15:38:04
rafiki	169,481	144,485	129,469	15:38:16
kiki	452,340	69,372	464,324	15:38:34
domo	426,234	267,474	111,255	15:38:50
domod	466,478	276,56	18,132	15:39:06
reno	408,445	229,460	291,48	15:39:21
panzu	314,450	39,448	444,158	15:39:33
zaifiki	426,406	487,485	287,461	15:39:51
reno	318,222	204,95	206,305	15:40:04
mino	339,182	293,124	227,300	15:40:15
maikiki	246,145	254,464	114,55	15:40:28
maozu	22,418	15,51	375,449	15:40:42
zaifiki	198,311	364,195	305,161	15:40:55
miki	166,133	373,359	217,88	15:41:16
maikiki	174,65	259,456	179,476	15:41:33
pandu	266,414	130,30	388,233	15:41:52
dod	75,399	160,79	440,45	15:42:04
reno	38,147	345,391	332,160	15:42:10
panzu	62,487	282,424	355,489	15:42:25
domod	22,39	63,270	485,232	15:42:37
maikiki	256,260	155,375	280,52	15:42:56
domo	118,344	441,268	413,390	15:43:22
raifiki	302,440	47,157	341,368	15:43:38
kik	306,392	364,98	326,229	15:43:44
mino	96,337	257,149	117,251	15:44:01
kik	370,362	21,34	246,290	15:44:14
kik	76,354	143,27	131,65	15:44:26
raifiki	406,423	15,442	89,345	15:44:42
domod	320,384	247,193	472,82	15:45:04
raifiki	412,77	409,178	216,35	15:45:17
dod	419,95	386,430	119,142	15:45:29
mino	229,184	485,362	201,125	15:46:01
kikilauazu	378,66	476,26	67,446	15:46:29
panzu	417,116	57,421	68,136	15:46:51
pandu	481,276	233,350	84,71	15:47:34
pandu	426,423	364,28	288,289	15:48:02
kiki	38,52	169,43	449,129	15:48:10
kiki	216,252	446,25	421,196	15:49:26
kikiluazu	275,377	29,31	79,11	15:49:49
raikiki	81,309	251,67	325,308	15:50:49
kikki	103,481	77,21	168,282	15:50:59
zaikiki	45,97	367,420	36,475	15:51:47
kikki	22,315	93,245	174,166	15:52:03
raifikiki	305,109	99,178	127,376	15:52:35