maikiki	391,41	216,359	395,193	15:44:22	30
domod	486,420	466,135	48,26	15:40:50	16
zaifiki	77,378	218,284	101,337	15:43:56	28
maikiki	17,46	151,56	365,187	15:41:05	17
mino	451,398	119,210	123,346	15:43:31	26
kik	480,200	18,58	163,93	15:42:07	21
zaifiki	115,72	67,147	76,253	15:41:43	19
kik	23,28	369,459	24,30	15:45:21	34
maikiki	154,238	467,70	310,310	15:42:20	22
reno	47,391	148,373	38,126	15:39:00	8
domo	281,293	134,442	28,68	15:49:33	42
reno	196,412	444,339	304,208	15:49:54	43
maikiki	14,381	248,59	194,65	15:43:06	25
reno	302,153	253,50	22,320	15:40:33	15
zaifiki	254,421	291,307	450,150	15:40:12	13
mino	76,358	489,417	96,438	15:39:55	12
reno	94,322	203,172	357,266	15:39:37	11
reno	472,215	100,255	419,377	15:48:06	40
zaifiki	83,486	84,230	32,399	15:42:31	23
zaifiki	35,425	89,233	175,236	15:39:16	9
mino	44,216	18,283	221,415	15:41:58	20
domo	264,426	482,179	18,329	15:42:43	24
kikiluazu	50,230	454,95	53,165	15:47:54	39
pandu	67,215	473,407	217,122	15:48:19	41
kik	428,58	228,125	188,159	15:37:15	1
panzu	27,166	224,232	336,184	15:37:42	3
raikiki	436,397	257,297	167,38	15:44:09	29
zaifiki	237,152	242,200	252,74	15:38:23	6
panzu	348,115	438,274	26,142	15:45:12	33
panzu	163,62	52,204	431,228	15:46:34	37
mino	361,351	363,67	427,305	15:44:30	31
panzu	434,46	256,333	263,59	15:40:22	14
maikiki	328,478	105,100	94,196	15:47:02	38
pandu	43,236	379,412	248,230	15:46:12	36
mino	347,119	193,213	98,56	15:52:11	47
mino	437,319	434,366	263,222	15:51:04	45
kikki	340,30	42,217	206,132	15:44:50	32
domod	367,14	142,80	418,272	15:45:31	35
kik	288,255	363,115	201,424	15:39:28	10
pandu	165,353	21,269	375,230	15:41:27	18
kik	309,341	144,310	36,277	15:37:26	2
domod	149,207	426,247	34,439	15:51:57	46
zafiki	426,423	260,418	118,450	15:37:59	4
kik	89,154	125,240	275,406	15:50:55	44
panzu	430,321	167,177	252,84	15:43:42	27
reno	106,64	466,431	23,193	15:38:44	7
reno	215,192	480,472	474,272	15:52:39	48
rafiki	76,347	113,369	99,460	15:38:12	5