kiki	345,46	65,224	390,39	08:22:01
domod	420,49	16,263	424,287	08:22:13
raifiki	300,355	490,324	296,110	08:22:20
maozu	377,91	303,370	328,119	08:22:35
panzu	471,313	414,424	232,225	08:22:43
panzu	397,86	261,451	300,160	08:22:58
domod	480,230	199,486	483,132	08:23:14
kikki	282,292	477,281	126,282	08:23:19
raifiki	381,12	362,194	371,200	08:23:27
pazu	302,352	22,225	286,243	08:23:35
domo	440,192	319,210	153,129	08:23:48
kiki	360,142	348,68	137,340	08:24:04
mino	190,409	142,176	200,257	08:24:11
domd	447,90	259,319	273,140	08:24:23
domod	29,85	481,41	300,276	08:24:33
kiki	273,250	458,102	449,120	08:24:42
zaifiki	221,319	252,78	377,378	08:24:49
zaifiki	408,76	297,59	242,486	08:24:58
pazu	306,199	85,74	28,348	08:25:08
domo	203,46	423,194	76,232	08:25:12
mino	460,339	471,428	431,430	08:25:19
pazu	58,161	259,299	228,145	08:25:31
mino	187,145	211,473	194,443	08:25:47
dod	468,490	151,63	73,168	08:26:01
dodo	401,266	203,333	450,269	08:26:18
panzu	75,420	117,56	357,57	08:26:27
zaifiki	73,249	59,92	133,63	08:26:38
kikilauzo	23,486	248,276	339,444	08:26:47
kikki	220,290	121,166	230,324	08:26:57
kikilauzu	74,171	440,69	68,115	08:27:17
dodo	436,26	50,145	172,342	08:27:26
kikki	237,234	100,285	316,223	08:27:39
kikalouzo	338,328	219,95	114,68	08:27:56
domoo	48,324	347,159	479,86	08:28:07
dodo	472,62	247,422	121,304	08:28:29
kikaulozoo	47,66	320,87	201,481	08:28:46
kikkid	418,427	224,28	221,49	08:28:53
panzud	240,68	367,449	153,470	08:29:09
zaifikiki	26,191	303,363	339,291	08:29:33
dod	439,321	343,195	252,453	08:29:48
raikiki	489,288	29,318	364,219	08:29:58
dod	309,292	155,43	309,366	08:30:08
maozolo	82,59	424,438	17,86	08:30:19
minod	417,33	267,230	385,115	08:30:31
zaifikikki	31,334	425,363	39,187	08:30:48
doddo	326,37	465,344	345,339	08:30:59
duomo	73,164	141,218	196,439	08:31:16
kikkik	93,267	488,27	214,15	08:31:31