ziki	391,41	216,359	395,193	08:31:28	47
dodo	486,420	466,135	48,26	08:28:00	33
minod	77,378	218,284	101,337	08:30:56	45
kikki	17,46	151,56	365,187	08:24:40	15
panzu	451,398	119,210	123,346	08:24:08	12
kikki	480,200	18,58	163,93	08:27:20	30
mino	115,72	67,147	76,253	08:23:17	7
kikki	23,28	369,459	24,30	08:26:21	25
kiki	154,238	467,70	310,310	08:30:23	43
pazu	47,391	148,373	38,126	08:22:47	5
mino	281,293	134,442	28,68	08:26:32	26
domo	196,412	444,339	304,208	08:25:27	21
kiki	14,381	248,59	194,65	08:22:23	3
pazu	302,153	253,50	22,320	08:23:22	8
raifiki	254,421	291,307	450,150	08:27:33	31
zaifiki	76,358	489,417	96,438	08:25:57	23
panzu	94,322	203,172	357,266	08:25:10	19
maozulo	472,215	100,255	419,377	08:29:18	38
pazu	83,486	84,230	32,399	08:22:08	1
mino	35,425	89,233	175,236	08:24:30	14
panzu	44,216	18,283	221,415	08:26:54	28
domod	264,426	482,179	18,329	08:27:05	29
kikki	50,230	454,95	53,165	08:26:10	24
kikilauzu	67,215	473,407	217,122	08:23:08	6
minod	428,58	228,125	188,159	08:28:49	36
raifiki	27,166	224,232	336,184	08:26:41	27
zaifiki	436,397	257,297	167,38	08:24:00	11
kikki	237,152	242,200	252,74	08:27:44	32
raifiki	348,115	438,274	26,142	08:24:20	13
panzu	163,62	52,204	431,228	08:23:32	9
pazu	361,351	363,67	427,305	08:30:35	44
raifiki	434,46	256,333	263,59	08:23:44	10
dod	328,478	105,100	94,196	08:25:17	20
raifiki	43,236	379,412	248,230	08:28:21	34
panzu	347,119	193,213	98,56	08:24:45	16
mino	437,319	434,366	263,222	08:25:00	18
kiki	340,30	42,217	206,132	08:31:05	46
zaikiki	367,14	142,80	418,272	08:30:02	41
kikki	288,255	363,115	201,424	08:22:37	4
raikiki	165,353	21,269	375,230	08:29:41	39
kikki	309,341	144,310	36,277	08:25:34	22
mino	149,207	426,247	34,439	08:29:01	37
dod	426,423	260,418	118,450	08:29:51	40
maozolu	89,154	125,240	275,406	08:28:35	35
domo	430,321	167,177	252,84	08:22:16	2
mino	106,64	466,431	23,193	08:30:11	42
dodo	215,192	480,472	474,272	08:31:35	48
kiki	76,347	113,369	99,460	08:24:54	17