fomokapi	353,393	429,203	429,414
fidipofu	339,98	359,430	51,20
mudokoda	245,64	402,403	204,280
pizi	485,394	277,201	112,445
kikizufi	199,49	363,306	433,123
dopufafu	401,309	75,202	303,71
dozapimu	351,24	191,397	255,94
mufa	283,180	91,359	367,365
zizi	66,471	439,132	261,440
pupamima	235,78	72,206	392,422
moku	97,260	266,193	177,71
pomopu	314,132	56,224	270,480
dimumoda	25,231	132,198	459,362
mazakako	107,74	143,365	22,490
pupa	445,451	370,191	283,70
kako	199,329	381,413	38,175
zopu	333,57	323,415	297,484
fumi	90,490	484,215	97,347
kukipu	257,359	245,349	16,327
fimi	263,158	329,366	55,364
pafika	161,399	168,141	28,225
kodumifa	219,217	414,191	140,273
pizokupa	79,76	106,16	362,448
komi	59,307	229,355	392,84
midifafa	286,171	333,404	338,289
kukuzofo	314,190	320,112	190,147
dizu	418,409	463,371	85,428
puzofo	148,229	87,306	222,401
dazokipa	130,418	33,169	310,72
podumo	146,288	353,110	449,409
kipa	73,125	359,446	66,243
duzafi	11,37	293,443	456,489
zufo	454,459	222,64	203,120
fapo	104,154	365,13	367,164
dafodido	257,365	352,457	112,197
dufima	341,174	251,256	95,349
mako	477,53	78,230	320,194
fazifo	27,354	110,460	472,394
pofofo	296,176	253,93	196,80
fizudizo	474,176	36,135	65,306
kapapu	366,51	182,16	428,48
fimukafu	213,225	426,257	63,376
zufudo	100,166	209,57	376,484
dokifi	368,175	76,276	144,484
pozadoka	38,214	445,365	481,429
kuko	327,25	118,49	295,421
kimu	270,182	207,269	68,480
fokumo	128,349	54,55	92,171