pupo	374,262	167,225	204,134
pafakozi	142,279	73,314	410,337
mizifa	343,270	351,488	232,150
pifi	379,68	171,394	292,359
mazapiki	202,312	228,89	293,366
pozapo	309,373	226,340	35,401
kuzofika	440,194	215,138	446,136
kozakaka	217,135	274,126	275,352
zufuzi	407,421	159,217	219,31
dakupado	390,307	336,304	190,461
mami	140,62	306,334	401,199
komumizi	42,94	451,424	302,182
zakoka	396,164	41,227	300,404
fikomoki	182,414	305,425	378,138
pafuko	196,277	36,45	337,351
pukimapa	385,38	153,304	27,295
fidopiko	333,138	76,447	329,295
pupadu	114,399	187,175	196,417
dadofa	412,163	20,350	116,432
kizopoki	384,222	150,254	197,150
zokozada	484,403	286,169	24,293
kadafo	148,359	47,115	389,176
fopu	441,351	476,132	207,366
mazoza	112,412	272,251	278,136
dupuzapu	87,407	13,421	325,69
papi	388,472	61,365	23,175
dami	239,159	98,202	435,213
fuko	181,359	303,458	255,332
pozupuka	384,375	288,350	231,123
zado	301,465	82,312	267,239
zififa	315,159	357,406	21,417
mupiku	174,33	228,276	393,461
zomidi	392,306	86,288	249,399
dozomudi	21,161	92,471	79,22
pufado	377,419	42,208	252,255
fadapifu	296,106	118,279	152,395
kamapa	220,408	12,211	337,15
pimakuki	480,30	411,36	75,193
dumakomi	392,274	267,251	310,200
mipizu	474,303	131,150	97,43
pidu	120,252	130,466	490,179
mudo	271,414	177,268	74,363
duzipu	57,109	197,457	475,96
fapiku	231,78	301,54	200,392
difumoza	128,13	367,255	115,188
pozimu	191,347	414,281	409,103
zikipuzu	341,322	351,225	40,332
zafu	47,259	52,143	25,341
mazoki	338,16	331,108	185,169
pozada	349,14	78,144	187,173