kumi	77,198	403,115	88,154
fikamidu	481,165	218,27	216,164
muzumo	200,473	360,447	69,387
fapo	96,223	378,49	40,343
pikozo	441,283	426,336	332,438
mizu	39,87	188,68	466,14
mamukaka	145,209	455,30	291,489
dami	115,235	329,456	468,207
madopo	332,63	43,48	420,324
fikomi	212,412	155,124	346,293
dufidi	336,409	488,433	214,112
fumi	111,257	453,97	408,289
kidu	103,226	225,136	66,99
kadodizu	74,56	343,152	432,241
zama	97,418	350,214	23,14
pikufapu	20,266	292,199	377,364
dapo	334,413	482,134	307,30
zikuku	273,449	229,165	411,172
pupazika	115,102	464,93	236,98
dupa	443,378	24,415	104,68
duma	117,284	77,225	14,426
zozuda	361,455	427,469	404,126
mudafi	455,240	196,40	360,313
zizuda	95,121	81,463	22,425
zupamofu	451,434	171,487	92,344
komo	87,426	356,360	479,18
fupipa	16,56	394,423	172,69
zokimi	210,115	286,206	378,351
dukifuda	213,85	410,403	40,12
fifu	90,406	201,132	349,459
zimapodu	220,23	479,72	383,278
zodu	489,437	327,60	389,232
dopika	402,479	396,461	58,378
dapoma	174,162	149,306	121,98
dukopado	489,462	44,113	433,301
fafopomi	474,197	155,43	24,297
mamumiki	398,192	293,246	29,85
fokidika	480,315	471,285	258,15
dufipi	98,25	334,124	39,483
mamo	374,379	317,273	375,58
fofikofo	153,429	19,319	423,61
dikapizo	437,205	280,421	185,337
kukaka	283,235	422,309	388,218
dopimufa	397,134	113,399	179,93
zaduko	281,277	51,269	352,362
zoza	269,389	335,481	338,221
piko	463,418	52,200	251,81
fapapa	490,16	318,392	190,72
dumapiko	150,372	189,176	212,194
pamifu	26,54	152,381	80,452