pikozipa	261,155	357,165	411,106
mizu	227,367	384,430	81,151
zidudupo	378,444	298,111	472,389
zaduzu	422,310	165,326	138,12
pupadiza	42,339	330,308	137,135
fofa	441,352	405,438	470,136
modapu	427,207	23,127	462,74
mazifuku	349,26	98,150	165,57
domo	129,18	57,417	484,259
kofofufo	120,404	333,92	238,424
dafapu	70,217	45,86	211,101
fakimafu	164,131	412,30	289,413
pazozu	23,349	393,250	301,353
duzo	215,142	46,375	338,200
zoku	152,52	331,293	446,382
zazo	261,285	194,262	159,170
mipo	32,75	380,444	311,65
dafa	372,371	381,388	211,318
zapadumu	383,309	201,117	479,136
fokikudo	234,271	300,446	18,459
mumopuda	425,488	272,174	137,416
dizo	68,174	240,48	214,146
doziku	123,119	320,187	221,268
kazo	441,55	313,359	399,221
ziku	301,121	192,362	68,164
zupiza	192,228	119,170	283,450
fifufa	197,196	137,284	470,298
pududomu	16,450	470,89	121,16
kimipu	61,326	282,218	326,363
dofu	144,344	417,165	129,438
mipumo	33,122	416,253	354,90
mapuza	357,153	88,48	371,315
kukuka	471,57	462,118	394,402
dokuda	293,208	26,165	102,123
dozimu	294,295	391,403	28,419
kokadupu	355,430	225,62	276,119
fipi	46,326	417,162	70,40
fadipo	46,388	246,465	233,90
kafapa	191,310	100,261	413,172
kamapuko	458,72	68,469	147,443
fafa	362,173	428,344	99,81
fudamufi	461,65	210,418	122,110
pomuka	461,243	237,280	337,74
dududupa	287,312	468,213	266,384
mopuduzu	245,54	226,191	220,136
mumo	397,107	376,481	218,118
kadopifo	463,284	89,128	237,259
zadupofu	346,221	131,415	192,410
zimuka	469,183	455,325	238,332
fukopo	467,337	428,370	378,276