zimiki	213,237	445,182	459,266	12:08:02
momomo	259,459	82,276	15,242	12:08:09
duma	411,385	66,483	217,187	12:08:13
duma	377,421	328,283	12,346	12:08:18
zuma	25,261	141,458	61,52	12:08:27
zimi	384,264	278,339	435,247	12:08:32
momommo	115,203	216,186	469,220	12:08:37
duma	417,389	115,473	381,321	12:08:41
zwacki	169,268	252,487	61,253	12:08:48
mama	342,75	23,473	42,74	12:08:52
zuma	34,416	327,302	264,271	12:08:55
musiki	58,369	464,264	64,442	12:09:01
musiki	473,471	341,98	453,232	12:09:07
zimi	408,132	489,169	128,60	12:09:11
mama	411,460	124,424	442,156	12:09:14
zimikiminini	487,466	82,324	278,336	12:09:24
zimi	105,326	214,78	99,268	12:09:29
musiku	30,81	248,360	169,211	12:09:33
zuma	101,86	333,100	245,450	12:09:39
mama	149,166	420,263	99,371	12:09:44
zimiki	408,96	347,479	410,134	12:09:49
zimikiminini	324,24	449,48	92,57	12:09:57
zimiki	305,111	128,63	461,286	12:10:10
musiki	263,72	362,105	162,117	12:10:18
musiku	65,300	272,474	72,361	12:10:29
zimikimu	355,470	447,212	458,366	12:10:37
zimu	467,196	489,166	123,64	12:11:03
zwacki	335,292	379,294	329,461	12:11:08
momomo	341,144	82,459	196,52	12:11:22
momomo	254,449	114,126	64,265	12:11:28
zimikiminini	232,118	74,13	102,136	12:11:51
kzimu	341,260	247,440	133,177	12:12:04
musiku	299,122	78,479	347,370	12:12:11
zimikinu	345,388	325,481	331,370	12:12:23
ziminini	61,268	254,316	296,17	12:12:38
zwacki	260,273	203,258	428,315	12:12:52
zikimi	312,278	84,68	228,207	12:13:04
kzimi	235,36	318,303	25,175	12:13:35
zukimi	364,447	115,320	168,83	12:13:44
kizuku	196,13	365,85	297,204	12:13:50
zimikimi	55,147	338,126	115,43	12:14:01
kziki	168,359	481,271	475,54	12:14:18
kisimi	46,216	162,110	219,254	12:14:27
momommo	235,92	210,340	402,368	12:14:37
kzuki	413,107	370,288	181,177	12:14:50
momommo	482,225	313,329	341,418	12:14:59
zimiku	361,18	287,352	279,271	12:15:31
kzimo	182,359	73,17	350,393	12:15:36