mama	391,41	216,359	395,193	12:09:42	19
mama	486,420	466,135	48,26	12:14:51	45
zimiki	77,378	218,284	101,337	12:08:58	11
musiki	17,46	151,56	365,187	12:11:05	27
zuma	451,398	119,210	123,346	12:08:42	8
musiki	480,200	18,58	163,93	12:09:31	17
wacki	115,72	67,147	76,253	12:10:45	26
zimi	23,28	369,459	24,30	12:10:03	22
kizimu	154,238	467,70	310,310	12:14:32	43
zwacki	47,391	148,373	38,126	12:09:52	21
kzuki	281,293	134,442	28,68	12:13:38	38
zwacki	196,412	444,339	304,208	12:10:32	25
zukini	14,381	248,59	194,65	12:13:45	39
duma	302,153	253,50	22,320	12:08:53	10
zwacki	254,421	291,307	450,150	12:11:56	31
zimikimi	76,358	489,417	96,438	12:12:26	34
zuma	94,322	203,172	357,266	12:09:13	14
kziki	472,215	100,255	419,377	12:12:07	32
zimikiminini	83,486	84,230	32,399	12:14:05	41
kzumi	35,425	89,233	175,236	12:15:34	47
kzuki	44,216	18,283	221,415	12:12:44	35
zuma	264,426	482,179	18,329	12:08:15	3
zimikimini	50,230	454,95	53,165	12:08:24	4
momommo	67,215	473,407	217,122	12:11:26	29
zikimi	428,58	228,125	188,159	12:13:06	37
zuma	27,166	224,232	336,184	12:09:27	16
mama	436,397	257,297	167,38	12:08:34	6
ziminini	237,152	242,200	252,74	12:15:49	48
mama	348,115	438,274	26,142	12:14:40	44
zwacki	163,62	52,204	431,228	12:10:14	23
zimini	361,351	363,67	427,305	12:10:23	24
mama	434,46	256,333	263,59	12:09:35	18
musiku	328,478	105,100	94,196	12:09:04	12
zimiki	43,236	379,412	248,230	12:13:57	40
kziku	347,119	193,213	98,56	12:14:21	42
zimi	437,319	434,366	263,222	12:08:06	1
musiki	340,30	42,217	206,132	12:11:32	30
mama	367,14	142,80	418,272	12:08:11	2
zwacki	288,255	363,115	201,424	12:12:16	33
mama	165,353	21,269	375,230	12:09:46	20
zimi	309,341	144,310	36,277	12:08:29	5
mama	149,207	426,247	34,439	12:08:38	7
zimi	426,423	260,418	118,450	12:08:50	9
zimikiminini	89,154	125,240	275,406	12:09:20	15
musiki	430,321	167,177	252,84	12:15:04	46
duma	106,64	466,431	23,193	12:09:09	13
zuma	215,192	480,472	474,272	12:12:55	36
mama	76,347	113,369	99,460	12:11:12	28