dumozizu	296,24	78,148	26,473	16:33:00
mumimi	177,79	474,337	26,469	16:33:08
mumu	55,161	340,303	162,282	16:33:17
zipa	200,315	287,468	50,151	16:33:27
kaka	376,216	484,94	116,395	16:33:36
mumoma	477,401	409,65	59,424	16:33:44
zukipa	48,225	13,32	72,28	16:33:53
kiki	490,117	178,340	409,330	16:33:58
zakuku	132,119	154,409	96,194	16:34:04
muzomo	70,461	399,63	64,24	16:34:12
zumoki	448,51	415,366	106,463	16:34:21
zimo	300,143	198,302	165,259	16:34:28
mozu	319,164	365,487	14,284	16:34:37
mazako	326,136	392,470	55,477	16:34:47
zukima	173,114	448,82	166,21	16:34:54
kimazu	95,124	61,20	479,157	16:35:01
zumimi	473,289	290,180	100,444	16:35:07
mumo	429,409	118,303	405,121	16:35:12
zizku	97,241	247,478	221,291	16:35:18
zimaku	465,384	394,422	455,70	16:35:33
pizizu	432,60	183,483	69,172	16:35:45
zizimo	149,51	450,428	221,59	16:35:57
zamu	382,159	457,489	452,372	16:36:05
kamizo	119,58	122,355	46,332	16:36:13
zumika	156,20	225,59	431,190	16:36:21
zumi	118,373	239,290	366,297	16:36:26
muzu	162,286	262,179	64,289	16:36:30
zumazu	392,232	106,175	137,78	16:36:41
momo	267,204	125,243	407,427	16:36:49
zimu	55,151	367,122	229,426	16:36:55
zomi	102,176	387,464	424,203	16:37:01
zamozo	409,95	479,180	264,52	16:37:09
kima	459,165	274,74	330,401	16:37:15
kakamo	141,106	114,256	338,31	16:37:20
mamazo	192,382	171,69	14,390	16:37:25
mikazi	485,106	76,381	80,489	16:37:31
mizamo	94,478	94,83	168,348	16:37:41
mozomo	125,136	22,388	199,341	16:37:49
zimo	299,330	436,403	96,284	16:37:54
zimoko	423,277	176,104	336,180	16:38:01
zimozo	483,330	275,69	221,344	16:38:08
zomozo	68,304	332,151	376,489	16:38:15
mazoko	489,490	134,20	388,323	16:38:21
kazomo	351,197	163,296	109,248	16:38:28
zimipiko	90,41	35,255	135,360	16:38:36
zimokopo	424,128	200,209	186,410	16:38:44
papazo	63,243	224,384	384,110	16:38:52
mizo	382,382	110,26	391,488	16:38:57