makizu	391,41	216,359	395,193	16:36:45	28
zuzu	486,420	466,135	48,26	16:36:28	26
mazuki	77,378	218,284	101,337	16:36:23	25
zumu	17,46	151,56	365,187	16:33:32	4
mikozo	451,398	119,210	123,346	16:39:01	48
mizo	480,200	18,58	163,93	16:38:24	43
zimo	115,72	67,147	76,253	16:38:48	46
zumi	23,28	369,459	24,30	16:36:09	23
mamopu	154,238	467,70	310,310	16:35:42	20
koko	47,391	148,373	38,126	16:37:59	39
zimoka	281,293	134,442	28,68	16:36:57	30
mumima	196,412	444,339	304,208	16:34:51	14
pikozo	14,381	248,59	194,65	16:38:40	45
zimoko	302,153	253,50	22,320	16:38:31	44
zupazo	254,421	291,307	450,150	16:33:05	1
zukazo	76,358	489,417	96,438	16:37:28	35
kuzu	94,322	203,172	357,266	16:34:00	8
zazazu	472,215	100,255	419,377	16:34:58	15
kizizu	83,486	84,230	32,399	16:33:24	3
mizamo	35,425	89,233	175,236	16:36:02	22
zimokiki	44,216	18,283	221,415	16:36:52	29
mozumi	264,426	482,179	18,329	16:37:36	36
pamazu	50,230	454,95	53,165	16:36:34	27
zumaka	67,215	473,407	217,122	16:35:04	16
zizi	428,58	228,125	188,159	16:33:56	7
ziziz	27,166	224,232	336,184	16:37:11	32
zupapa	436,397	257,297	167,38	16:33:38	5
maziki	237,152	242,200	252,74	16:36:16	24
zimokoko	348,115	438,274	26,142	16:38:05	40
zamomo	163,62	52,204	431,228	16:34:09	9
kizimo	361,351	363,67	427,305	16:34:26	11
zipazu	434,46	256,333	263,59	16:33:13	2
kizo	328,478	105,100	94,196	16:38:17	42
makazo	43,236	379,412	248,230	16:38:55	47
mikimo	347,119	193,213	98,56	16:37:52	38
kiki	437,319	434,366	263,222	16:35:09	17
zizi	340,30	42,217	206,132	16:37:43	37
kaki	367,14	142,80	418,272	16:34:35	12
kimapu	288,255	363,115	201,424	16:33:48	6
zumaki	165,353	21,269	375,230	16:35:49	21
komo	309,341	144,310	36,277	16:35:31	19
mukaka	149,207	426,247	34,439	16:34:16	10
komizo	426,423	260,418	118,450	16:38:11	41
zikazu	89,154	125,240	275,406	16:35:15	18
zimo	430,321	167,177	252,84	16:37:17	33
kiki	106,64	466,431	23,193	16:37:05	31
zimazu	215,192	480,472	474,272	16:34:42	13
ziku	76,347	113,369	99,460	16:37:22	34