zumiko	128,22	307,283	211,147	10:36:19
mumimo	431,25	448,251	23,14	10:36:40
mazumu	187,316	484,109	412,472	10:36:59
zapiko	64,287	140,100	300,284	10:37:23
mizo	443,317	165,236	266,224	10:37:45
zumiko	371,384	236,188	176,436	10:38:06
zumikimo	324,116	450,282	356,463	10:38:24
mazumo	286,53	288,279	152,210	10:38:41
zumo	261,205	486,391	295,296	10:39:01
kaka	116,137	455,282	161,50	10:39:20
mumozi	184,247	123,339	473,378	10:39:52
doku	73,353	271,298	51,436	10:40:13
mimiza	244,365	62,204	157,408	10:40:25
momimo	176,432	450,453	221,111	10:40:35
zimo	172,472	306,168	372,110	10:40:45
ziko	453,66	347,85	394,329	10:40:59
mizo	400,372	260,485	322,67	10:41:20
zukaka	24,331	66,475	353,451	10:41:37
zakuka	205,113	222,406	239,162	10:41:54
mamazo	453,456	192,233	264,233	10:42:18
zomomo	179,17	107,230	210,253	10:42:32
mazoma	148,375	194,107	338,405	10:42:47
zapimo	208,19	386,24	177,267	10:43:07
zamimi	124,139	323,461	214,226	10:43:16
duma	300,176	192,482	399,445	10:43:25
zamoku	91,449	125,224	350,154	10:43:57
mizo	205,455	281,169	246,432	10:44:05
miza	209,155	314,458	150,145	10:44:13
momoza	35,164	465,90	148,328	10:44:26
zima	224,87	452,320	307,171	10:44:54
mazomi	51,343	430,262	258,179	10:45:30
zakopi	413,338	137,47	72,477	10:46:01
zumoku	83,445	56,266	61,383	10:46:36
momomi	191,267	441,462	425,197	10:47:04
kaka	403,144	342,226	112,481	10:47:27
zuma	360,136	154,335	216,292	10:47:37
zapiko	181,259	392,76	273,78	10:48:15
mikizo	172,257	144,112	28,391	10:48:35
mapiko	280,431	239,407	468,300	10:48:46
zuniko	332,386	206,164	357,410	10:49:25
mazomi	393,169	77,344	140,11	10:49:54
zuzuma	50,53	145,382	268,246	10:50:03
zopa	380,166	95,82	157,484	10:50:24
mamimo	37,371	81,478	200,377	10:50:39
muzimo	158,272	331,204	48,382	10:50:58
zima	96,218	151,477	283,414	10:51:14
kiki	64,125	310,260	279,176	10:51:26
momoma	180,169	332,265	240,479	10:51:41