zomomi	391,41	216,359	395,193	10:44:45	29
zakuku	486,420	466,135	48,26	10:37:14	3
muzomi	77,378	218,284	101,337	10:46:11	32
zamiko	17,46	151,56	365,187	10:51:35	47
kiki	451,398	119,210	123,346	10:38:28	7
miza	480,200	18,58	163,93	10:41:44	18
zakuku	115,72	67,147	76,253	10:42:20	20
zima	23,28	369,459	24,30	10:39:59	11
zakimo	154,238	467,70	310,310	10:48:27	37
mamozi	47,391	148,373	38,126	10:41:33	17
muzima	281,293	134,442	28,68	10:51:47	48
muzika	196,412	444,339	304,208	10:51:08	45
mumo	14,381	248,59	194,65	10:50:30	43
mamizo	302,153	253,50	22,320	10:43:12	23
miza	254,421	291,307	450,150	10:43:20	24
doki	76,358	489,417	96,438	10:40:18	12
mazuko	94,322	203,172	357,266	10:37:37	4
mamo	472,215	100,255	419,377	10:50:49	44
mazimo	83,486	84,230	32,399	10:48:42	38
mizaza	35,425	89,233	175,236	10:44:21	28
zimomu	44,216	18,283	221,415	10:46:45	33
mumo	264,426	482,179	18,329	10:47:31	35
momu	50,230	454,95	53,165	10:37:56	5
mumoza	67,215	473,407	217,122	10:42:37	21
mazoku	428,58	228,125	188,159	10:36:29	1
zapika	27,166	224,232	336,184	10:42:56	22
kiki	436,397	257,297	167,38	10:40:48	15
domipika	237,152	242,200	252,74	10:42:10	19
zimumu	348,115	438,274	26,142	10:47:21	34
mumimo	163,62	52,204	431,228	10:38:11	6
mazopa	361,351	363,67	427,305	10:45:39	31
zumomo	434,46	256,333	263,59	10:49:44	40
mizo	328,478	105,100	94,196	10:39:10	9
zakiku	43,236	379,412	248,230	10:39:39	10
zakumi	347,119	193,213	98,56	10:50:19	42
kiki	437,319	434,366	263,222	10:44:08	27
zamoki	340,30	42,217	206,132	10:44:02	26
makozu	367,14	142,80	418,272	10:41:15	16
mumizo	288,255	363,115	201,424	10:47:56	36
makimi	165,353	21,269	375,230	10:43:50	25
zupiko	309,341	144,310	36,277	10:36:47	2
pikama	149,207	426,247	34,439	10:45:17	30
makizo	426,423	260,418	118,450	10:49:59	41
mizo	89,154	125,240	275,406	10:38:44	8
kaka	430,321	167,177	252,84	10:51:22	46
mumiza	106,64	466,431	23,193	10:40:40	14
zukini	215,192	480,472	474,272	10:49:11	39
mokiko	76,347	113,369	99,460	10:40:32	13