zumiko	256,67	63,141	448,452	08:31:15
ziko	304,355	48,443	42,460	08:31:31
duma	352,201	254,308	420,452	08:31:49
zumo	111,418	25,117	272,181	08:32:01
kaka	393,274	138,179	476,371	08:32:16
zumiko	488,242	427,61	373,384	08:32:26
mizo	22,187	249,60	139,281	08:32:43
zukaka	29,481	471,272	299,401	08:32:59
duma	234,399	329,249	26,110	08:33:18
zukaka	419,409	374,67	98,359	08:33:37
mazaku	427,95	110,364	146,473	08:34:12
mizo	311,193	458,289	289,278	08:34:35
zimimi	257,158	169,16	207,297	08:34:49
kiki	182,415	203,404	413,66	08:35:15
zuma	461,181	40,322	48,166	08:35:33
kaka	378,362	155,127	206,264	08:35:48
mukazu	254,36	19,77	196,195	08:36:00
zima	163,17	378,131	295,177	08:36:10
makazu	398,467	102,111	381,24	08:36:34
duma	167,351	195,196	182,232	08:36:51
momomo	351,70	104,16	186,299	08:37:07
mikimo	269,429	325,278	16,31	08:37:23
mikizo	463,168	37,351	288,321	08:37:41
mizo	37,196	298,128	296,188	08:37:55
zikimo	142,452	49,326	158,221	08:38:08
zimomo	68,19	280,161	24,455	08:38:28
momozo	286,226	288,267	488,96	08:38:57
kaka	450,283	394,284	71,399	08:39:31
zimomo	177,231	485,15	470,21	08:39:56
kimomo	305,43	76,331	384,354	08:40:26
mikizo	162,410	59,450	48,345	08:40:44
zimimi	147,180	307,186	15,454	08:40:55
muzimo	396,72	462,185	222,476	08:41:12
makizo	150,182	268,53	455,329	08:41:44
mamzu	115,398	420,478	455,27	08:41:59
mozu	346,392	112,446	265,247	08:42:24
mizimo	428,32	394,107	37,111	08:42:39
zumimo	394,313	326,191	89,323	08:42:55
maziko	277,256	64,271	260,43	08:43:12
mikizo	282,365	431,211	352,396	08:43:32
kamizo	228,208	297,329	164,72	08:44:05
maku	86,102	94,470	198,121	08:44:44
zumizo	441,270	361,27	111,255	08:45:00
momomo	90,101	423,406	282,22	08:45:32
mamuzo	370,262	175,419	221,212	08:45:56
zumiko	274,358	382,90	54,386	08:46:16
zuko	53,439	448,25	134,180	08:46:45
zumo	490,273	351,268	315,316	08:47:08