muzimo	391,41	216,359	395,193	08:41:53	34
mikimo	486,420	466,135	48,26	08:36:46	19
miko	77,378	218,284	101,337	08:38:16	25
mamomo	17,46	151,56	365,187	08:40:50	31
zumo	451,398	119,210	123,346	08:43:45	40
zimo	480,200	18,58	163,93	08:35:54	16
duma	115,72	67,147	76,253	08:32:50	7
kaka	23,28	369,459	24,30	08:46:21	46
zumo	154,238	467,70	310,310	08:39:15	27
zumo	47,391	148,373	38,126	08:33:09	8
makazu	281,293	134,442	28,68	08:34:45	12
mozimo	196,412	444,339	304,208	08:47:01	47
mazumo	14,381	248,59	194,65	08:32:12	4
mizo	302,153	253,50	22,320	08:36:20	18
mikizo	254,421	291,307	450,150	08:36:56	20
doma	76,358	489,417	96,438	08:42:32	36
zumomo	94,322	203,172	357,266	08:38:44	26
mizo	472,215	100,255	419,377	08:35:39	15
zumimo	83,486	84,230	32,399	08:47:15	48
mazuma	35,425	89,233	175,236	08:35:10	13
mazuma	44,216	18,283	221,415	08:37:51	23
momozo	264,426	482,179	18,329	08:32:38	6
mazuma	50,230	454,95	53,165	08:33:49	10
mamazu	67,215	473,407	217,122	08:41:20	33
kaka	428,58	228,125	188,159	08:32:20	5
mimizo	27,166	224,232	336,184	08:40:33	30
moziko	436,397	257,297	167,38	08:33:25	9
zumomo	237,152	242,200	252,74	08:39:45	28
makazu	348,115	438,274	26,142	08:38:02	24
mikazu	163,62	52,204	431,228	08:35:25	14
momoza	361,351	363,67	427,305	08:31:24	1
momozo	434,46	256,333	263,59	08:31:53	3
zumika	328,478	105,100	94,196	08:31:45	2
zumomo	43,236	379,412	248,230	08:45:51	44
makazu	347,119	193,213	98,56	08:36:06	17
mizo	437,319	434,366	263,222	08:42:59	38
mazumo	340,30	42,217	206,132	08:44:21	41
zumomo	367,14	142,80	418,272	08:37:34	22
momomo	288,255	363,115	201,424	08:43:22	39
zumiko	165,353	21,269	375,230	08:41:05	32
zimiko	309,341	144,310	36,277	08:45:20	43
zumiko	149,207	426,247	34,439	08:34:19	11
doma	426,423	260,418	118,450	08:44:47	42
zimimi	89,154	125,240	275,406	08:42:43	37
miziko	430,321	167,177	252,84	08:46:05	45
muza	106,64	466,431	23,193	08:40:13	29
momoza	215,192	480,472	474,272	08:37:13	21
ziko	76,347	113,369	99,460	08:42:14	35