duma	223,273	355,13	167,81	14:11:57
zimiko	382,244	444,297	318,450	14:12:08
duma	254,482	166,149	318,191	14:12:31
momomo	386,165	405,212	167,142	14:12:57
mikizo	450,82	106,225	216,331	14:13:15
kaka	108,111	162,82	425,259	14:13:30
mikizo	418,465	365,92	156,408	14:13:53
zimomo	80,83	132,82	182,479	14:14:14
zikaka	91,222	145,146	398,470	14:14:21
duma	105,130	252,449	132,409	14:14:33
mizu	40,24	163,473	310,470	14:14:41
zimimi	432,74	461,108	212,288	14:14:50
mikizi	288,108	443,203	309,119	14:15:04
kaka	334,390	330,469	45,237	14:15:09
mikaka	448,140	357,210	98,479	14:15:22
mikizi	128,128	12,280	110,312	14:15:37
zimu	259,52	375,229	149,97	14:15:56
kaka	27,427	194,459	139,13	14:16:03
zimiku	87,463	392,407	441,427	14:16:14
mikizu	153,399	77,20	118,165	14:16:26
momomo	488,236	282,490	25,381	14:16:30
zimo	312,274	423,197	12,81	14:16:39
miziku	283,29	18,467	478,146	14:16:53
miziku	470,74	119,372	471,70	14:17:07
zimomo	309,134	458,375	143,86	14:17:31
mikizu	135,154	342,331	452,443	14:17:43
zimomo	428,411	35,43	146,241	14:18:03
zuma	49,141	311,320	140,325	14:18:17
momomo	211,442	109,143	148,110	14:18:28
zikaka	364,243	341,36	314,276	14:18:57
zimu	285,241	250,159	323,396	14:19:11
makaza	77,393	468,199	464,160	14:19:32
mizu	214,421	129,221	397,116	14:19:45
zikiki	357,377	180,466	258,160	14:19:54
mizuko	45,76	283,12	441,416	14:20:06
mizuko	88,479	66,388	309,196	14:20:15
zikaka	223,29	147,321	162,284	14:20:21
mokaka	421,366	214,59	97,121	14:20:27
mikizu	164,443	487,333	419,255	14:21:00
modazi	187,109	303,39	430,264	14:21:23	originally "rightangletriangle"
mizu	483,453	320,275	455,271	14:21:36
mukaka	200,52	259,256	430,78	14:21:46
zukima	441,162	97,98	473,248	14:21:56
zikimo	371,403	123,95	451,210	14:22:19
zikomu	206,125	162,202	448,91	14:22:31
zkaka	446,440	53,276	224,18	14:22:42
mizimu	56,414	59,305	179,478	14:22:47
mizumo	372,130	150,458	217,132	14:23:10