zikimu	391,41	216,359	395,193	14:22:28	44
zimiko	486,420	466,135	48,26	14:13:04	4
mukaka	77,378	218,284	101,337	14:19:37	32
zimiku	17,46	151,56	365,187	14:16:45	22
zimomo	451,398	119,210	123,346	14:21:05	39
duma	480,200	18,58	163,93	14:14:53	12
mikaka	115,72	67,147	76,253	14:21:52	42
momomo	23,28	369,459	24,30	14:16:05	18
zukumo	154,238	467,70	310,310	14:20:10	35
duma	47,391	148,373	38,126	14:13:57	7
mikiki	281,293	134,442	28,68	14:15:49	16
zuma	196,412	444,339	304,208	14:18:15	27
zikiki	14,381	248,59	194,65	14:12:02	1
zikaka	302,153	253,50	22,320	14:21:42	41
duma	254,421	291,307	450,150	14:22:51	47
momomo	76,358	489,417	96,438	14:13:26	5
zimaku	94,322	203,172	357,266	14:22:10	43
duma	472,215	100,255	419,377	14:14:44	11
kaka	83,486	84,230	32,399	14:17:10	24
mikizu	35,425	89,233	175,236	14:17:47	26
zikaka	44,216	18,283	221,415	14:20:25	37
zimomo	264,426	482,179	18,329	14:18:24	28
miziko	50,230	454,95	53,165	14:20:02	34
mozomu	67,215	473,407	217,122	14:16:56	23
miziki	428,58	228,125	188,159	14:19:05	30
zikuma	27,166	224,232	336,184	14:15:15	14
zikuma	436,397	257,297	167,38	14:19:50	33
zimiko	237,152	242,200	252,74	14:12:22	2
zikaka	348,115	438,274	26,142	14:13:43	6
zikaka	163,62	52,204	431,228	14:22:44	46
duma	361,351	363,67	427,305	14:14:16	8
zimiko	434,46	256,333	263,59	14:12:41	3
duma	328,478	105,100	94,196	14:22:34	45
duma	43,236	379,412	248,230	14:16:28	20
duma	347,119	193,213	98,56	14:15:06	13
duma	437,319	434,366	263,222	14:16:00	17
duma	340,30	42,217	206,132	14:15:25	15
zimomo	367,14	142,80	418,272	14:17:34	25
mikuza	288,255	363,115	201,424	14:20:38	38
zimu	165,353	21,269	375,230	14:16:37	21
zikaka	309,341	144,310	36,277	14:20:19	36
mizumi	149,207	426,247	34,439	14:23:14	48
kaka	426,423	260,418	118,450	14:18:53	29
zuma	89,154	125,240	275,406	14:21:32	40
mizu	430,321	167,177	252,84	14:19:15	31
zimama	106,64	466,431	23,193	14:14:30	9
mizo	215,192	480,472	474,272	14:14:38	10
duma	76,347	113,369	99,460	14:16:17	19