momomo	377,37	54,36	313,395	11:26:34
zimu	133,211	295,195	57,309	11:26:41
mizumo	459,208	257,294	173,234	11:26:54
mukaka	371,384	309,235	185,479	11:27:09
zukaka	314,138	123,23	137,392	11:27:21
zukaka	89,24	418,132	49,240	11:27:35
momomo	37,172	441,321	357,487	11:27:46
mizumi	140,326	205,387	129,367	11:28:03
zukaka	130,489	261,428	234,436	11:28:16
mizuma	417,58	83,50	70,210	11:28:33
mukaka	431,149	223,358	271,262	11:28:57
mikizi	108,297	423,58	127,289	11:29:08
mikizi	55,257	124,249	153,243	11:29:23
zukuma	125,272	242,376	210,465	11:29:38
kaka	321,136	32,394	176,92	11:30:29
mikizi	251,456	144,370	257,262	11:30:46
kizimi	221,455	325,48	379,179	11:31:09
zkaka	113,116	230,326	463,490	11:31:21
muzuki	206,229	268,143	237,441	11:31:43
zuma	97,81	296,30	128,413	11:32:06
muziki	308,172	179,422	410,321	11:32:56
mizu	260,364	190,411	462,136	11:33:25
muzaki	174,45	102,406	410,302	11:33:42
zikimu	380,241	428,401	144,113	11:33:52
zkaka	482,247	218,222	82,191	11:34:08
zakaka	221,169	261,26	188,378	11:34:23
kimiku	85,459	350,165	485,487	11:34:48
miziki	221,245	452,354	125,219	11:35:01
muzaki	126,336	184,441	374,73	11:35:26
muzaki	129,89	291,386	222,38	11:35:35
kuzami	337,472	392,36	393,364	11:36:10
zkaka	429,486	60,117	418,459	11:36:23
momomo	427,102	14,39	17,413	11:36:33
zumomo	330,386	164,267	297,297	11:36:46
zumomo	369,289	53,97	20,125	11:37:07
mizu	161,467	332,21	141,326	11:37:31
mikizu	17,351	81,459	215,195	11:37:55
mukaka	187,330	41,361	280,404	11:38:20
mikiku	423,399	483,224	295,214	11:38:38
midazi	251,141	196,152	166,98	11:38:49
muzami	26,317	74,347	328,205	11:39:11
duma	182,334	65,252	303,270	11:39:24
mizuki	437,480	110,467	350,380	11:39:39
zikumo	380,282	288,373	16,92	11:39:47
mizuki	96,256	222,281	398,378	11:39:59
mozaki	369,413	204,432	270,42	11:40:19
zuma	146,441	366,201	202,178	11:40:29
zikimo	460,149	167,80	125,27	11:40:41