zakaka	391,41	216,359	395,193	11:33:09	21
momomo	486,420	466,135	48,26	11:29:13	12
muzaka	77,378	218,284	101,337	11:40:26	46
duzaki	17,46	151,56	365,187	11:37:24	35
mizumi	451,398	119,210	123,346	11:27:03	3
zkaka	480,200	18,58	163,93	11:40:44	48
mizumi	115,72	67,147	76,253	11:27:55	7
miziki	23,28	369,459	24,30	11:38:57	40
zikumo	154,238	467,70	310,310	11:39:43	43
modazi	47,391	148,373	38,126	11:27:30	5
maziki	281,293	134,442	28,68	11:36:57	34
mukaka	196,412	444,339	304,208	11:32:16	20
mudazi	14,381	248,59	194,65	11:38:29	38
mizu	302,153	253,50	22,320	11:26:37	1
zakami	254,421	291,307	450,150	11:33:33	22
kimiku	76,358	489,417	96,438	11:36:19	31
mizumi	94,322	203,172	357,266	11:35:15	28
zukaka	472,215	100,255	419,377	11:38:42	39
kima	83,486	84,230	32,399	11:34:00	24
zuma	35,425	89,233	175,236	11:34:56	27
modazi	44,216	18,283	221,415	11:26:48	2
momomo	264,426	482,179	18,329	11:30:49	16
zikimo	50,230	454,95	53,165	11:40:09	45
zimomo	67,215	473,407	217,122	11:39:30	42
zakaka	428,58	228,125	188,159	11:36:40	33
miziki	27,166	224,232	336,184	11:32:01	19
miziku	436,397	257,297	167,38	11:34:16	25
zkaka	237,152	242,200	252,74	11:31:37	18
zikimo	348,115	438,274	26,142	11:40:35	47
zuma	163,62	52,204	431,228	11:27:14	4
mukaka	361,351	363,67	427,305	11:30:34	15
modazi	434,46	256,333	263,59	11:31:17	17
mukazu	328,478	105,100	94,196	11:36:29	32
zikimo	43,236	379,412	248,230	11:38:07	37
duma	347,119	193,213	98,56	11:28:21	9
zimu	437,319	434,366	263,222	11:35:30	29
zkaka	340,30	42,217	206,132	11:27:42	6
zukimi	367,14	142,80	418,272	11:28:44	10
zikiki	288,255	363,115	201,424	11:28:10	8
duma	165,353	21,269	375,230	11:29:02	11
mozimu	309,341	144,310	36,277	11:34:39	26
modazi	149,207	426,247	34,439	11:29:30	13
mizaku	426,423	260,418	118,450	11:37:43	36
miziki	89,154	125,240	275,406	11:29:51	14
mukaka	430,321	167,177	252,84	11:39:51	44
kizu	106,64	466,431	23,193	11:33:47	23
mukaka	215,192	480,472	474,272	11:35:43	30
mukaki	76,347	113,369	99,460	11:39:21	41