kimuzi	386,402	341,451	284,215	12:12:11
zuma	300,269	85,11	236,472	12:12:27
mazaka	290,88	243,349	270,201	12:12:57
zkaka	278,230	283,48	246,461	12:13:07
duma	416,184	456,465	290,383	12:13:21
duma	434,227	474,437	255,481	12:13:34
musaki	360,95	376,33	352,183	12:13:43
mimiki	320,231	461,363	318,470	12:14:06
kizami	477,105	209,270	142,445	12:14:25
kizami	240,68	138,206	43,418	12:14:37
momomo	99,467	154,82	414,399	12:14:49
kizaki	72,283	484,438	306,345	12:15:03
kizamu	130,136	86,100	488,393	12:15:13
zuma	377,33	80,386	482,202	12:15:37
kamizu	402,387	434,293	299,203	12:15:50
kaziki	83,195	114,414	155,387	12:15:58
zuma	139,445	165,213	445,391	12:16:23
masaka	195,245	468,427	103,248	12:16:38
kamazi	137,469	270,207	365,261	12:16:55
kamaki	399,276	158,343	78,447	12:17:06
zimiki	55,151	151,159	75,296	12:17:15
misaki	56,203	250,211	405,205	12:17:24
kamazi	111,109	439,89	46,51	12:17:35
zukaku	326,173	30,106	370,384	12:17:52
mikazi	356,279	170,24	131,238	12:18:01
kimizu	460,176	378,121	325,443	12:18:08
kimiki	406,371	155,166	91,70	12:18:25
zikimi	360,192	169,308	271,204	12:18:31
zukamu	349,106	366,369	202,246	12:18:49
ziziki	263,68	34,422	81,155	12:18:59
kimizu	170,51	320,58	161,155	12:19:10
kimizu	490,76	35,154	232,116	12:19:19
kimaka	214,101	297,372	399,77	12:19:27
kiziki	85,258	173,441	136,365	12:19:46
momomo	79,474	487,278	254,139	12:19:52
zkaka	232,483	197,360	198,229	12:20:02
kimazi	287,286	206,430	358,129	12:20:12
zikimu	338,420	401,331	368,217	12:20:22
duma	186,487	343,262	97,340	12:20:27
kimiki	164,166	324,161	434,87	12:20:35
kiziki	290,175	80,476	44,267	12:20:43
mizaku	215,320	63,410	260,411	12:21:03
mikiki	197,389	422,220	321,13	12:21:22
mikaka	364,480	53,194	47,203	12:21:30
zikimi	338,46	269,363	190,490	12:21:37
momomo	468,394	101,275	275,489	12:21:57
mikizi	341,350	256,24	301,382	12:22:10
mikazu	378,487	280,310	216,110	12:22:19