kiziki	391,41	216,359	395,193	12:20:32	39
momomo	486,420	466,135	48,26	12:19:49	34
miziki	77,378	218,284	101,337	12:16:30	17
kamiki	17,46	151,56	365,187	12:19:07	30
zuma	451,398	119,210	123,346	12:13:16	4
zikiki	480,200	18,58	163,93	12:21:33	44
miziki	115,72	67,147	76,253	12:16:10	16
zizki	23,28	369,459	24,30	12:12:23	1
kimazu	154,238	467,70	310,310	12:20:16	37
mikimi	47,391	148,373	38,126	12:19:16	31
zukaki	281,293	134,442	28,68	12:14:21	8
duma	196,412	444,339	304,208	12:17:10	20
zakimi	14,381	248,59	194,65	12:12:41	2
muzaka	302,153	253,50	22,320	12:17:02	19
kizaki	254,421	291,307	450,150	12:15:01	11
mizimi	76,358	489,417	96,438	12:15:34	13
musaku	94,322	203,172	357,266	12:17:20	21
zuma	472,215	100,255	419,377	12:22:04	46
kamizu	83,486	84,230	32,399	12:15:52	15
kimaku	35,425	89,233	175,236	12:18:28	27
kimaku	44,216	18,283	221,415	12:20:38	40
momomo	264,426	482,179	18,329	12:18:40	28
mikimu	50,230	454,95	53,165	12:16:47	18
zuma	67,215	473,407	217,122	12:14:43	10
zikami	428,58	228,125	188,159	12:18:04	25
duma	27,166	224,232	336,184	12:22:24	48
kimazi	436,397	257,297	167,38	12:20:09	36
mizaki	237,152	242,200	252,74	12:14:33	9
musaki	348,115	438,274	26,142	12:13:31	5
zikimu	163,62	52,204	431,228	12:18:53	29
kumaka	361,351	363,67	427,305	12:19:23	32
kazimi	434,46	256,333	263,59	12:17:48	23
kizamu	328,478	105,100	94,196	12:22:16	47
kimizu	43,236	379,412	248,230	12:20:24	38
mazaki	347,119	193,213	98,56	12:15:45	14
zkaka	437,319	434,366	263,222	12:21:26	43
muzaku	340,30	42,217	206,132	12:15:07	12
muzaka	367,14	142,80	418,272	12:13:00	3
kizami	288,255	363,115	201,424	12:19:58	35
zkaka	165,353	21,269	375,230	12:17:30	22
kimazi	309,341	144,310	36,277	12:21:08	42
zuma	149,207	426,247	34,439	12:18:11	26
mikazu	426,423	260,418	118,450	12:21:45	45
zukomo	89,154	125,240	275,406	12:13:55	7
kimiki	430,321	167,177	252,84	12:19:29	33
kimiki	106,64	466,431	23,193	12:20:46	41
zuma	215,192	480,472	474,272	12:13:37	6
misiki	76,347	113,369	99,460	12:17:56	24