zuma	192,336	387,134	33,176	08:23:45
duma	392,73	86,189	78,41	08:23:54
zkaka	363,131	403,405	370,424	08:24:02
kazimi	159,490	458,332	455,418	08:24:14
duma	38,24	346,255	315,78	08:24:26
duma	254,17	404,151	140,427	08:24:34
kimazu	316,42	489,392	220,77	08:24:51
kimuku	423,93	197,336	488,76	08:24:59
masiki	269,156	76,237	478,41	08:25:08
zuma	164,25	54,19	269,358	08:25:17
zakaka	87,33	364,480	173,14	08:25:33
momomo	416,479	45,415	380,255	08:25:42
masiki	481,313	338,188	158,335	08:25:58
sukamu	254,416	480,320	162,467	08:26:10
muski	350,315	482,394	324,261	08:26:18
zimkimi	261,401	283,135	391,446	08:26:30
mazuki	139,317	435,173	241,325	08:26:42
zuma	418,232	147,265	410,294	08:26:55
zikiminini	110,174	219,99	483,371	08:27:09
kimizimini	76,343	196,68	246,29	08:27:19
mazimi	318,17	420,111	141,320	08:27:40
zikami	67,269	146,12	432,377	08:28:00
masuki	326,360	119,463	135,38	08:28:19
kizamu	266,234	202,475	323,194	08:28:32
kimi	355,388	47,60	446,283	08:28:49
zimu	79,273	289,488	374,420	08:29:02
musaki	214,176	265,435	85,331	08:29:14
zumu	389,365	36,122	230,170	08:29:24
mazuku	306,292	158,104	224,62	08:29:33
kamini	191,464	315,242	172,194	08:29:49
kamzimi	317,138	330,346	64,96	08:29:59
musaki	58,267	262,313	212,337	08:30:08
musaki	154,110	211,179	221,430	08:30:18
kimzanu	339,37	231,486	130,445	08:30:30
makini	58,311	418,362	62,99	08:30:39
kimzanu	66,369	227,386	225,280	08:30:47
mozoko	472,272	57,243	95,258	08:30:58
maki	90,238	358,290	407,88	08:31:07
masik	229,256	115,450	252,234	08:31:16
momomo	404,299	54,331	171,106	08:31:23
mazaki	420,227	464,156	122,198	08:31:31
moami	426,103	460,472	336,65	08:31:43
maki	240,415	292,107	214,209	08:31:51
mamama	185,433	455,289	393,216	08:31:59
kaka	33,306	24,77	147,185	08:32:10
zkama	172,77	401,146	222,33	08:32:18
zakimi	334,157	125,304	139,450	08:32:29
mazuku	358,368	375,160	464,98	08:32:38