mazuki	391,41	216,359	395,193	08:25:38	11
zuma	486,420	466,135	48,26	08:32:21	46
kizimi	77,378	218,284	101,337	08:28:27	23
masiki	17,46	151,56	365,187	08:26:14	14
kazimi	451,398	119,210	123,346	08:24:42	6
kimaku	480,200	18,58	163,93	08:24:22	4
masuki	115,72	67,147	76,253	08:30:24	33
moki	23,28	369,459	24,30	08:31:10	38
masuku	154,238	467,70	310,310	08:29:11	26
kamuku	47,391	148,373	38,126	08:25:24	10
kamzimi	281,293	134,442	28,68	08:30:03	31
duma	196,412	444,339	304,208	08:24:05	3
musaka	14,381	248,59	194,65	08:29:19	27
zikami	302,153	253,50	22,320	08:26:23	15
kazanu	254,421	291,307	450,150	08:30:35	34
duma	76,358	489,417	96,438	08:29:38	29
mazuku	94,322	203,172	357,266	08:27:27	20
miki	472,215	100,255	419,377	08:31:28	40
zikamu	83,486	84,230	32,399	08:23:50	1
mazuki	35,425	89,233	175,236	08:25:48	12
mazukimi	44,216	18,283	221,415	08:28:06	22
duma	264,426	482,179	18,329	08:26:33	16
misaku	50,230	454,95	53,165	08:27:12	19
zuma	67,215	473,407	217,122	08:32:34	47
kizimi	428,58	228,125	188,159	08:25:14	9
kimzanu	27,166	224,232	336,184	08:30:44	35
zhaka	436,397	257,297	167,38	08:24:31	5
musaki	237,152	242,200	252,74	08:25:04	8
kimi	348,115	438,274	26,142	08:32:06	44
masiki	163,62	52,204	431,228	08:31:20	39
zimikimi	361,351	363,67	427,305	08:27:49	21
maki	434,46	256,333	263,59	08:30:51	36
mazuka	328,478	105,100	94,196	08:32:41	48
zkaka	43,236	379,412	248,230	08:32:12	45
momomo	347,119	193,213	98,56	08:31:55	43
zimi	437,319	434,366	263,222	08:28:53	25
mazuki	340,30	42,217	206,132	08:29:27	28
kamzimi	367,14	142,80	418,272	08:29:55	30
musaki	288,255	363,115	201,424	08:23:58	2
kamzana	165,353	21,269	375,230	08:30:14	32
mazikimini	309,341	144,310	36,277	08:27:01	18
zuma	149,207	426,247	34,439	08:26:02	13
zikamu	426,423	260,418	118,450	08:26:47	17
musaki	89,154	125,240	275,406	08:31:34	41
miki	430,321	167,177	252,84	08:31:49	42
duma	106,64	466,431	23,193	08:24:54	7
kisanu	215,192	480,472	474,272	08:31:02	37
mazumi	76,347	113,369	99,460	08:28:44	24