musaki	314,113	235,437	108,314	09:49:57
zkaka	398,356	316,192	332,420	09:50:09
momomo	377,284	266,483	230,201	09:50:23
zimikimini	249,382	290,26	407,330	09:50:56
zakaka	151,218	340,66	173,381	09:51:45
kimzani	110,169	254,46	153,79	09:52:04
musaki	249,97	72,114	148,275	09:52:36
zimi	481,142	146,11	399,103	09:52:49
musuki	135,222	205,360	169,302	09:52:56
duma	308,27	73,269	359,296	09:53:22
musiki	37,227	122,165	380,197	09:53:42
kimzani	184,77	168,489	258,489	09:54:12
zama	444,139	89,244	154,486	09:54:37
musiki	83,254	164,327	289,306	09:55:04
duma	396,47	392,458	151,49	09:55:15
kimini	243,449	66,305	228,415	09:55:39
sikamu	111,255	152,222	409,42	09:55:54
momomo	409,363	170,488	116,313	09:56:05
musaki	483,189	77,156	25,355	09:56:19
zimi	452,411	392,354	378,52	09:56:30
kimani	393,130	11,449	424,228	09:56:47
musuki	373,45	472,35	256,391	09:57:10
momomo	66,175	263,225	172,368	09:57:24
zkaka	48,164	67,114	310,81	09:57:42
zimi	458,271	481,360	134,369	09:57:54
masuki	401,36	488,402	474,422	09:58:08
musiki	139,357	456,121	381,222	09:58:30
mamama	21,436	386,273	171,68	09:58:48
zuma	151,208	221,207	311,40	09:59:01
musuki	278,279	301,269	148,425	09:59:38
zimikimimi	418,144	283,194	136,22	09:59:57
zuma	385,277	230,235	332,392	10:00:25
zakaka	126,323	44,261	323,432	10:00:47
zimikimini	353,448	164,68	317,322	10:01:08
kimzanu	359,490	388,37	489,155	10:01:42
duma	147,59	451,145	450,435	10:01:50
zami	76,98	302,42	208,193	10:02:07
kimziki	254,219	138,150	481,298	10:02:29
kimziku	207,142	15,417	339,316	10:03:11
zimu	36,417	288,308	121,414	10:03:21
zimu	319,15	200,59	240,42	10:03:45
kumizu	447,127	104,258	385,241	10:04:03
zakamu	192,42	289,153	176,248	10:04:19
mamama	97,242	336,389	273,54	10:04:32
mama	91,37	262,219	176,252	10:04:41
kusaki	27,372	384,31	299,232	10:05:03
misaku	337,256	348,430	23,243	10:05:30
zimikiminini	440,355	355,473	125,188	10:05:47