zakaka	391,41	216,359	395,193	09:57:46	24
musaki	486,420	466,135	48,26	10:03:17	39
musiki	77,378	218,284	101,337	09:51:16	4
zuma	17,46	151,56	365,187	10:04:36	44
kimziki	451,398	119,210	123,346	10:04:56	45
zkaka	480,200	18,58	163,93	10:01:56	36
zkaka	115,72	67,147	76,253	09:59:49	30
lol	23,28	369,459	24,30	10:00:58	33
musaki	154,238	467,70	310,310	10:05:08	46
zimu	47,391	148,373	38,126	10:00:10	31
mamama	281,293	134,442	28,68	09:53:25	10
momomo	196,412	444,339	304,208	09:52:09	6
musuki	14,381	248,59	194,65	09:58:03	25
kimani	302,153	253,50	22,320	10:01:17	34
masuki	254,421	291,307	450,150	09:55:49	16
zikimm	76,358	489,417	96,438	10:02:20	37
zimikimini	94,322	203,172	357,266	09:54:19	12
musak	472,215	100,255	419,377	09:56:24	19
zikimu	83,486	84,230	32,399	10:04:29	43
zkaka	35,425	89,233	175,236	09:52:40	7
momomo	44,216	18,283	221,415	10:01:47	35
momomo	264,426	482,179	18,329	10:04:09	42
kimani	50,230	454,95	53,165	09:50:19	2
kimasu	67,215	473,407	217,122	09:58:16	26
zimikimimi	428,58	228,125	188,159	09:56:14	18
zikami	27,166	224,232	336,184	09:53:20	9
momo	436,397	257,297	167,38	09:57:02	21
zimi	237,152	242,200	252,74	09:58:56	28
misuki	348,115	438,274	26,142	09:56:38	20
duma	163,62	52,204	431,228	09:52:51	8
maki	361,351	363,67	427,305	09:53:55	11
duma	434,46	256,333	263,59	10:03:25	40
kisami	328,478	105,100	94,196	09:59:13	29
musuki	43,236	379,412	248,230	09:57:30	23
kimzaki	347,119	193,213	98,56	09:57:19	22
zimi	437,319	434,366	263,222	09:50:44	3
kisumu	340,30	42,217	206,132	09:54:58	13
duma	367,14	142,80	418,272	09:50:01	1
kumziki	288,255	363,115	201,424	10:03:55	41
mamama	165,353	21,269	375,230	09:56:02	17
muzki	309,341	144,310	36,277	10:05:59	48
mamama	149,207	426,247	34,439	09:55:09	14
kimzaki	426,423	260,418	118,450	09:55:27	15
zkaka	89,154	125,240	275,406	10:00:40	32
kizuki	430,321	167,177	252,84	09:58:43	27
duma	106,64	466,431	23,193	09:51:53	5
zima	215,192	480,472	474,272	10:05:35	47
musaki	76,347	113,369	99,460	10:02:42	38