zuma	475,404	207,244	213,425	09:04:54
momomo	379,389	80,99	371,264	09:05:08
zuma	51,349	263,192	402,325	09:05:22
kzami	349,312	101,62	154,61	09:05:40
zimikimimi	320,219	470,427	264,336	09:05:58
duma	473,248	250,190	482,452	09:06:13
zuma	125,370	350,194	459,231	09:06:27
duma	447,20	90,220	201,481	09:06:37
duma	55,59	302,145	110,446	09:06:53
kumusiki	196,420	174,175	356,427	09:07:11
momomo	21,339	185,260	38,177	09:07:27
mama	221,153	56,81	336,24	09:07:44
kzuki	302,293	33,381	22,223	09:08:04
zimi	371,67	272,183	202,372	09:08:14
musuki	138,387	301,302	71,167	09:08:27
zimi	239,82	15,414	331,43	09:08:45
zimikiminini	100,62	185,145	132,31	09:08:53
momommo	159,423	313,181	314,325	09:09:05
kimikiminini	394,194	382,176	366,93	09:09:13
momomo	57,14	469,348	305,50	09:09:24
musiku	25,54	121,29	457,441	09:09:51
mama	41,136	243,349	222,379	09:10:03
zimi	61,81	460,335	356,359	09:10:19
mama	444,459	78,365	200,123	09:10:36
zimikimini	233,84	480,96	397,404	09:10:51
zimikiminini	289,294	229,472	259,20	09:11:05
zimikimini	433,290	146,186	148,357	09:11:23
zimikiminini	74,199	427,43	43,293	09:11:45
zimiki	391,476	262,459	351,451	09:11:57
zimikimini	91,93	45,80	179,432	09:12:09
zmaki	473,457	235,212	439,484	09:12:19
zimiki	221,381	283,356	76,421	09:12:30
zimiki	223,139	129,160	171,162	09:12:46
momommo	442,72	148,213	40,488	09:13:00
musiki	174,121	91,209	190,260	09:13:19
zwacki	150,173	226,374	374,174	09:13:34
momommo	368,105	65,160	451,130	09:13:57
zukimo	91,183	258,209	332,419	09:14:12
zukimu	361,284	480,18	487,30	09:14:33
musiku	16,170	140,97	368,320	09:14:44
kimisimu	346,27	482,82	391,366	09:14:58
kimzinu	246,268	460,300	418,420	09:15:10
zimikimu	419,18	113,187	217,434	09:15:39
musiku	61,66	12,236	201,134	09:15:59
zimikimu	116,87	227,106	95,223	09:16:13
musiki	125,101	383,254	188,261	09:16:26
zimikimu	83,43	277,75	115,178	09:16:41
musiki	430,350	435,400	159,362	09:16:48