zimikimu	391,41	216,359	395,193	09:16:03	44
duma	486,420	466,135	48,26	09:05:28	3
zimikimini	77,378	218,284	101,337	09:12:01	29
zwaki	17,46	151,56	365,187	09:12:56	33
musiki	451,398	119,210	123,346	09:11:37	27
zimi	480,200	18,58	163,93	09:05:51	4
musiki	115,72	67,147	76,253	09:09:34	20
zimi	23,28	369,459	24,30	09:07:21	10
zuma	154,238	467,70	310,310	09:07:32	11
momomo	47,391	148,373	38,126	09:08:58	17
duma	281,293	134,442	28,68	09:09:08	18
duma	196,412	444,339	304,208	09:16:51	48
zuma	14,381	248,59	194,65	09:15:16	42
zimiki	302,153	253,50	22,320	09:10:07	22
zimikiminini	254,421	291,307	450,150	09:06:10	5
zimiki	76,358	489,417	96,438	09:11:09	26
zuma	94,322	203,172	357,266	09:13:24	35
momomo	472,215	100,255	419,377	09:10:59	25
zukimi	83,486	84,230	32,399	09:14:50	40
mama	35,425	89,233	175,236	09:08:21	14
zuma	44,216	18,283	221,415	09:08:39	15
duma	264,426	482,179	18,329	09:14:37	39
zmaki	50,230	454,95	53,165	09:12:24	31
zuma	67,215	473,407	217,122	09:15:43	43
zimuku	428,58	228,125	188,159	09:14:06	37
zimikimini	27,166	224,232	336,184	09:08:12	13
zwack	436,397	257,297	167,38	09:14:19	38
zimikiminini	237,152	242,200	252,74	09:09:56	21
momommo	348,115	438,274	26,142	09:10:24	23
duma	163,62	52,204	431,228	09:15:01	41
zimi	361,351	363,67	427,305	09:12:12	30
zuma	434,46	256,333	263,59	09:13:43	36
mama	328,478	105,100	94,196	09:06:31	7
zwaki	43,236	379,412	248,230	09:12:37	32
mama	347,119	193,213	98,56	09:07:00	9
zimikimini	437,319	434,366	263,222	09:06:46	8
zimi	340,30	42,217	206,132	09:05:01	1
musuki	367,14	142,80	418,272	09:07:54	12
momommo	288,255	363,115	201,424	09:06:22	6
zimiki	165,353	21,269	375,230	09:10:41	24
zuma	309,341	144,310	36,277	09:16:20	45
momomma	149,207	426,247	34,439	09:11:50	28
zimikimini	426,423	260,418	118,450	09:08:48	16
zimi	89,154	125,240	275,406	09:09:18	19
kimizu	430,321	167,177	252,84	09:13:08	34
zuma	106,64	466,431	23,193	09:05:13	2
duma	215,192	480,472	474,272	09:16:44	47
zwacki	76,347	113,369	99,460	09:16:33	46