didizo	326,165	32,257	452,28
fuzafa	104,31	69,428	430,223
kukoka	354,159	169,165	245,305
komopuza	335,232	96,148	429,77
kudofu	281,65	376,178	343,308
popopi	167,365	283,171	84,290
pidazaku	238,383	436,108	285,401
fokomi	70,304	207,363	125,89
zudo	140,110	260,235	347,178
faka	212,348	124,326	342,49
difo	55,427	145,47	248,46
pudadu	43,294	202,288	481,214
fukimi	179,17	185,224	423,64
mapu	324,400	245,61	61,479
dipo	427,135	401,469	254,38
difi	123,343	184,11	82,356
dukokopo	66,35	458,167	11,431
podimadi	386,59	281,222	321,348
mukupa	330,155	83,276	359,323
fafumi	447,434	335,321	246,451
kamodifu	325,483	58,305	221,241
faki	398,468	439,30	255,381
mofufu	319,83	409,31	312,160
mamudafu	349,184	317,311	167,439
puzafu	205,204	96,369	133,22
famumopa	255,347	402,353	147,277
pufa	337,209	311,459	65,247
kapifi	406,299	278,293	32,147
kodudu	30,147	158,486	191,165
duzi	375,308	298,354	354,408
dukodapa	487,201	265,94	23,69
fumu	421,232	393,180	331,423
kapufapi	44,290	261,184	175,449
pako	239,170	419,135	283,447
kumumamo	246,55	446,375	413,417
zika	193,132	72,350	62,15
pomapo	486,94	70,227	235,419
fuzo	150,407	461,436	490,122
fuzomi	164,102	380,474	329,72
kopa	260,375	34,311	102,399
zuzokomi	96,85	320,63	149,167
pudimu	397,83	131,406	350,360
kimokodu	383,61	58,143	78,313
pofimu	190,43	17,436	300,427
fakokida	177,216	63,398	232,53
kozi	87,120	23,182	120,364
mudopo	221,463	237,120	386,422
fuzopi	321,191	158,34	378,347
pokomu	210,408	96,288	478,59
zakupa	245,406	75,408	371,28