mimozi	320,431	367,175	273,37
pokidu	390,305	289,192	125,206
pufa	109,468	86,298	344,236
dipizado	276,235	261,463	444,89
mozaduko	320,53	69,166	59,18
mofiku	235,316	105,342	452,423
dofapidu	90,341	311,334	291,140
fami	78,296	323,416	52,220
zipami	441,381	201,213	188,266
zimo	14,215	488,29	313,246
fikada	225,155	230,472	109,355
kifa	64,105	12,373	335,209
zupa	122,311	199,39	439,264
moki	79,21	121,248	200,58
modozudo	40,452	47,309	461,438
kuku	108,361	180,265	356,440
foma	90,389	33,100	424,175
dozi	11,417	276,397	255,44
kudi	390,350	421,310	281,352
zado	472,316	420,200	92,214
pakadu	464,420	197,265	169,415
dimakimu	405,458	251,468	288,228
kozoma	52,312	367,403	262,70
kimafapo	182,136	453,94	240,409
muzoki	384,453	465,16	280,414
piko	451,346	489,193	119,297
kika	138,265	240,230	207,173
zopofi	337,382	442,356	417,192
duziko	132,328	258,342	192,387
pozapozo	119,444	194,103	283,340
fazokadu	292,38	68,150	188,392
kapumupu	110,98	415,147	227,422
kapipi	73,81	474,31	467,315
pozudima	238,114	127,29	434,395
fapizoko	73,244	154,407	129,290
zikiduzo	217,428	262,282	404,44
zumoka	251,302	294,196	150,442
pizidopo	83,303	390,479	211,304
fuma	39,182	22,315	346,337
dozu	210,441	33,435	405,338
papi	372,38	95,480	321,289
kodafuzu	482,315	428,78	116,224
dudida	290,201	203,262	173,48
kakiduda	363,367	310,437	485,35
dizofa	250,342	361,331	384,466
kokiko	144,118	247,317	410,83
faki	31,305	21,330	159,35
zozi	49,345	46,19	146,179
zakozizu	351,483	100,218	106,345
kumimupu	186,374	466,243	235,120