mozozozu	212,269	391,431	458,92
tafuti	446,201	264,391	149,359
dotodapu	53,110	74,372	206,298
totudi	141,70	389,224	186,299
zidu	225,302	138,194	429,187
zozuzopa	417,150	447,317	90,414
gutu	399,46	125,172	427,265
zada	40,471	365,105	352,393
sazi	484,141	291,218	318,100
zomapu	433,129	229,137	68,407
fugifu	63,208	363,370	288,279
zipudo	324,402	441,260	177,472
muditi	240,52	86,102	123,470
faga	95,255	271,304	83,361
dufa	246,203	100,373	261,16
tumafa	426,459	369,306	256,165
goso	94,90	77,44	340,245
pofuposu	26,90	287,102	182,401
sipi	81,268	165,342	81,213
sizi	318,431	304,200	202,311
togi	136,170	190,432	417,346
mogi	35,16	413,70	347,168
gupupa	86,427	445,178	119,250
zosimo	378,30	102,450	259,306
dogomu	277,200	119,467	392,420
tomipu	217,308	72,246	466,52
fufuguma	176,90	405,471	250,327
gusopa	107,263	56,375	419,473
zososizi	198,234	67,422	308,219
zopi	242,438	119,29	116,259
zoso	406,323	76,468	79,52
todugo	29,245	132,425	226,372
dizuzipa	261,324	144,308	209,73
sudusisu	291,398	297,348	330,186
mifato	100,168	435,16	482,474
zozudidi	70,62	13,306	184,428
pizi	41,66	199,356	201,16
mosu	75,264	297,463	70,155
papi	302,175	222,373	227,464
foti	386,342	471,377	353,454
daga	437,406	457,252	100,395
dimadipa	284,156	103,150	348,215
duzuda	121,397	188,182	62,480
tiga	348,274	363,85	182,337
gamizizo	461,34	317,347	377,281
simisipo	294,293	248,56	383,152
mogozosa	330,49	245,471	387,344
puda	195,18	251,373	190,303
mumu	363,48	87,236	123,82
sapa	94,284	390,431	171,180