fomuzafi	250,78	274,81	325,318
dukumi	186,96	17,457	384,372
dipomupi	62,474	219,402	210,248
podizifi	365,196	245,403	159,367
fidado	255,377	126,305	335,91
madazopo	469,366	470,470	295,325
pupo	47,54	222,28	363,292
dipi	187,329	206,23	302,447
fumofimo	66,439	94,446	264,160
popikuda	418,456	393,74	353,12
kudo	176,229	345,418	130,110
fudi	219,329	237,408	231,32
muzupu	140,11	47,452	156,262
zapu	254,482	362,443	394,76
mupodozo	203,353	335,66	471,479
kudaku	60,151	221,184	131,418
dufi	223,152	441,128	103,97
fupikizo	343,350	44,149	431,131
kokodo	44,175	199,73	458,261
mudazomo	116,455	92,55	268,82
koko	289,77	110,345	25,145
kuki	59,474	122,154	119,371
mupizupa	304,367	26,269	331,487
papomamo	327,318	238,325	43,157
dumada	37,362	440,309	118,273
zukado	160,226	319,456	430,283
zakiduki	283,26	15,312	328,475
kifazozo	216,162	28,160	140,443
mamimifu	485,91	318,425	370,95
fifakufu	422,144	129,409	250,81
mufa	224,384	136,73	105,362
pipuduzi	22,207	459,451	371,248
dukuza	308,349	339,478	303,412
faza	47,325	107,285	365,192
kazizuzo	84,350	430,323	159,434
mopapi	53,482	158,158	278,78
zudi	119,325	61,96	170,341
zizomupu	341,244	484,382	214,487
komu	316,359	136,186	85,202
pomupomi	31,284	232,30	353,28
dozi	191,344	306,461	227,146
mifizofi	356,45	478,309	25,399
pofoza	132,348	232,23	62,280
fifuzoko	282,73	385,277	337,428
zazaka	94,75	67,81	90,444
fupokapo	417,363	412,288	444,225
fido	381,31	139,420	34,177
kudizuzu	461,393	282,306	205,485
fida	359,136	340,311	334,57
famo	365,239	261,228	422,428