mamizo	200,163	337,302	451,349
fidofifi	422,278	179,309	425,477
mimufifu	370,366	293,57	86,21
dopo	352,139	286,55	193,101
dafaku	273,155	322,267	42,448
fofipiko	381,394	245,112	480,417
zipa	246,73	210,375	305,176
didi	187,220	448,467	258,277
pizupu	117,63	205,353	218,354
modakudi	113,319	182,14	474,137
fido	406,452	233,189	350,476
pufoki	293,169	458,252	307,259
zika	419,407	33,16	173,22
kikumu	246,59	309,208	135,238
kupu	316,416	12,434	448,434
daki	411,205	59,451	65,267
dokuzu	107,221	341,385	364,42
dupa	29,15	450,277	431,31
kuka	323,459	173,318	288,440
mido	275,237	252,32	426,404
pumopi	215,265	45,191	462,326
zifi	322,87	62,185	468,329
kififuzo	327,416	352,371	58,422
dadika	125,165	423,114	361,420
duduzami	112,131	473,163	71,386
popi	229,304	370,67	393,285
mimukufo	60,464	316,284	59,365
zizi	421,254	47,202	253,124
moduda	408,454	188,236	290,269
zomi	14,337	191,448	167,404
dizodopu	348,316	187,428	363,72
kapu	425,469	360,460	477,153
pafokuzu	15,339	182,459	29,198
mupaki	421,112	468,60	165,295
mukupopa	138,442	208,128	435,363
zodakiko	474,401	427,59	97,30
fodi	177,230	140,287	130,65
podikufi	448,151	125,109	227,68
paduzopa	455,289	72,403	147,463
kupapi	265,335	36,219	281,15
zukokodo	223,63	109,189	244,53
pofipama	325,395	141,356	149,130
mafa	252,329	399,483	353,248
kakuzika	139,323	353,375	20,353
duzo	251,70	18,245	381,198
fodumipa	100,257	356,40	267,130
kifizuku	149,44	379,104	330,463
pukokupu	49,489	359,230	260,157
mumopi	323,192	166,398	27,169
dipi	23,330	313,477	94,89