duko	40,355	70,122	308,221
pokimozo	286,407	486,180	462,313
kaza	41,128	343,399	455,250
fipafo	441,85	64,344	425,444
zidadipa	106,410	481,292	329,272
fofa	158,483	225,268	37,237
fapuzu	439,286	81,307	271,242
mupa	81,150	417,292	361,53
kudami	230,431	42,446	435,177
kamuda	362,131	83,449	485,232
zimimaka	164,420	257,423	187,150
kuka	434,69	257,466	203,164
kapado	180,280	276,120	155,418
mumafu	128,207	49,127	187,15
fizidi	271,335	140,169	79,163
zozopu	367,92	195,12	348,229
zipamu	240,134	208,406	25,62
zukopo	88,406	173,373	126,311
mukapoza	338,339	275,292	99,372
zizu	296,165	18,378	44,102
zuma	67,229	122,315	116,150
kikififa	391,120	310,249	289,69
pipufafu	452,25	303,177	449,141
fidapa	395,408	469,216	427,409
zakudi	152,144	262,73	431,209
dupa	432,249	29,194	150,154
dumimofa	46,224	262,119	159,376
fidupodu	135,210	272,319	49,379
dima	282,285	90,389	335,425
kufizi	271,426	179,309	166,177
kofazo	181,412	177,462	415,164
kodafama	326,247	450,375	416,56
domo	429,314	21,392	314,82
difodo	275,229	134,27	486,12
koku	309,20	118,36	158,353
koka	86,232	457,127	190,51
muzupizi	38,333	388,146	189,169
poko	320,68	277,233	260,184
modo	27,133	150,29	58,346
mofu	383,26	230,38	437,100
difozo	38,19	117,489	203,435
dadu	380,413	321,176	61,320
zumuda	395,159	162,433	244,88
pika	95,344	406,485	175,202
momadu	107,368	462,64	430,407
fapifuzu	248,108	328,180	109,177
zapazo	427,47	91,217	457,165
zuko	26,211	453,186	450,95
dazima	68,359	131,219	417,268
fupa	12,204	174,181	13,368